# Format <LP ID> <Group ID> <Router ID> <Link traffic per router port(s)># Router ports in the order: 10 local channels, 5 global channels
 10 0 0 0 84708304 15448520 22948376 6887648 7257552 13807420 6812448 5718592 10396432 2586536 2605672 2578592 2628296 2572280
 21 0 1 79110272 0 60717808 5067336 26395528 8791792 29757264 18278188 9958312 34639488 80817224 30256 36176 32304 38832
 32 0 2 14479272 64239480 0 26209128 11364112 20156200 2208912 2092896 29152428 6747392 2554792 2612264 2563784 2550784 2560672
 43 0 3 19875096 4632960 31968696 0 63508952 19820968 2112008 1341040 10572480 6627996 2511552 2517392 2561744 2570944 2575240
 54 0 4 6966056 26483516 11586552 61454728 0 46163680 12734920 3387536 2658216 26350760 2585216 2605120 2539872 2630872 2614080
 65 0 5 4400880 8557268 20083432 19785984 37390432 0 41129976 2609360 3987088 8520368 2581696 2555200 2612416 2582328 2545312
 76 0 6 13176928 27651024 2101032 2315216 12525728 48406656 0 64795736 11855656 16395336 2613200 2603184 2643520 2572752 2577744
 87 0 7 4131720 17986120 2069472 1357112 3394520 2633624 50353384 0 21434136 27280344 2550024 2572016 2529008 2550784 2568912
 98 0 8 4633280 9461088 29268272 10482392 2652648 4054440 11832640 21405720 0 62798584 2544216 2561464 2580920 2563000 2547392
 109 0 9 7834528 35289696 5419120 5288576 25472856 7192936 15310584 26500256 64770192 0 2703496 2694048 2689176 2615744 2629008
 120 1 0 0 78528148 29251192 7042728 7117728 7096640 7049864 7081672 7056104 7073176 65792848 1497784 1545744 1490048 1502520
 131 1 1 63886008 0 64993656 5200928 5271776 5233952 5263776 5316664 5273120 5241728 2774416 2758952 2798856 2794936 2819472
 142 1 2 24398584 68379896 0 1448424 1447152 1442360 1456832 1462032 1424264 1429976 2716568 2739808 2756112 2750248 2731408
 153 1 3 6095072 4898392 1748360 0 0 0 0 0 0 0 2706752 2747680 2735632 2727640 2773856
 164 1 4 6313432 4890584 1773880 0 0 0 0 0 0 0 2737536 2777032 2774056 2770168 2777344
 175 1 5 6125544 5002328 1748968 0 0 0 0 0 0 0 2744792 2725520 2785504 2764120 2753488
 186 1 6 6152712 5066808 1797064 0 0 0 0 0 0 0 2756336 2695008 2754416 2799752 2770192
 197 1 7 6284376 4778920 1715608 0 0 0 0 0 0 0 2796776 2793136 2755904 2754160 2766336
 208 1 8 6135336 4897544 1769672 0 0 0 0 0 0 0 2751944 2750600 2762080 2737808 2755928
 219 1 9 6534952 4940488 1862016 0 0 0 0 0 0 0 2747384 2771600 2734000 2771944 2726928
 230 2 0 0 2555032 0 0 0 0 0 0 0 0 2716680 0 0 0 0
 241 2 1 2717080 0 0 0 0 0 0 0 0 0 2554408 0 0 0 0
 252 2 2 0 0 0 0 0 0 0 0 0 0 0 0 0 0 0
 263 2 3 0 0 0 0 0 0 0 0 0 0 0 0 0 0 0
 274 2 4 0 0 0 0 0 0 0 0 0 0 0 0 0 0 0
 285 2 5 0 0 0 0 0 0 0 0 0 0 0 0 0 0 0
 296 2 6 0 0 0 0 0 0 0 0 0 0 0 0 0 0 0
 307 2 7 0 0 0 0 0 0 0 0 0 0 0 0 0 0 0
 318 2 8 0 0 0 0 0 0 0 0 0 0 0 0 0 0 0
 329 2 9 0 0 0 0 0 0 0 0 0 0 0 0 0 0 0
 340 3 0 0 2513128 0 0 0 0 0 0 0 0 2706944 0 0 0 0
 351 3 1 2707440 0 0 0 0 0 0 0 0 0 2513336 0 0 0 0
 362 3 2 0 0 0 0 0 0 0 0 0 0 0 0 0 0 0
 373 3 3 0 0 0 0 0 0 0 0 0 0 0 0 0 0 0
 384 3 4 0 0 0 0 0 0 0 0 0 0 0 0 0 0 0
 395 3 5 0 0 0 0 0 0 0 0 0 0 0 0 0 0 0
 406 3 6 0 0 0 0 0 0 0 0 0 0 0 0 0 0 0
 417 3 7 0 0 0 0 0 0 0 0 0 0 0 0 0 0 0
 428 3 8 0 0 0 0 0 0 0 0 0 0 0 0 0 0 0
 439 3 9 0 0 0 0 0 0 0 0 0 0 0 0 0 0 0
 450 4 0 0 2589224 0 0 0 0 0 0 0 0 2738680 0 0 0 0
 461 4 1 2739176 0 0 0 0 0 0 0 0 0 2589432 0 0 0 0
 472 4 2 0 0 0 0 0 0 0 0 0 0 0 0 0 0 0
 483 4 3 0 0 0 0 0 0 0 0 0 0 0 0 0 0 0
 494 4 4 0 0 0 0 0 0 0 0 0 0 0 0 0 0 0
 505 4 5 0 0 0 0 0 0 0 0 0 0 0 0 0 0 0
 516 4 6 0 0 0 0 0 0 0 0 0 0 0 0 0 0 0
 527 4 7 0 0 0 0 0 0 0 0 0 0 0 0 0 0 0
 538 4 8 0 0 0 0 0 0 0 0 0 0 0 0 0 0 0
 549 4 9 0 0 0 0 0 0 0 0 0 0 0 0 0 0 0
 560 5 0 0 2584048 0 0 0 0 0 0 0 0 2745664 0 0 0 0
 571 5 1 2745664 0 0 0 0 0 0 0 0 0 2584048 0 0 0 0
 582 5 2 0 0 0 0 0 0 0 0 0 0 0 0 0 0 0
 593 5 3 0 0 0 0 0 0 0 0 0 0 0 0 0 0 0
 604 5 4 0 0 0 0 0 0 0 0 0 0 0 0 0 0 0
 615 5 5 0 0 0 0 0 0 0 0 0 0 0 0 0 0 0
 626 5 6 0 0 0 0 0 0 0 0 0 0 0 0 0 0 0
 637 5 7 0 0 0 0 0 0 0 0 0 0 0 0 0 0 0
 648 5 8 0 0 0 0 0 0 0 0 0 0 0 0 0 0 0
 659 5 9 0 0 0 0 0 0 0 0 0 0 0 0 0 0 0
 670 6 0 0 2613704 0 0 0 0 0 0 0 0 2756200 0 0 0 0
 681 6 1 2756448 0 0 0 0 0 0 0 0 0 2613704 0 0 0 0
 692 6 2 0 0 0 0 0 0 0 0 0 0 0 0 0 0 0
 703 6 3 0 0 0 0 0 0 0 0 0 0 0 0 0 0 0
 714 6 4 0 0 0 0 0 0 0 0 0 0 0 0 0 0 0
 725 6 5 0 0 0 0 0 0 0 0 0 0 0 0 0 0 0
 736 6 6 0 0 0 0 0 0 0 0 0 0 0 0 0 0 0
 747 6 7 0 0 0 0 0 0 0 0 0 0 0 0 0 0 0
 758 6 8 0 0 0 0 0 0 0 0 0 0 0 0 0 0 0
 769 6 9 0 0 0 0 0 0 0 0 0 0 0 0 0 0 0
 780 7 0 0 2551552 0 0 0 0 0 0 0 0 2797080 0 0 0 0
 791 7 1 2797080 0 0 0 0 0 0 0 0 0 2551304 0 0 0 0
 802 7 2 0 0 0 0 0 0 0 0 0 0 0 0 0 0 0
 813 7 3 0 0 0 0 0 0 0 0 0 0 0 0 0 0 0
 824 7 4 0 0 0 0 0 0 0 0 0 0 0 0 0 0 0
 835 7 5 0 0 0 0 0 0 0 0 0 0 0 0 0 0 0
 846 7 6 0 0 0 0 0 0 0 0 0 0 0 0 0 0 0
 857 7 7 0 0 0 0 0 0 0 0 0 0 0 0 0 0 0
 868 7 8 0 0 0 0 0 0 0 0 0 0 0 0 0 0 0
 879 7 9 0 0 0 0 0 0 0 0 0 0 0 0 0 0 0
 890 8 0 0 2545576 0 0 0 0 0 0 0 0 2752112 0 0 0 0
 901 8 1 2752112 0 0 0 0 0 0 0 0 0 2545760 0 0 0 0
 912 8 2 0 0 0 0 0 0 0 0 0 0 0 0 0 0 0
 923 8 3 0 0 0 0 0 0 0 0 0 0 0 0 0 0 0
 934 8 4 0 0 0 0 0 0 0 0 0 0 0 0 0 0 0
 945 8 5 0 0 0 0 0 0 0 0 0 0 0 0 0 0 0
 956 8 6 0 0 0 0 0 0 0 0 0 0 0 0 0 0 0
 967 8 7 0 0 0 0 0 0 0 0 0 0 0 0 0 0 0
 978 8 8 0 0 0 0 0 0 0 0 0 0 0 0 0 0 0
 989 8 9 0 0 0 0 0 0 0 0 0 0 0 0 0 0 0
 1000 9 0 0 2705032 0 0 0 0 0 0 0 0 2747440 0 0 0 0
 1011 9 1 2747440 0 0 0 0 0 0 0 0 0 2705032 0 0 0 0
 1022 9 2 0 0 0 0 0 0 0 0 0 0 0 0 0 0 0
 1033 9 3 0 0 0 0 0 0 0 0 0 0 0 0 0 0 0
 1044 9 4 0 0 0 0 0 0 0 0 0 0 0 0 0 0 0
 1055 9 5 0 0 0 0 0 0 0 0 0 0 0 0 0 0 0
 1066 9 6 0 0 0 0 0 0 0 0 0 0 0 0 0 0 0
 1077 9 7 0 0 0 0 0 0 0 0 0 0 0 0 0 0 0
 1088 9 8 0 0 0 0 0 0 0 0 0 0 0 0 0 0 0
 1099 9 9 0 0 0 0 0 0 0 0 0 0 0 0 0 0 0
 1110 10 0 0 2607232 0 0 0 0 0 0 0 0 1498032 0 0 0 0
 1121 10 1 1498032 0 0 0 0 0 0 0 0 0 2607304 0 0 0 0
 1132 10 2 0 0 0 0 0 0 0 0 0 0 0 0 0 0 0
 1143 10 3 0 0 0 0 0 0 0 0 0 0 0 0 0 0 0
 1154 10 4 0 0 0 0 0 0 0 0 0 0 0 0 0 0 0
 1165 10 5 0 0 0 0 0 0 0 0 0 0 0 0 0 0 0
 1176 10 6 0 0 0 0 0 0 0 0 0 0 0 0 0 0 0
 1187 10 7 0 0 0 0 0 0 0 0 0 0 0 0 0 0 0
 1198 10 8 0 0 0 0 0 0 0 0 0 0 0 0 0 0 0
 1209 10 9 0 0 0 0 0 0 0 0 0 0 0 0 0 0 0
 1220 11 0 0 30256 0 0 0 0 0 0 0 0 2759920 0 0 0 0
 1231 11 1 2759920 0 0 0 0 0 0 0 0 0 30256 0 0 0 0
 1242 11 2 0 0 0 0 0 0 0 0 0 0 0 0 0 0 0
 1253 11 3 0 0 0 0 0 0 0 0 0 0 0 0 0 0 0
 1264 11 4 0 0 0 0 0 0 0 0 0 0 0 0 0 0 0
 1275 11 5 0 0 0 0 0 0 0 0 0 0 0 0 0 0 0
 1286 11 6 0 0 0 0 0 0 0 0 0 0 0 0 0 0 0
 1297 11 7 0 0 0 0 0 0 0 0 0 0 0 0 0 0 0
 1308 11 8 0 0 0 0 0 0 0 0 0 0 0 0 0 0 0
 1319 11 9 0 0 0 0 0 0 0 0 0 0 0 0 0 0 0
 1330 12 0 0 2614096 0 0 0 0 0 0 0 0 2741072 0 0 0 0
 1341 12 1 2740944 0 0 0 0 0 0 0 0 0 2614152 0 0 0 0
 1352 12 2 0 0 0 0 0 0 0 0 0 0 0 0 0 0 0
 1363 12 3 0 0 0 0 0 0 0 0 0 0 0 0 0 0 0
 1374 12 4 0 0 0 0 0 0 0 0 0 0 0 0 0 0 0
 1385 12 5 0 0 0 0 0 0 0 0 0 0 0 0 0 0 0
 1396 12 6 0 0 0 0 0 0 0 0 0 0 0 0 0 0 0
 1407 12 7 0 0 0 0 0 0 0 0 0 0 0 0 0 0 0
 1418 12 8 0 0 0 0 0 0 0 0 0 0 0 0 0 0 0
 1429 12 9 0 0 0 0 0 0 0 0 0 0 0 0 0 0 0
 1440 13 0 0 2519936 0 0 0 0 0 0 0 0 2748480 0 0 0 0
 1451 13 1 2748608 0 0 0 0 0 0 0 0 0 2519952 0 0 0 0
 1462 13 2 0 0 0 0 0 0 0 0 0 0 0 0 0 0 0
 1473 13 3 0 0 0 0 0 0 0 0 0 0 0 0 0 0 0
 1484 13 4 0 0 0 0 0 0 0 0 0 0 0 0 0 0 0
 1495 13 5 0 0 0 0 0 0 0 0 0 0 0 0 0 0 0
 1506 13 6 0 0 0 0 0 0 0 0 0 0 0 0 0 0 0
 1517 13 7 0 0 0 0 0 0 0 0 0 0 0 0 0 0 0
 1528 13 8 0 0 0 0 0 0 0 0 0 0 0 0 0 0 0
 1539 13 9 0 0 0 0 0 0 0 0 0 0 0 0 0 0 0
 1550 14 0 0 2606264 0 0 0 0 0 0 0 0 2778176 0 0 0 0
 1561 14 1 2778176 0 0 0 0 0 0 0 0 0 2606264 0 0 0 0
 1572 14 2 0 0 0 0 0 0 0 0 0 0 0 0 0 0 0
 1583 14 3 0 0 0 0 0 0 0 0 0 0 0 0 0 0 0
 1594 14 4 0 0 0 0 0 0 0 0 0 0 0 0 0 0 0
 1605 14 5 0 0 0 0 0 0 0 0 0 0 0 0 0 0 0
 1616 14 6 0 0 0 0 0 0 0 0 0 0 0 0 0 0 0
 1627 14 7 0 0 0 0 0 0 0 0 0 0 0 0 0 0 0
 1638 14 8 0 0 0 0 0 0 0 0 0 0 0 0 0 0 0
 1649 14 9 0 0 0 0 0 0 0 0 0 0 0 0 0 0 0
 1660 15 0 0 2555704 0 0 0 0 0 0 0 0 2727064 0 0 0 0
 1671 15 1 2726760 0 0 0 0 0 0 0 0 0 2556096 0 0 0 0
 1682 15 2 0 0 0 0 0 0 0 0 0 0 0 0 0 0 0
 1693 15 3 0 0 0 0 0 0 0 0 0 0 0 0 0 0 0
 1704 15 4 0 0 0 0 0 0 0 0 0 0 0 0 0 0 0
 1715 15 5 0 0 0 0 0 0 0 0 0 0 0 0 0 0 0
 1726 15 6 0 0 0 0 0 0 0 0 0 0 0 0 0 0 0
 1737 15 7 0 0 0 0 0 0 0 0 0 0 0 0 0 0 0
 1748 15 8 0 0 0 0 0 0 0 0 0 0 0 0 0 0 0
 1759 15 9 0 0 0 0 0 0 0 0 0 0 0 0 0 0 0
 1770 16 0 0 2603200 0 0 0 0 0 0 0 0 2695048 0 0 0 0
 1781 16 1 2695048 0 0 0 0 0 0 0 0 0 2603200 0 0 0 0
 1792 16 2 0 0 0 0 0 0 0 0 0 0 0 0 0 0 0
 1803 16 3 0 0 0 0 0 0 0 0 0 0 0 0 0 0 0
 1814 16 4 0 0 0 0 0 0 0 0 0 0 0 0 0 0 0
 1825 16 5 0 0 0 0 0 0 0 0 0 0 0 0 0 0 0
 1836 16 6 0 0 0 0 0 0 0 0 0 0 0 0 0 0 0
 1847 16 7 0 0 0 0 0 0 0 0 0 0 0 0 0 0 0
 1858 16 8 0 0 0 0 0 0 0 0 0 0 0 0 0 0 0
 1869 16 9 0 0 0 0 0 0 0 0 0 0 0 0 0 0 0
 1880 17 0 0 2573632 0 0 0 0 0 0 0 0 2793384 0 0 0 0
 1891 17 1 2793384 0 0 0 0 0 0 0 0 0 2573632 0 0 0 0
 1902 17 2 0 0 0 0 0 0 0 0 0 0 0 0 0 0 0
 1913 17 3 0 0 0 0 0 0 0 0 0 0 0 0 0 0 0
 1924 17 4 0 0 0 0 0 0 0 0 0 0 0 0 0 0 0
 1935 17 5 0 0 0 0 0 0 0 0 0 0 0 0 0 0 0
 1946 17 6 0 0 0 0 0 0 0 0 0 0 0 0 0 0 0
 1957 17 7 0 0 0 0 0 0 0 0 0 0 0 0 0 0 0
 1968 17 8 0 0 0 0 0 0 0 0 0 0 0 0 0 0 0
 1979 17 9 0 0 0 0 0 0 0 0 0 0 0 0 0 0 0
 1990 18 0 0 2562656 0 0 0 0 0 0 0 0 2750408 0 0 0 0
 2001 18 1 2749912 0 0 0 0 0 0 0 0 0 2562656 0 0 0 0
 2012 18 2 0 0 0 0 0 0 0 0 0 0 0 0 0 0 0
 2023 18 3 0 0 0 0 0 0 0 0 0 0 0 0 0 0 0
 2034 18 4 0 0 0 0 0 0 0 0 0 0 0 0 0 0 0
 2045 18 5 0 0 0 0 0 0 0 0 0 0 0 0 0 0 0
 2056 18 6 0 0 0 0 0 0 0 0 0 0 0 0 0 0 0
 2067 18 7 0 0 0 0 0 0 0 0 0 0 0 0 0 0 0
 2078 18 8 0 0 0 0 0 0 0 0 0 0 0 0 0 0 0
 2089 18 9 0 0 0 0 0 0 0 0 0 0 0 0 0 0 0
 2100 19 0 0 2695584 0 0 0 0 0 0 0 0 2771408 0 0 0 0
 2111 19 1 2771840 0 0 0 0 0 0 0 0 0 2695792 0 0 0 0
 2122 19 2 0 0 0 0 0 0 0 0 0 0 0 0 0 0 0
 2133 19 3 0 0 0 0 0 0 0 0 0 0 0 0 0 0 0
 2144 19 4 0 0 0 0 0 0 0 0 0 0 0 0 0 0 0
 2155 19 5 0 0 0 0 0 0 0 0 0 0 0 0 0 0 0
 2166 19 6 0 0 0 0 0 0 0 0 0 0 0 0 0 0 0
 2177 19 7 0 0 0 0 0 0 0 0 0 0 0 0 0 0 0
 2188 19 8 0 0 0 0 0 0 0 0 0 0 0 0 0 0 0
 2199 19 9 0 0 0 0 0 0 0 0 0 0 0 0 0 0 0
 2210 20 0 0 2580320 0 0 0 0 0 0 0 0 1546240 0 0 0 0
 2221 20 1 1546240 0 0 0 0 0 0 0 0 0 2580072 0 0 0 0
 2232 20 2 0 0 0 0 0 0 0 0 0 0 0 0 0 0 0
 2243 20 3 0 0 0 0 0 0 0 0 0 0 0 0 0 0 0
 2254 20 4 0 0 0 0 0 0 0 0 0 0 0 0 0 0 0
 2265 20 5 0 0 0 0 0 0 0 0 0 0 0 0 0 0 0
 2276 20 6 0 0 0 0 0 0 0 0 0 0 0 0 0 0 0
 2287 20 7 0 0 0 0 0 0 0 0 0 0 0 0 0 0 0
 2298 20 8 0 0 0 0 0 0 0 0 0 0 0 0 0 0 0
 2309 20 9 0 0 0 0 0 0 0 0 0 0 0 0 0 0 0
 2320 21 0 0 36176 0 0 0 0 0 0 0 0 2799840 0 0 0 0
 2331 21 1 2799840 0 0 0 0 0 0 0 0 0 36176 0 0 0 0
 2342 21 2 0 0 0 0 0 0 0 0 0 0 0 0 0 0 0
 2353 21 3 0 0 0 0 0 0 0 0 0 0 0 0 0 0 0
 2364 21 4 0 0 0 0 0 0 0 0 0 0 0 0 0 0 0
 2375 21 5 0 0 0 0 0 0 0 0 0 0 0 0 0 0 0
 2386 21 6 0 0 0 0 0 0 0 0 0 0 0 0 0 0 0
 2397 21 7 0 0 0 0 0 0 0 0 0 0 0 0 0 0 0
 2408 21 8 0 0 0 0 0 0 0 0 0 0 0 0 0 0 0
 2419 21 9 0 0 0 0 0 0 0 0 0 0 0 0 0 0 0
 2430 22 0 0 2565616 0 0 0 0 0 0 0 0 2758344 0 0 0 0
 2441 22 1 2758288 0 0 0 0 0 0 0 0 0 2565864 0 0 0 0
 2452 22 2 0 0 0 0 0 0 0 0 0 0 0 0 0 0 0
 2463 22 3 0 0 0 0 0 0 0 0 0 0 0 0 0 0 0
 2474 22 4 0 0 0 0 0 0 0 0 0 0 0 0 0 0 0
 2485 22 5 0 0 0 0 0 0 0 0 0 0 0 0 0 0 0
 2496 22 6 0 0 0 0 0 0 0 0 0 0 0 0 0 0 0
 2507 22 7 0 0 0 0 0 0 0 0 0 0 0 0 0 0 0
 2518 22 8 0 0 0 0 0 0 0 0 0 0 0 0 0 0 0
 2529 22 9 0 0 0 0 0 0 0 0 0 0 0 0 0 0 0
 2540 23 0 0 2562240 0 0 0 0 0 0 0 0 2736304 0 0 0 0
 2551 23 1 2736056 0 0 0 0 0 0 0 0 0 2562240 0 0 0 0
 2562 23 2 0 0 0 0 0 0 0 0 0 0 0 0 0 0 0
 2573 23 3 0 0 0 0 0 0 0 0 0 0 0 0 0 0 0
 2584 23 4 0 0 0 0 0 0 0 0 0 0 0 0 0 0 0
 2595 23 5 0 0 0 0 0 0 0 0 0 0 0 0 0 0 0
 2606 23 6 0 0 0 0 0 0 0 0 0 0 0 0 0 0 0
 2617 23 7 0 0 0 0 0 0 0 0 0 0 0 0 0 0 0
 2628 23 8 0 0 0 0 0 0 0 0 0 0 0 0 0 0 0
 2639 23 9 0 0 0 0 0 0 0 0 0 0 0 0 0 0 0
 2650 24 0 0 2541248 0 0 0 0 0 0 0 0 2775072 0 0 0 0
 2661 24 1 2774824 0 0 0 0 0 0 0 0 0 2540792 0 0 0 0
 2672 24 2 0 0 0 0 0 0 0 0 0 0 0 0 0 0 0
 2683 24 3 0 0 0 0 0 0 0 0 0 0 0 0 0 0 0
 2694 24 4 0 0 0 0 0 0 0 0 0 0 0 0 0 0 0
 2705 24 5 0 0 0 0 0 0 0 0 0 0 0 0 0 0 0
 2716 24 6 0 0 0 0 0 0 0 0 0 0 0 0 0 0 0
 2727 24 7 0 0 0 0 0 0 0 0 0 0 0 0 0 0 0
 2738 24 8 0 0 0 0 0 0 0 0 0 0 0 0 0 0 0
 2749 24 9 0 0 0 0 0 0 0 0 0 0 0 0 0 0 0
 2760 25 0 0 2614208 0 0 0 0 0 0 0 0 2785808 0 0 0 0
 2771 25 1 2785808 0 0 0 0 0 0 0 0 0 2614000 0 0 0 0
 2782 25 2 0 0 0 0 0 0 0 0 0 0 0 0 0 0 0
 2793 25 3 0 0 0 0 0 0 0 0 0 0 0 0 0 0 0
 2804 25 4 0 0 0 0 0 0 0 0 0 0 0 0 0 0 0
 2815 25 5 0 0 0 0 0 0 0 0 0 0 0 0 0 0 0
 2826 25 6 0 0 0 0 0 0 0 0 0 0 0 0 0 0 0
 2837 25 7 0 0 0 0 0 0 0 0 0 0 0 0 0 0 0
 2848 25 8 0 0 0 0 0 0 0 0 0 0 0 0 0 0 0
 2859 25 9 0 0 0 0 0 0 0 0 0 0 0 0 0 0 0
 2870 26 0 0 2645136 0 0 0 0 0 0 0 0 2754664 0 0 0 0
 2881 26 1 2754664 0 0 0 0 0 0 0 0 0 2644888 0 0 0 0
 2892 26 2 0 0 0 0 0 0 0 0 0 0 0 0 0 0 0
 2903 26 3 0 0 0 0 0 0 0 0 0 0 0 0 0 0 0
 2914 26 4 0 0 0 0 0 0 0 0 0 0 0 0 0 0 0
 2925 26 5 0 0 0 0 0 0 0 0 0 0 0 0 0 0 0
 2936 26 6 0 0 0 0 0 0 0 0 0 0 0 0 0 0 0
 2947 26 7 0 0 0 0 0 0 0 0 0 0 0 0 0 0 0
 2958 26 8 0 0 0 0 0 0 0 0 0 0 0 0 0 0 0
 2969 26 9 0 0 0 0 0 0 0 0 0 0 0 0 0 0 0
 2980 27 0 0 2531584 0 0 0 0 0 0 0 0 2755904 0 0 0 0
 2991 27 1 2755904 0 0 0 0 0 0 0 0 0 2531584 0 0 0 0
 3002 27 2 0 0 0 0 0 0 0 0 0 0 0 0 0 0 0
 3013 27 3 0 0 0 0 0 0 0 0 0 0 0 0 0 0 0
 3024 27 4 0 0 0 0 0 0 0 0 0 0 0 0 0 0 0
 3035 27 5 0 0 0 0 0 0 0 0 0 0 0 0 0 0 0
 3046 27 6 0 0 0 0 0 0 0 0 0 0 0 0 0 0 0
 3057 27 7 0 0 0 0 0 0 0 0 0 0 0 0 0 0 0
 3068 27 8 0 0 0 0 0 0 0 0 0 0 0 0 0 0 0
 3079 27 9 0 0 0 0 0 0 0 0 0 0 0 0 0 0 0
 3090 28 0 0 2581568 0 0 0 0 0 0 0 0 2762632 0 0 0 0
 3101 28 1 2762712 0 0 0 0 0 0 0 0 0 2582056 0 0 0 0
 3112 28 2 0 0 0 0 0 0 0 0 0 0 0 0 0 0 0
 3123 28 3 0 0 0 0 0 0 0 0 0 0 0 0 0 0 0
 3134 28 4 0 0 0 0 0 0 0 0 0 0 0 0 0 0 0
 3145 28 5 0 0 0 0 0 0 0 0 0 0 0 0 0 0 0
 3156 28 6 0 0 0 0 0 0 0 0 0 0 0 0 0 0 0
 3167 28 7 0 0 0 0 0 0 0 0 0 0 0 0 0 0 0
 3178 28 8 0 0 0 0 0 0 0 0 0 0 0 0 0 0 0
 3189 28 9 0 0 0 0 0 0 0 0 0 0 0 0 0 0 0
 3200 29 0 0 2689208 0 0 0 0 0 0 0 0 2733744 0 0 0 0
 3211 29 1 2733992 0 0 0 0 0 0 0 0 0 2689392 0 0 0 0
 3222 29 2 0 0 0 0 0 0 0 0 0 0 0 0 0 0 0
 3233 29 3 0 0 0 0 0 0 0 0 0 0 0 0 0 0 0
 3244 29 4 0 0 0 0 0 0 0 0 0 0 0 0 0 0 0
 3255 29 5 0 0 0 0 0 0 0 0 0 0 0 0 0 0 0
 3266 29 6 0 0 0 0 0 0 0 0 0 0 0 0 0 0 0
 3277 29 7 0 0 0 0 0 0 0 0 0 0 0 0 0 0 0
 3288 29 8 0 0 0 0 0 0 0 0 0 0 0 0 0 0 0
 3299 29 9 0 0 0 0 0 0 0 0 0 0 0 0 0 0 0
 3310 30 0 0 2629160 0 0 0 0 0 0 0 0 1490792 0 0 0 0
 3321 30 1 1490792 0 0 0 0 0 0 0 0 0 2629160 0 0 0 0
 3332 30 2 0 0 0 0 0 0 0 0 0 0 0 0 0 0 0
 3343 30 3 0 0 0 0 0 0 0 0 0 0 0 0 0 0 0
 3354 30 4 0 0 0 0 0 0 0 0 0 0 0 0 0 0 0
 3365 30 5 0 0 0 0 0 0 0 0 0 0 0 0 0 0 0
 3376 30 6 0 0 0 0 0 0 0 0 0 0 0 0 0 0 0
 3387 30 7 0 0 0 0 0 0 0 0 0 0 0 0 0 0 0
 3398 30 8 0 0 0 0 0 0 0 0 0 0 0 0 0 0 0
 3409 30 9 0 0 0 0 0 0 0 0 0 0 0 0 0 0 0
 3420 31 0 0 32512 0 0 0 0 0 0 0 0 2796176 0 0 0 0
 3431 31 1 2796176 0 0 0 0 0 0 0 0 0 32512 0 0 0 0
 3442 31 2 0 0 0 0 0 0 0 0 0 0 0 0 0 0 0
 3453 31 3 0 0 0 0 0 0 0 0 0 0 0 0 0 0 0
 3464 31 4 0 0 0 0 0 0 0 0 0 0 0 0 0 0 0
 3475 31 5 0 0 0 0 0 0 0 0 0 0 0 0 0 0 0
 3486 31 6 0 0 0 0 0 0 0 0 0 0 0 0 0 0 0
 3497 31 7 0 0 0 0 0 0 0 0 0 0 0 0 0 0 0
 3508 31 8 0 0 0 0 0 0 0 0 0 0 0 0 0 0 0
 3519 31 9 0 0 0 0 0 0 0 0 0 0 0 0 0 0 0
 3530 32 0 0 2552392 0 0 0 0 0 0 0 0 2750328 0 0 0 0
 3541 32 1 2750328 0 0 0 0 0 0 0 0 0 2552392 0 0 0 0
 3552 32 2 0 0 0 0 0 0 0 0 0 0 0 0 0 0 0
 3563 32 3 0 0 0 0 0 0 0 0 0 0 0 0 0 0 0
 3574 32 4 0 0 0 0 0 0 0 0 0 0 0 0 0 0 0
 3585 32 5 0 0 0 0 0 0 0 0 0 0 0 0 0 0 0
 3596 32 6 0 0 0 0 0 0 0 0 0 0 0 0 0 0 0
 3607 32 7 0 0 0 0 0 0 0 0 0 0 0 0 0 0 0
 3618 32 8 0 0 0 0 0 0 0 0 0 0 0 0 0 0 0
 3629 32 9 0 0 0 0 0 0 0 0 0 0 0 0 0 0 0
 3640 33 0 0 2573128 0 0 0 0 0 0 0 0 2730312 0 0 0 0
 3651 33 1 2730504 0 0 0 0 0 0 0 0 0 2573144 0 0 0 0
 3662 33 2 0 0 0 0 0 0 0 0 0 0 0 0 0 0 0
 3673 33 3 0 0 0 0 0 0 0 0 0 0 0 0 0 0 0
 3684 33 4 0 0 0 0 0 0 0 0 0 0 0 0 0 0 0
 3695 33 5 0 0 0 0 0 0 0 0 0 0 0 0 0 0 0
 3706 33 6 0 0 0 0 0 0 0 0 0 0 0 0 0 0 0
 3717 33 7 0 0 0 0 0 0 0 0 0 0 0 0 0 0 0
 3728 33 8 0 0 0 0 0 0 0 0 0 0 0 0 0 0 0
 3739 33 9 0 0 0 0 0 0 0 0 0 0 0 0 0 0 0
 3750 34 0 0 2631288 0 0 0 0 0 0 0 0 2772128 0 0 0 0
 3761 34 1 2772128 0 0 0 0 0 0 0 0 0 2630872 0 0 0 0
 3772 34 2 0 0 0 0 0 0 0 0 0 0 0 0 0 0 0
 3783 34 3 0 0 0 0 0 0 0 0 0 0 0 0 0 0 0
 3794 34 4 0 0 0 0 0 0 0 0 0 0 0 0 0 0 0
 3805 34 5 0 0 0 0 0 0 0 0 0 0 0 0 0 0 0
 3816 34 6 0 0 0 0 0 0 0 0 0 0 0 0 0 0 0
 3827 34 7 0 0 0 0 0 0 0 0 0 0 0 0 0 0 0
 3838 34 8 0 0 0 0 0 0 0 0 0 0 0 0 0 0 0
 3849 34 9 0 0 0 0 0 0 0 0 0 0 0 0 0 0 0
 3860 35 0 0 2582440 0 0 0 0 0 0 0 0 2765208 0 0 0 0
 3871 35 1 2765208 0 0 0 0 0 0 0 0 0 2582384 0 0 0 0
 3882 35 2 0 0 0 0 0 0 0 0 0 0 0 0 0 0 0
 3893 35 3 0 0 0 0 0 0 0 0 0 0 0 0 0 0 0
 3904 35 4 0 0 0 0 0 0 0 0 0 0 0 0 0 0 0
 3915 35 5 0 0 0 0 0 0 0 0 0 0 0 0 0 0 0
 3926 35 6 0 0 0 0 0 0 0 0 0 0 0 0 0 0 0
 3937 35 7 0 0 0 0 0 0 0 0 0 0 0 0 0 0 0
 3948 35 8 0 0 0 0 0 0 0 0 0 0 0 0 0 0 0
 3959 35 9 0 0 0 0 0 0 0 0 0 0 0 0 0 0 0
 3970 36 0 0 2574440 0 0 0 0 0 0 0 0 2799752 0 0 0 0
 3981 36 1 2799504 0 0 0 0 0 0 0 0 0 2574472 0 0 0 0
 3992 36 2 0 0 0 0 0 0 0 0 0 0 0 0 0 0 0
 4003 36 3 0 0 0 0 0 0 0 0 0 0 0 0 0 0 0
 4014 36 4 0 0 0 0 0 0 0 0 0 0 0 0 0 0 0
 4025 36 5 0 0 0 0 0 0 0 0 0 0 0 0 0 0 0
 4036 36 6 0 0 0 0 0 0 0 0 0 0 0 0 0 0 0
 4047 36 7 0 0 0 0 0 0 0 0 0 0 0 0 0 0 0
 4058 36 8 0 0 0 0 0 0 0 0 0 0 0 0 0 0 0
 4069 36 9 0 0 0 0 0 0 0 0 0 0 0 0 0 0 0
 4080 37 0 0 2553024 0 0 0 0 0 0 0 0 2754160 0 0 0 0
 4091 37 1 2754160 0 0 0 0 0 0 0 0 0 2553272 0 0 0 0
 4102 37 2 0 0 0 0 0 0 0 0 0 0 0 0 0 0 0
 4113 37 3 0 0 0 0 0 0 0 0 0 0 0 0 0 0 0
 4124 37 4 0 0 0 0 0 0 0 0 0 0 0 0 0 0 0
 4135 37 5 0 0 0 0 0 0 0 0 0 0 0 0 0 0 0
 4146 37 6 0 0 0 0 0 0 0 0 0 0 0 0 0 0 0
 4157 37 7 0 0 0 0 0 0 0 0 0 0 0 0 0 0 0
 4168 37 8 0 0 0 0 0 0 0 0 0 0 0 0 0 0 0
 4179 37 9 0 0 0 0 0 0 0 0 0 0 0 0 0 0 0
 4190 38 0 0 2564184 0 0 0 0 0 0 0 0 2738056 0 0 0 0
 4201 38 1 2737808 0 0 0 0 0 0 0 0 0 2564184 0 0 0 0
 4212 38 2 0 0 0 0 0 0 0 0 0 0 0 0 0 0 0
 4223 38 3 0 0 0 0 0 0 0 0 0 0 0 0 0 0 0
 4234 38 4 0 0 0 0 0 0 0 0 0 0 0 0 0 0 0
 4245 38 5 0 0 0 0 0 0 0 0 0 0 0 0 0 0 0
 4256 38 6 0 0 0 0 0 0 0 0 0 0 0 0 0 0 0
 4267 38 7 0 0 0 0 0 0 0 0 0 0 0 0 0 0 0
 4278 38 8 0 0 0 0 0 0 0 0 0 0 0 0 0 0 0
 4289 38 9 0 0 0 0 0 0 0 0 0 0 0 0 0 0 0
 4300 39 0 0 2617632 0 0 0 0 0 0 0 0 2771688 0 0 0 0
 4311 39 1 2771688 0 0 0 0 0 0 0 0 0 2617632 0 0 0 0
 4322 39 2 0 0 0 0 0 0 0 0 0 0 0 0 0 0 0
 4333 39 3 0 0 0 0 0 0 0 0 0 0 0 0 0 0 0
 4344 39 4 0 0 0 0 0 0 0 0 0 0 0 0 0 0 0
 4355 39 5 0 0 0 0 0 0 0 0 0 0 0 0 0 0 0
 4366 39 6 0 0 0 0 0 0 0 0 0 0 0 0 0 0 0
 4377 39 7 0 0 0 0 0 0 0 0 0 0 0 0 0 0 0
 4388 39 8 0 0 0 0 0 0 0 0 0 0 0 0 0 0 0
 4399 39 9 0 0 0 0 0 0 0 0 0 0 0 0 0 0 0
 4410 40 0 0 2575640 0 0 0 0 0 0 0 0 1503760 0 0 0 0
 4421 40 1 1504008 0 0 0 0 0 0 0 0 0 2575144 0 0 0 0
 4432 40 2 0 0 0 0 0 0 0 0 0 0 0 0 0 0 0
 4443 40 3 0 0 0 0 0 0 0 0 0 0 0 0 0 0 0
 4454 40 4 0 0 0 0 0 0 0 0 0 0 0 0 0 0 0
 4465 40 5 0 0 0 0 0 0 0 0 0 0 0 0 0 0 0
 4476 40 6 0 0 0 0 0 0 0 0 0 0 0 0 0 0 0
 4487 40 7 0 0 0 0 0 0 0 0 0 0 0 0 0 0 0
 4498 40 8 0 0 0 0 0 0 0 0 0 0 0 0 0 0 0
 4509 40 9 0 0 0 0 0 0 0 0 0 0 0 0 0 0 0
 4520 41 0 0 39040 0 0 0 0 0 0 0 0 2821760 0 0 0 0
 4531 41 1 2821760 0 0 0 0 0 0 0 0 0 39040 0 0 0 0
 4542 41 2 0 0 0 0 0 0 0 0 0 0 0 0 0 0 0
 4553 41 3 0 0 0 0 0 0 0 0 0 0 0 0 0 0 0
 4564 41 4 0 0 0 0 0 0 0 0 0 0 0 0 0 0 0
 4575 41 5 0 0 0 0 0 0 0 0 0 0 0 0 0 0 0
 4586 41 6 0 0 0 0 0 0 0 0 0 0 0 0 0 0 0
 4597 41 7 0 0 0 0 0 0 0 0 0 0 0 0 0 0 0
 4608 41 8 0 0 0 0 0 0 0 0 0 0 0 0 0 0 0
 4619 41 9 0 0 0 0 0 0 0 0 0 0 0 0 0 0 0
 4630 42 0 0 2562928 0 0 0 0 0 0 0 0 2732712 0 0 0 0
 4641 42 1 2732600 0 0 0 0 0 0 0 0 0 2562624 0 0 0 0
 4652 42 2 0 0 0 0 0 0 0 0 0 0 0 0 0 0 0
 4663 42 3 0 0 0 0 0 0 0 0 0 0 0 0 0 0 0
 4674 42 4 0 0 0 0 0 0 0 0 0 0 0 0 0 0 0
 4685 42 5 0 0 0 0 0 0 0 0 0 0 0 0 0 0 0
 4696 42 6 0 0 0 0 0 0 0 0 0 0 0 0 0 0 0
 4707 42 7 0 0 0 0 0 0 0 0 0 0 0 0 0 0 0
 4718 42 8 0 0 0 0 0 0 0 0 0 0 0 0 0 0 0
 4729 42 9 0 0 0 0 0 0 0 0 0 0 0 0 0 0 0
 4740 43 0 0 2577632 0 0 0 0 0 0 0 0 2775288 0 0 0 0
 4751 43 1 2775288 0 0 0 0 0 0 0 0 0 2577632 0 0 0 0
 4762 43 2 0 0 0 0 0 0 0 0 0 0 0 0 0 0 0
 4773 43 3 0 0 0 0 0 0 0 0 0 0 0 0 0 0 0
 4784 43 4 0 0 0 0 0 0 0 0 0 0 0 0 0 0 0
 4795 43 5 0 0 0 0 0 0 0 0 0 0 0 0 0 0 0
 4806 43 6 0 0 0 0 0 0 0 0 0 0 0 0 0 0 0
 4817 43 7 0 0 0 0 0 0 0 0 0 0 0 0 0 0 0
 4828 43 8 0 0 0 0 0 0 0 0 0 0 0 0 0 0 0
 4839 43 9 0 0 0 0 0 0 0 0 0 0 0 0 0 0 0
 4850 44 0 0 2616816 0 0 0 0 0 0 0 0 2778584 0 0 0 0
 4861 44 1 2778584 0 0 0 0 0 0 0 0 0 2616816 0 0 0 0
 4872 44 2 0 0 0 0 0 0 0 0 0 0 0 0 0 0 0
 4883 44 3 0 0 0 0 0 0 0 0 0 0 0 0 0 0 0
 4894 44 4 0 0 0 0 0 0 0 0 0 0 0 0 0 0 0
 4905 44 5 0 0 0 0 0 0 0 0 0 0 0 0 0 0 0
 4916 44 6 0 0 0 0 0 0 0 0 0 0 0 0 0 0 0
 4927 44 7 0 0 0 0 0 0 0 0 0 0 0 0 0 0 0
 4938 44 8 0 0 0 0 0 0 0 0 0 0 0 0 0 0 0
 4949 44 9 0 0 0 0 0 0 0 0 0 0 0 0 0 0 0
 4960 45 0 0 2546976 0 0 0 0 0 0 0 0 2754808 0 0 0 0
 4971 45 1 2754808 0 0 0 0 0 0 0 0 0 2546736 0 0 0 0
 4982 45 2 0 0 0 0 0 0 0 0 0 0 0 0 0 0 0
 4993 45 3 0 0 0 0 0 0 0 0 0 0 0 0 0 0 0
 5004 45 4 0 0 0 0 0 0 0 0 0 0 0 0 0 0 0
 5015 45 5 0 0 0 0 0 0 0 0 0 0 0 0 0 0 0
 5026 45 6 0 0 0 0 0 0 0 0 0 0 0 0 0 0 0
 5037 45 7 0 0 0 0 0 0 0 0 0 0 0 0 0 0 0
 5048 45 8 0 0 0 0 0 0 0 0 0 0 0 0 0 0 0
 5059 45 9 0 0 0 0 0 0 0 0 0 0 0 0 0 0 0
 5070 46 0 0 2579984 0 0 0 0 0 0 0 0 2770000 0 0 0 0
 5081 46 1 2770248 0 0 0 0 0 0 0 0 0 2579984 0 0 0 0
 5092 46 2 0 0 0 0 0 0 0 0 0 0 0 0 0 0 0
 5103 46 3 0 0 0 0 0 0 0 0 0 0 0 0 0 0 0
 5114 46 4 0 0 0 0 0 0 0 0 0 0 0 0 0 0 0
 5125 46 5 0 0 0 0 0 0 0 0 0 0 0 0 0 0 0
 5136 46 6 0 0 0 0 0 0 0 0 0 0 0 0 0 0 0
 5147 46 7 0 0 0 0 0 0 0 0 0 0 0 0 0 0 0
 5158 46 8 0 0 0 0 0 0 0 0 0 0 0 0 0 0 0
 5169 46 9 0 0 0 0 0 0 0 0 0 0 0 0 0 0 0
 5180 47 0 0 2568768 0 0 0 0 0 0 0 0 2766448 0 0 0 0
 5191 47 1 2766448 0 0 0 0 0 0 0 0 0 2568848 0 0 0 0
 5202 47 2 0 0 0 0 0 0 0 0 0 0 0 0 0 0 0
 5213 47 3 0 0 0 0 0 0 0 0 0 0 0 0 0 0 0
 5224 47 4 0 0 0 0 0 0 0 0 0 0 0 0 0 0 0
 5235 47 5 0 0 0 0 0 0 0 0 0 0 0 0 0 0 0
 5246 47 6 0 0 0 0 0 0 0 0 0 0 0 0 0 0 0
 5257 47 7 0 0 0 0 0 0 0 0 0 0 0 0 0 0 0
 5268 47 8 0 0 0 0 0 0 0 0 0 0 0 0 0 0 0
 5279 47 9 0 0 0 0 0 0 0 0 0 0 0 0 0 0 0
 5290 48 0 0 2548512 0 0 0 0 0 0 0 0 2755984 0 0 0 0
 5301 48 1 2755984 0 0 0 0 0 0 0 0 0 2548512 0 0 0 0
 5312 48 2 0 0 0 0 0 0 0 0 0 0 0 0 0 0 0
 5323 48 3 0 0 0 0 0 0 0 0 0 0 0 0 0 0 0
 5334 48 4 0 0 0 0 0 0 0 0 0 0 0 0 0 0 0
 5345 48 5 0 0 0 0 0 0 0 0 0 0 0 0 0 0 0
 5356 48 6 0 0 0 0 0 0 0 0 0 0 0 0 0 0 0
 5367 48 7 0 0 0 0 0 0 0 0 0 0 0 0 0 0 0
 5378 48 8 0 0 0 0 0 0 0 0 0 0 0 0 0 0 0
 5389 48 9 0 0 0 0 0 0 0 0 0 0 0 0 0 0 0
 5400 49 0 0 2629576 0 0 0 0 0 0 0 0 2727664 0 0 0 0
 5411 49 1 2727480 0 0 0 0 0 0 0 0 0 2629760 0 0 0 0
 5422 49 2 0 0 0 0 0 0 0 0 0 0 0 0 0 0 0
 5433 49 3 0 0 0 0 0 0 0 0 0 0 0 0 0 0 0
 5444 49 4 0 0 0 0 0 0 0 0 0 0 0 0 0 0 0
 5455 49 5 0 0 0 0 0 0 0 0 0 0 0 0 0 0 0
 5466 49 6 0 0 0 0 0 0 0 0 0 0 0 0 0 0 0
 5477 49 7 0 0 0 0 0 0 0 0 0 0 0 0 0 0 0
 5488 49 8 0 0 0 0 0 0 0 0 0 0 0 0 0 0 0
 5499 49 9 0 0 0 0 0 0 0 0 0 0 0 0 0 0 0
 5510 50 0 0 2588728 0 0 0 0 0 0 0 0 2776264 0 0 0 0
 5521 50 1 2776208 0 0 0 0 0 0 0 0 0 2588608 0 0 0 0
 5532 50 2 0 0 0 0 0 0 0 0 0 0 0 0 0 0 0
 5543 50 3 0 0 0 0 0 0 0 0 0 0 0 0 0 0 0
 5554 50 4 0 0 0 0 0 0 0 0 0 0 0 0 0 0 0
 5565 50 5 0 0 0 0 0 0 0 0 0 0 0 0 0 0 0
 5576 50 6 0 0 0 0 0 0 0 0 0 0 0 0 0 0 0
 5587 50 7 0 0 0 0 0 0 0 0 0 0 0 0 0 0 0
 5598 50 8 0 0 0 0 0 0 0 0 0 0 0 0 0 0 0
 5609 50 9 0 0 0 0 0 0 0 0 0 0 0 0 0 0 0