# Format <LP ID> <Terminal ID> <Job ID> <Local Rank> <Total sends> <Total Recvs> <Bytes sent> <Bytes recvd> <Send time> <Comm. time> <Compute time> <Avg msg time> <Max Msg Time>
 0 0 0 0 2863 3952 41403804 41493384 234555545.348640 233043974.277737 12052270539.000000 0.000000 0.000000
 1 1 0 1 3910 4355 50202228 47516016 243120921.402789 241203482.686262 12042832791.000000 0.000000 0.000000
 2 2 0 2 3890 4355 50163564 47087784 193592006.841541 191942667.504307 12096701714.000000 0.000000 0.000000
 3 3 0 3 5680 5429 66742092 52318616 222322933.557446 220359424.455450 12064106448.000000 0.000000 0.000000
 4 4 0 4 3890 4035 49976660 46529232 468060299.756895 466441216.262424 11817192074.000000 0.000000 0.000000
 11 5 0 5 5640 6209 66142876 52231880 239507962.462765 237394369.490417 12046971303.000000 0.000000 0.000000
 12 6 0 6 4680 4629 53313908 45805056 300161896.480955 298134845.305393 11985859258.000000 0.000000 0.000000
 13 7 0 7 8427 7128 71138516 85903088 467229657.460256 464908823.873768 11819790443.000000 0.000000 0.000000
 14 8 0 8 2950 3235 38366068 41432176 302214518.906879 300705079.443619 11981709214.000000 0.000000 0.000000
 15 9 0 9 1903 2352 29392284 35302664 310072833.125148 308922264.727547 11973849455.000000 0.000000 0.000000
 22 10 0 10 4720 4629 55078732 46338456 295706947.045743 293724691.493488 11989512936.000000 0.000000 0.000000
 23 11 0 11 2930 3235 38327404 41003944 326217915.752717 324622711.084085 11958355443.000000 0.000000 0.000000
 24 12 0 12 4700 4629 54136476 46046280 566154906.597728 564132808.524958 11718382659.000000 0.000000 0.000000
 25 13 0 13 2930 3235 38313300 40549072 406367718.308066 404897797.176987 11877783830.000000 0.000000 0.000000
 26 14 0 14 8427 7128 71138516 85903088 439435542.612519 436836830.601156 11846883924.000000 0.000000 0.000000
 33 15 0 15 4680 4629 53313908 45805056 363774676.632015 361467598.732677 11921413901.000000 0.000000 0.000000
 34 16 0 16 2930 3235 38327404 41003944 417512159.659284 415892598.192238 11866707041.000000 0.000000 0.000000
 35 17 0 17 4720 4629 55078732 46338456 487769143.922935 485433020.279011 11797599867.000000 0.000000 0.000000
 36 18 0 18 1903 2352 29392284 35302664 385800566.619095 384775417.034695 11898923060.000000 0.000000 0.000000
 37 19 0 19 2950 3235 38366068 41432176 547894522.465849 546498209.533562 11736984421.000000 0.000000 0.000000
 44 20 0 20 4680 4629 53313908 45805056 359836139.886095 357825974.535639 11925899426.000000 0.000000 0.000000
 45 21 0 21 8427 7128 71138516 85903088 413869332.595234 411194155.114607 11873529726.000000 0.000000 0.000000
 46 22 0 22 2930 3235 38313300 40549072 531164177.514689 529724991.983004 11754101231.000000 0.000000 0.000000
 47 23 0 23 4700 4629 54136476 46046280 322343024.357342 320398876.487209 11963121898.000000 0.000000 0.000000
 48 24 0 24 4720 4629 55078732 46338456 561467560.731406 559001205.063190 11724994642.000000 0.000000 0.000000
 55 25 0 25 2930 3235 38327404 41003944 370359205.620916 368917430.596399 11914459665.000000 0.000000 0.000000
 56 26 0 26 2950 3235 38366068 41432176 379658652.813280 378119492.934492 11905489663.000000 0.000000 0.000000
 57 27 0 27 1903 2352 29392284 35302664 361554685.252746 360599377.028908 11923120190.000000 0.000000 0.000000
 58 28 0 28 8427 7128 71138516 85903088 413683781.837020 410745494.647280 11873827863.000000 0.000000 0.000000
 59 29 0 29 4680 4629 53313908 45805056 334675074.815874 332589822.201523 11951144891.000000 0.000000 0.000000
 66 30 0 30 4700 4629 54136476 46046280 583428460.027556 580940892.477962 11702261594.000000 0.000000 0.000000
 67 31 0 31 2930 3235 38313300 40549072 771782604.308182 770101082.260389 11513916165.000000 0.000000 0.000000
 68 32 0 32 2929 3236 38313296 40549076 500258931.561914 506288446.881062 11779937793.000000 0.000000 0.000000
 69 33 0 33 4699 4630 54136472 46046284 535913236.146360 535743339.145676 11746645445.000000 0.000000 0.000000
 70 34 0 34 4679 4630 53313904 45805060 561839236.116123 569461539.233986 11713521762.000000 0.000000 0.000000
 77 35 0 35 8426 7129 71138512 85903092 468920035.410810 470701121.554272 11813081490.000000 0.000000 0.000000
 78 36 0 36 1902 2353 29392280 35302668 403282319.541853 403653761.545967 11879456402.000000 0.000000 0.000000
 79 37 0 37 2949 3236 38366064 41432180 376749086.508631 377101027.761723 11906240707.000000 0.000000 0.000000
 80 38 0 38 2929 3236 38327400 41003948 427206267.502772 429924765.308165 11853576574.000000 0.000000 0.000000
 81 39 0 39 4719 4630 55078728 46338460 467642988.850416 471313170.204706 11815421381.000000 0.000000 0.000000
 88 40 0 40 4699 4630 54136472 46046284 400944767.289879 406014845.478758 11876267870.000000 0.000000 0.000000
 89 41 0 41 2929 3236 38313296 40549076 421275048.210236 427819048.869905 11855287643.000000 0.000000 0.000000
 90 42 0 42 8426 7129 71138512 85903092 516282130.843102 516237901.499115 11766560158.000000 0.000000 0.000000
 91 43 0 43 4679 4630 53313904 45805060 634105955.345886 637152461.655828 11644978866.000000 0.000000 0.000000
 92 44 0 44 2949 3236 38366064 41432180 457882740.690401 460606085.932005 11824133362.000000 0.000000 0.000000
 99 45 0 45 1902 2353 29392280 35302668 457738306.967854 465869856.558762 11820235226.000000 0.000000 0.000000
 100 46 0 46 4719 4630 55078728 46338460 623793243.970814 627400597.267797 11655685158.000000 0.000000 0.000000
 101 47 0 47 2929 3236 38327400 41003948 427296598.229563 429097162.675148 11853653551.000000 0.000000 0.000000
 102 48 0 48 4679 4630 53313904 45805060 433050163.297558 433228499.194536 11848994781.000000 0.000000 0.000000
 103 49 0 49 8426 7129 71138512 85903092 501004107.411942 505369377.819313 11780512418.000000 0.000000 0.000000
 110 50 0 50 2929 3236 38313296 40549076 548952904.481171 549259418.921427 11732556359.000000 0.000000 0.000000
 111 51 0 51 4699 4630 54136472 46046284 454685462.008802 457784484.024126 11824669661.000000 0.000000 0.000000
 112 52 0 52 2929 3236 38327400 41003948 465366041.815335 469437374.360758 11812573081.000000 0.000000 0.000000
 113 53 0 53 4719 4630 55078728 46338460 496509424.137487 500324072.442017 11782050779.000000 0.000000 0.000000
 114 54 0 54 1902 2353 29392280 35302668 493779753.228413 493424004.336637 11788569173.000000 0.000000 0.000000
 121 55 0 55 2949 3236 38366064 41432180 523995576.162029 526375031.496090 11755581264.000000 0.000000 0.000000
 122 56 0 56 8426 7129 71138512 85903092 699876553.004735 698586562.983768 11582980100.000000 0.000000 0.000000
 123 57 0 57 4679 4630 53313904 45805060 447229749.122043 445878803.640905 11834786672.000000 0.000000 0.000000
 124 58 0 58 4699 4630 54136472 46046284 473925211.121692 474908934.782537 11805683939.000000 0.000000 0.000000
 125 59 0 59 2929 3236 38313296 40549076 486569979.355720 487869864.710001 11793235297.000000 0.000000 0.000000
 132 60 0 60 4719 4630 55078728 46338460 1119277643.857299 1120151889.153650 11158633219.000000 0.000000 0.000000
 133 61 0 61 2929 3236 38327400 41003948 1110983101.548740 1111196760.007799 11167427573.000000 0.000000 0.000000
 134 62 0 62 2949 3236 38366064 41432180 1057258099.510831 1059634966.709127 11218948916.000000 0.000000 0.000000
 135 63 0 63 1902 2353 29392280 35302668 1051176521.626415 1054668757.398598 11224078675.000000 0.000000 0.000000