# Format <LP ID> <Group ID> <Router ID> <Link traffic per router port(s)># Router ports in the order: 8 local channels, 4 global channels
 8 0 0 0 30401000 19234184 17062004 4715232 18784076 9694108 5664040 6660484 6712340 6704392 6651672
 17 0 1 32303396 0 41666616 22639012 24062244 10142536 20370896 23782448 77032732 3795268 3870508 3867536
 26 0 2 24287752 41801276 0 38215048 19773488 13778692 16301676 16847692 69352084 4155588 4214444 4159256
 35 0 3 16948680 18471508 39185684 0 22031056 15098100 14981568 8159172 16551520 6274136 6266996 6253024
 44 0 4 5815484 25578124 18780160 20815336 0 24987568 11626736 17623424 6664892 6724460 6678480 6677372
 53 0 5 21124960 10379932 12298760 15206016 24202952 0 22802192 16847160 6694400 6723832 6643628 6656932
 62 0 6 12611444 18326200 14857288 12318328 12875328 23585976 0 33293128 6719424 6763940 6699560 6660424
 71 0 7 8128576 22864612 15635668 8072516 17794176 16868196 32612172 0 6616512 6784340 6662880 6666808
 80 1 0 0 48531836 42349456 25012760 17380192 8696908 8766196 8965788 75781608 4463904 4438696 4386716
 89 1 1 39523296 0 21897964 3904440 15561060 4268976 3561244 24303016 6698664 6750768 6721836 6662200
 98 1 2 44543340 21271980 0 26581332 10115940 17789808 43705008 25289644 74723396 3682216 3677008 3704004
 107 1 3 24441348 5815304 26605992 0 31269236 31859664 6729108 7100168 17186136 6416608 6314268 6340480
 116 1 4 16470084 15738180 9044540 32460840 0 22418264 10309920 16854112 6765052 6662028 6759308 6730236
 125 1 5 8439044 5676920 16431456 31127556 23095964 0 29879852 11832396 6732664 6737560 6765260 6765408
 134 1 6 8592920 5791664 40575100 6624888 9959964 28347412 0 24460752 6749424 6707764 6684956 6756832
 143 1 7 9313016 27144844 24570536 7384544 15979080 13320140 21125024 0 6853484 6735356 6798480 6771952
 152 2 0 0 55572828 26773720 16184540 25024656 25845364 15452944 17713456 71395180 4207140 4225000 4221244
 161 2 1 57312080 0 32303056 17563100 15868348 10656988 17336060 17356404 73554000 4686512 4682336 4715052
 170 2 2 22197204 28644364 0 24619836 7874704 9323464 6544396 4905052 7138648 7092516 7198268 7139708
 179 2 3 14698216 17316268 29299812 0 26572920 20369196 16358244 19980236 32739180 6252788 6238504 6322452
 188 2 4 23691056 15731328 8846232 24579828 0 23680888 11757976 21409088 7169008 7099548 7102776 7068456
 197 2 5 24335720 10279688 9269440 23121864 19476816 0 27521356 7307364 7071860 7071116 7111300 7105616
 206 2 6 16816464 16378048 9047412 16163512 12162476 23714096 0 31461036 7170568 7178052 7063596 7158928
 215 2 7 16376476 16097956 8514268 19429484 22417880 7158604 30432452 0 7159392 7222424 7184592 7157264
 224 3 0 0 18508740 32392768 8021380 8034356 8019560 8064136 8038712 15847508 2226972 2192680 2194332
 233 3 1 20160208 0 3016572 0 0 0 0 0 16804788 1583424 1559120 1558544
 242 3 2 35762820 2992180 0 0 0 0 0 0 32983972 817992 821508 793644
 251 3 3 2989848 0 0 0 0 0 0 0 1988620 1999668 2013620 2027352
 260 3 4 8055764 0 0 0 0 0 0 0 2013620 2030004 2014608 1978020
 269 3 5 8044600 0 0 0 0 0 0 0 2015604 1994784 1988888 2019036
 278 3 6 7977376 0 0 0 0 0 0 0 1998972 1977232 2040312 2044904
 287 3 7 7981532 0 0 0 0 0 0 0 2000648 2017712 2004704 2017824
 296 4 0 0 3272188 2958176 431632 0 0 0 0 6715224 0 0 0
 305 4 1 3322424 0 3023448 422592 0 0 0 0 6705204 0 0 0
 314 4 2 2979596 3009560 0 1181148 0 0 0 0 7154808 0 0 0
 323 4 3 413416 424284 1174020 0 0 0 0 0 2034380 0 0 0
 332 4 4 0 0 0 0 0 0 0 0 0 0 0 0
 341 4 5 0 0 0 0 0 0 0 0 0 0 0 0
 350 4 6 0 0 0 0 0 0 0 0 0 0 0 0
 359 4 7 0 0 0 0 0 0 0 0 0 0 0 0
 368 5 0 0 3233076 3016024 441384 0 0 0 0 6599484 0 0 0
 377 5 1 3256484 0 3069208 408568 0 0 0 0 6646464 0 0 0
 386 5 2 2915724 3000864 0 1154068 0 0 0 0 7257884 0 0 0
 395 5 3 428436 414384 1172876 0 0 0 0 0 2006156 0 0 0
 404 5 4 0 0 0 0 0 0 0 0 0 0 0 0
 413 5 5 0 0 0 0 0 0 0 0 0 0 0 0
 422 5 6 0 0 0 0 0 0 0 0 0 0 0 0
 431 5 7 0 0 0 0 0 0 0 0 0 0 0 0
 440 6 0 0 3300560 3017504 401212 0 0 0 0 6583984 0 0 0
 449 6 1 3246108 0 3099912 405148 0 0 0 0 6789180 0 0 0
 458 6 2 2918012 3063524 0 1187640 0 0 0 0 7268768 0 0 0
 467 6 3 420856 424480 1155152 0 0 0 0 0 1991884 0 0 0
 476 6 4 0 0 0 0 0 0 0 0 0 0 0 0
 485 6 5 0 0 0 0 0 0 0 0 0 0 0 0
 494 6 6 0 0 0 0 0 0 0 0 0 0 0 0
 503 6 7 0 0 0 0 0 0 0 0 0 0 0 0
 512 7 0 0 3264344 2949360 403588 0 0 0 0 6691712 0 0 0
 521 7 1 3327772 0 3122136 403804 0 0 0 0 6739148 0 0 0
 530 7 2 2947076 3049308 0 1162384 0 0 0 0 7226640 0 0 0
 539 7 3 420216 423752 1155692 0 0 0 0 0 1969684 0 0 0
 548 7 4 0 0 0 0 0 0 0 0 0 0 0 0
 557 7 5 0 0 0 0 0 0 0 0 0 0 0 0
 566 7 6 0 0 0 0 0 0 0 0 0 0 0 0
 575 7 7 0 0 0 0 0 0 0 0 0 0 0 0
 584 8 0 0 3282496 2982260 445900 0 0 0 0 1464844 0 0 0
 593 8 1 999112 0 3068216 396352 0 0 0 0 6825472 0 0 0
 602 8 2 0 3068744 0 1134096 0 0 0 0 7333116 0 0 0
 611 8 3 464152 475656 1285004 0 0 0 0 0 1975164 0 0 0
 620 8 4 0 0 0 0 0 0 0 0 0 0 0 0
 629 8 5 0 0 0 0 0 0 0 0 0 0 0 0
 638 8 6 0 0 0 0 0 0 0 0 0 0 0 0
 647 8 7 0 0 0 0 0 0 0 0 0 0 0 0
 656 9 0 0 494012 2880672 419280 0 0 0 0 6718856 0 0 0
 665 9 1 3366344 0 2980952 401680 0 0 0 0 1082460 0 0 0
 674 9 2 2953536 589764 0 1139040 0 0 0 0 7049672 0 0 0
 683 9 3 398168 0 1187488 0 0 0 0 0 1959804 0 0 0
 692 9 4 0 0 0 0 0 0 0 0 0 0 0 0
 701 9 5 0 0 0 0 0 0 0 0 0 0 0 0
 710 9 6 0 0 0 0 0 0 0 0 0 0 0 0
 719 9 7 0 0 0 0 0 0 0 0 0 0 0 0
 728 10 0 0 3220200 508980 421536 0 0 0 0 6604092 0 0 0
 737 10 1 3279788 0 0 399820 0 0 0 0 6656276 0 0 0
 746 10 2 2920100 3020968 0 1156248 0 0 0 0 509092 0 0 0
 755 10 3 402500 414868 0 0 0 0 0 0 1974232 0 0 0
 764 10 4 0 0 0 0 0 0 0 0 0 0 0 0
 773 10 5 0 0 0 0 0 0 0 0 0 0 0 0
 782 10 6 0 0 0 0 0 0 0 0 0 0 0 0
 791 10 7 0 0 0 0 0 0 0 0 0 0 0 0
 800 11 0 0 3293888 2980108 0 0 0 0 0 6723444 0 0 0
 809 11 1 3378352 0 3038152 0 0 0 0 0 6729300 0 0 0
 818 11 2 2934332 3004144 0 312648 0 0 0 0 7173004 0 0 0
 827 11 3 410500 434084 1153320 0 0 0 0 0 314080 0 0 0
 836 11 4 0 0 0 0 0 0 0 0 0 0 0 0
 845 11 5 0 0 0 0 0 0 0 0 0 0 0 0
 854 11 6 0 0 0 0 0 0 0 0 0 0 0 0
 863 11 7 0 0 0 0 0 0 0 0 0 0 0 0
 872 12 0 0 3294564 3017556 420676 0 0 0 0 6597492 0 0 0
 881 12 1 3251880 0 2990716 422460 0 0 0 0 6721920 0 0 0
 890 12 2 2929100 3027744 0 1146084 0 0 0 0 7217436 0 0 0
 899 12 3 415776 403200 1208524 0 0 0 0 0 1990136 0 0 0
 908 12 4 0 0 0 0 0 0 0 0 0 0 0 0
 917 12 5 0 0 0 0 0 0 0 0 0 0 0 0
 926 12 6 0 0 0 0 0 0 0 0 0 0 0 0
 935 12 7 0 0 0 0 0 0 0 0 0 0 0 0
 944 13 0 0 3318092 2976580 428068 0 0 0 0 6549320 0 0 0
 953 13 1 3240028 0 3071224 426144 0 0 0 0 6728568 0 0 0
 962 13 2 2904404 3003180 0 1160300 0 0 0 0 7229500 0 0 0
 971 13 3 402424 406568 1186136 0 0 0 0 0 2016980 0 0 0
 980 13 4 0 0 0 0 0 0 0 0 0 0 0 0
 989 13 5 0 0 0 0 0 0 0 0 0 0 0 0
 998 13 6 0 0 0 0 0 0 0 0 0 0 0 0
 1007 13 7 0 0 0 0 0 0 0 0 0 0 0 0
 1016 14 0 0 3377540 2968836 417300 0 0 0 0 6612084 0 0 0
 1025 14 1 3247052 0 3042532 416492 0 0 0 0 6842824 0 0 0
 1034 14 2 2958980 3052184 0 1169260 0 0 0 0 7164140 0 0 0
 1043 14 3 408620 416508 1152608 0 0 0 0 0 2000616 0 0 0
 1052 14 4 0 0 0 0 0 0 0 0 0 0 0 0
 1061 14 5 0 0 0 0 0 0 0 0 0 0 0 0
 1070 14 6 0 0 0 0 0 0 0 0 0 0 0 0
 1079 14 7 0 0 0 0 0 0 0 0 0 0 0 0
 1088 15 0 0 3357716 3012068 417424 0 0 0 0 6605180 0 0 0
 1097 15 1 3219060 0 3110204 403596 0 0 0 0 6834524 0 0 0
 1106 15 2 2955752 3050604 0 1209892 0 0 0 0 7297600 0 0 0
 1115 15 3 425812 423108 1170532 0 0 0 0 0 2031624 0 0 0
 1124 15 4 0 0 0 0 0 0 0 0 0 0 0 0
 1133 15 5 0 0 0 0 0 0 0 0 0 0 0 0
 1142 15 6 0 0 0 0 0 0 0 0 0 0 0 0
 1151 15 7 0 0 0 0 0 0 0 0 0 0 0 0
 1160 16 0 0 3304720 2932264 466956 0 0 0 0 1447296 0 0 0
 1169 16 1 986524 0 3063348 389864 0 0 0 0 6812872 0 0 0
 1178 16 2 0 3051768 0 1172840 0 0 0 0 7271840 0 0 0
 1187 16 3 460940 457200 1274504 0 0 0 0 0 2028576 0 0 0
 1196 16 4 0 0 0 0 0 0 0 0 0 0 0 0
 1205 16 5 0 0 0 0 0 0 0 0 0 0 0 0
 1214 16 6 0 0 0 0 0 0 0 0 0 0 0 0
 1223 16 7 0 0 0 0 0 0 0 0 0 0 0 0
 1232 17 0 0 492776 2935252 441164 0 0 0 0 6616080 0 0 0
 1241 17 1 3278876 0 3017896 423196 0 0 0 0 1081396 0 0 0
 1250 17 2 2934648 586424 0 1157364 0 0 0 0 7108928 0 0 0
 1259 17 3 402292 0 1157040 0 0 0 0 0 2023572 0 0 0
 1268 17 4 0 0 0 0 0 0 0 0 0 0 0 0
 1277 17 5 0 0 0 0 0 0 0 0 0 0 0 0
 1286 17 6 0 0 0 0 0 0 0 0 0 0 0 0
 1295 17 7 0 0 0 0 0 0 0 0 0 0 0 0
 1304 18 0 0 3264368 507836 444660 0 0 0 0 6581428 0 0 0
 1313 18 1 3270112 0 0 402168 0 0 0 0 6750460 0 0 0
 1322 18 2 2913912 3062632 0 1218864 0 0 0 0 507572 0 0 0
 1331 18 3 398796 422200 0 0 0 0 0 0 2067008 0 0 0
 1340 18 4 0 0 0 0 0 0 0 0 0 0 0 0
 1349 18 5 0 0 0 0 0 0 0 0 0 0 0 0
 1358 18 6 0 0 0 0 0 0 0 0 0 0 0 0
 1367 18 7 0 0 0 0 0 0 0 0 0 0 0 0
 1376 19 0 0 3275980 2989724 0 0 0 0 0 6668856 0 0 0
 1385 19 1 3316744 0 2993960 0 0 0 0 0 6676020 0 0 0
 1394 19 2 2937572 2988992 0 313344 0 0 0 0 7170900 0 0 0
 1403 19 3 410836 413788 1189176 0 0 0 0 0 313352 0 0 0
 1412 19 4 0 0 0 0 0 0 0 0 0 0 0 0
 1421 19 5 0 0 0 0 0 0 0 0 0 0 0 0
 1430 19 6 0 0 0 0 0 0 0 0 0 0 0 0
 1439 19 7 0 0 0 0 0 0 0 0 0 0 0 0
 1448 20 0 0 3267640 2988188 422680 0 0 0 0 6605712 0 0 0
 1457 20 1 3307488 0 3036068 411304 0 0 0 0 6710812 0 0 0
 1466 20 2 2895112 3035044 0 1171700 0 0 0 0 7220456 0 0 0
 1475 20 3 404836 410044 1198400 0 0 0 0 0 2005232 0 0 0
 1484 20 4 0 0 0 0 0 0 0 0 0 0 0 0
 1493 20 5 0 0 0 0 0 0 0 0 0 0 0 0
 1502 20 6 0 0 0 0 0 0 0 0 0 0 0 0
 1511 20 7 0 0 0 0 0 0 0 0 0 0 0 0
 1520 21 0 0 3283396 2932864 424688 0 0 0 0 6564116 0 0 0
 1529 21 1 3216952 0 3108092 437756 0 0 0 0 6723144 0 0 0
 1538 21 2 2941940 3027592 0 1143040 0 0 0 0 7213600 0 0 0
 1547 21 3 404072 409860 1174792 0 0 0 0 0 2004444 0 0 0
 1556 21 4 0 0 0 0 0 0 0 0 0 0 0 0
 1565 21 5 0 0 0 0 0 0 0 0 0 0 0 0
 1574 21 6 0 0 0 0 0 0 0 0 0 0 0 0
 1583 21 7 0 0 0 0 0 0 0 0 0 0 0 0
 1592 22 0 0 3336380 2949824 411152 0 0 0 0 6524132 0 0 0
 1601 22 1 3192220 0 3068912 424584 0 0 0 0 6759052 0 0 0
 1610 22 2 2930188 3000148 0 1138788 0 0 0 0 7235368 0 0 0
 1619 22 3 403856 423580 1213252 0 0 0 0 0 1974492 0 0 0
 1628 22 4 0 0 0 0 0 0 0 0 0 0 0 0
 1637 22 5 0 0 0 0 0 0 0 0 0 0 0 0
 1646 22 6 0 0 0 0 0 0 0 0 0 0 0 0
 1655 22 7 0 0 0 0 0 0 0 0 0 0 0 0
 1664 23 0 0 3293588 2949864 421256 0 0 0 0 6625304 0 0 0
 1673 23 1 3268952 0 3130632 398980 0 0 0 0 6794612 0 0 0
 1682 23 2 2929524 3088536 0 1163376 0 0 0 0 7244272 0 0 0
 1691 23 3 422680 413568 1167932 0 0 0 0 0 1985012 0 0 0
 1700 23 4 0 0 0 0 0 0 0 0 0 0 0 0
 1709 23 5 0 0 0 0 0 0 0 0 0 0 0 0
 1718 23 6 0 0 0 0 0 0 0 0 0 0 0 0
 1727 23 7 0 0 0 0 0 0 0 0 0 0 0 0
 1736 24 0 0 3259544 2936108 452688 0 0 0 0 1450544 0 0 0
 1745 24 1 988536 0 3015460 383120 0 0 0 0 6758920 0 0 0
 1754 24 2 0 3048372 0 1171684 0 0 0 0 7235584 0 0 0
 1763 24 3 460968 452152 1285464 0 0 0 0 0 2005300 0 0 0
 1772 24 4 0 0 0 0 0 0 0 0 0 0 0 0
 1781 24 5 0 0 0 0 0 0 0 0 0 0 0 0
 1790 24 6 0 0 0 0 0 0 0 0 0 0 0 0
 1799 24 7 0 0 0 0 0 0 0 0 0 0 0 0
 1808 25 0 0 480976 2968460 418688 0 0 0 0 6627136 0 0 0
 1817 25 1 3280352 0 2966624 416984 0 0 0 0 1079564 0 0 0
 1826 25 2 2942156 598916 0 1173192 0 0 0 0 7090804 0 0 0
 1835 25 3 404156 0 1153704 0 0 0 0 0 2010988 0 0 0
 1844 25 4 0 0 0 0 0 0 0 0 0 0 0 0
 1853 25 5 0 0 0 0 0 0 0 0 0 0 0 0
 1862 25 6 0 0 0 0 0 0 0 0 0 0 0 0
 1871 25 7 0 0 0 0 0 0 0 0 0 0 0 0
 1880 26 0 0 3237560 499656 420384 0 0 0 0 6650240 0 0 0
 1889 26 1 3295344 0 0 407888 0 0 0 0 6666428 0 0 0
 1898 26 2 2965296 3027888 0 1147388 0 0 0 0 499040 0 0 0
 1907 26 3 394152 400180 0 0 0 0 0 0 1978840 0 0 0
 1916 26 4 0 0 0 0 0 0 0 0 0 0 0 0
 1925 26 5 0 0 0 0 0 0 0 0 0 0 0 0
 1934 26 6 0 0 0 0 0 0 0 0 0 0 0 0
 1943 26 7 0 0 0 0 0 0 0 0 0 0 0 0
 1952 27 0 0 3279800 2970368 0 0 0 0 0 6664696 0 0 0
 1961 27 1 3307492 0 3031840 0 0 0 0 0 6770272 0 0 0
 1970 27 2 2946560 3054508 0 319296 0 0 0 0 7183968 0 0 0
 1979 27 3 412084 434640 1181032 0 0 0 0 0 318316 0 0 0
 1988 27 4 0 0 0 0 0 0 0 0 0 0 0 0
 1997 27 5 0 0 0 0 0 0 0 0 0 0 0 0
 2006 27 6 0 0 0 0 0 0 0 0 0 0 0 0
 2015 27 7 0 0 0 0 0 0 0 0 0 0 0 0
 2024 28 0 0 3300680 2951308 425488 0 0 0 0 6598212 0 0 0
 2033 28 1 3283308 0 3014836 437384 0 0 0 0 6696232 0 0 0
 2042 28 2 2915164 2985792 0 1168640 0 0 0 0 7141020 0 0 0
 2051 28 3 398856 405836 1173852 0 0 0 0 0 2030564 0 0 0
 2060 28 4 0 0 0 0 0 0 0 0 0 0 0 0
 2069 28 5 0 0 0 0 0 0 0 0 0 0 0 0
 2078 28 6 0 0 0 0 0 0 0 0 0 0 0 0
 2087 28 7 0 0 0 0 0 0 0 0 0 0 0 0
 2096 29 0 0 3267720 2949316 442700 0 0 0 0 6613736 0 0 0
 2105 29 1 3263812 0 3073228 425292 0 0 0 0 6686856 0 0 0
 2114 29 2 2939748 3014156 0 1150292 0 0 0 0 7221872 0 0 0
 2123 29 3 409380 405788 1204116 0 0 0 0 0 2019852 0 0 0
 2132 29 4 0 0 0 0 0 0 0 0 0 0 0 0
 2141 29 5 0 0 0 0 0 0 0 0 0 0 0 0
 2150 29 6 0 0 0 0 0 0 0 0 0 0 0 0
 2159 29 7 0 0 0 0 0 0 0 0 0 0 0 0
 2168 30 0 0 3302292 2945116 412596 0 0 0 0 6574244 0 0 0
 2177 30 1 3232260 0 3121508 404388 0 0 0 0 6788724 0 0 0
 2186 30 2 2901092 3064880 0 1194556 0 0 0 0 7245612 0 0 0
 2195 30 3 441576 424288 1179552 0 0 0 0 0 2010668 0 0 0
 2204 30 4 0 0 0 0 0 0 0 0 0 0 0 0
 2213 30 5 0 0 0 0 0 0 0 0 0 0 0 0
 2222 30 6 0 0 0 0 0 0 0 0 0 0 0 0
 2231 30 7 0 0 0 0 0 0 0 0 0 0 0 0
 2240 31 0 0 3295208 2945064 426436 0 0 0 0 6585924 0 0 0
 2249 31 1 3281036 0 3075768 410576 0 0 0 0 6819172 0 0 0
 2258 31 2 2880912 3115240 0 1156424 0 0 0 0 7211896 0 0 0
 2267 31 3 417432 406492 1192056 0 0 0 0 0 1992688 0 0 0
 2276 31 4 0 0 0 0 0 0 0 0 0 0 0 0
 2285 31 5 0 0 0 0 0 0 0 0 0 0 0 0
 2294 31 6 0 0 0 0 0 0 0 0 0 0 0 0
 2303 31 7 0 0 0 0 0 0 0 0 0 0 0 0
 2312 32 0 0 3270688 2925620 466400 0 0 0 0 6681856 0 0 0
 2321 32 1 3287956 0 3004756 404064 0 0 0 0 6658780 0 0 0
 2330 32 2 2979024 2986312 0 1173332 0 0 0 0 7104076 0 0 0
 2339 32 3 413120 403288 1170316 0 0 0 0 0 2043192 0 0 0
 2348 32 4 0 0 0 0 0 0 0 0 0 0 0 0
 2357 32 5 0 0 0 0 0 0 0 0 0 0 0 0
 2366 32 6 0 0 0 0 0 0 0 0 0 0 0 0
 2375 32 7 0 0 0 0 0 0 0 0 0 0 0 0