# Format <LP ID> <Terminal ID> <Job ID> <Local Rank> <Total sends> <Total Recvs> <Bytes sent> <Bytes recvd> <Send time> <Comm. time> <Compute time> <Avg msg time> <Max Msg Time>
 0 0 0 0 28000 28000 32064632 32064632 127488126.339673 139117530.756201 221281641.000000 0.000000 0.000000
 1 1 0 1 28000 28000 38753880 38753880 132465867.233356 147701647.674452 212697416.000000 0.000000 0.000000
 2 2 0 2 28000 28000 38747532 38747532 132464990.243104 142602500.179630 217796347.000000 0.000000 0.000000
 3 3 0 3 28000 24000 32501596 32493596 127855539.131713 157984890.629473 202414089.000000 0.000000 0.000000
 9 4 0 4 28000 32000 39170140 39178140 132801754.965901 137287643.356592 223112292.000000 0.000000 0.000000
 10 5 0 5 28000 24000 33759788 33751788 128587439.943678 153271788.165356 207128263.000000 0.000000 0.000000
 11 6 0 6 24000 24000 27933140 27933140 109769041.894693 175217158.011832 185164753.000000 0.000000 0.000000
 12 7 0 7 28000 32000 39588272 39596272 133368430.860360 137818108.682745 222578617.000000 0.000000 0.000000
 18 8 0 8 28000 24000 32924208 32916208 128209241.538251 153653991.981262 206742940.000000 0.000000 0.000000
 19 9 0 9 24000 28000 32912828 32920828 113696226.505150 166403250.649727 193975712.000000 0.000000 0.000000
 20 10 0 10 28000 28000 36667572 36667572 131012544.502799 145720902.593669 214673135.000000 0.000000 0.000000
 21 11 0 11 28000 24000 32918660 32910660 128293328.148491 153199856.037120 207194322.000000 0.000000 0.000000
 27 12 0 12 24000 24000 29573788 29573788 111344258.998225 153205499.220021 207171666.000000 0.000000 0.000000
 28 13 0 13 28000 32000 40403528 40411528 133807450.846731 117931678.138722 242476255.000000 0.000000 0.000000
 29 14 0 14 28000 24000 32512728 32504728 127928236.891974 128315836.348292 232092238.000000 0.000000 0.000000
 30 15 0 15 24000 28000 32515708 32523708 113448094.834944 144717812.101300 215673868.000000 0.000000 0.000000
 36 16 0 16 28000 28000 36259468 36259468 130639331.162379 126404160.072617 233999395.000000 0.000000 0.000000
 37 17 0 17 28000 24000 32512832 32504832 127965786.229219 131966125.381303 228437534.000000 0.000000 0.000000
 38 18 0 18 24000 28000 33333032 33341032 112915594.284083 146017409.423826 214370975.000000 0.000000 0.000000
 39 19 0 19 28000 28000 36672956 36672956 130382369.690426 127936792.178776 232472337.000000 0.000000 0.000000
 45 20 0 20 28000 24000 32510664 32502664 127045408.647792 132079723.096317 228329607.000000 0.000000 0.000000
 46 21 0 21 24000 28000 32493036 32501036 112661339.923822 144054929.260207 216339161.000000 0.000000 0.000000
 47 22 0 22 28000 28000 36248328 36248328 129830804.658293 128072647.834541 232327608.000000 0.000000 0.000000
 48 23 0 23 28000 24000 32512220 32504220 127116230.061197 132686179.129887 227714205.000000 0.000000 0.000000
 54 24 0 24 24000 28000 34574828 34582828 114087147.931587 149804049.280480 210581177.000000 0.000000 0.000000
 55 25 0 25 28000 28000 32086876 32086876 128578842.630239 151410702.134619 208992324.000000 0.000000 0.000000
 56 26 0 26 28000 28000 38747032 38747032 133498812.149095 142598637.164708 217804276.000000 0.000000 0.000000
 57 27 0 27 28000 28000 38731736 38731736 133645600.030687 142897879.094810 217504609.000000 0.000000 0.000000
 63 28 0 28 28000 24000 32499384 32491384 129090579.144467 155367945.256290 205034763.000000 0.000000 0.000000
 64 29 0 29 28000 32000 39165636 39173636 133707114.360404 136566995.965937 223833299.000000 0.000000 0.000000
 65 30 0 30 28000 24000 33762344 33754344 129753220.646598 152197390.668260 208203034.000000 0.000000 0.000000
 66 31 0 31 24000 24000 27919224 27919224 110962297.362606 174052370.530796 186331504.000000 0.000000 0.000000
 72 32 0 32 28000 32000 39589368 39597368 133968252.929932 137285199.720056 223121860.000000 0.000000 0.000000
 73 33 0 33 28000 24000 32931868 32923868 129103051.850810 153894737.098811 206512422.000000 0.000000 0.000000
 74 34 0 34 24000 28000 32917724 32925724 114290962.004549 165049233.342400 195339573.000000 0.000000 0.000000
 75 35 0 35 28000 28000 36670540 36670540 132030928.240474 145883273.578678 214527185.000000 0.000000 0.000000
 81 36 0 36 28000 24000 32926448 32918448 128295527.274497 124606882.783572 235803630.000000 0.000000 0.000000
 82 37 0 37 24000 24000 29578180 29578180 111368053.572769 149159212.357435 211233941.000000 0.000000 0.000000
 83 38 0 38 28000 32000 40395288 40403288 132891608.434052 108035883.473519 252373566.000000 0.000000 0.000000
 84 39 0 39 28000 24000 32509204 32501204 127423630.599991 126091530.819335 234318056.000000 0.000000 0.000000
 90 40 0 40 24000 28000 32489604 32497604 112698545.090638 138475698.997260 221916890.000000 0.000000 0.000000
 91 41 0 41 28000 28000 36249024 36249024 129669788.204719 120635122.561063 239774973.000000 0.000000 0.000000
 92 42 0 42 28000 24000 32512212 32504212 127159391.473922 126686529.552272 233723661.000000 0.000000 0.000000
 93 43 0 43 24000 28000 33330416 33338416 114131879.475032 139049532.374599 221345589.000000 0.000000 0.000000
 99 44 0 44 28000 28000 36664632 36664632 131078726.793545 120440575.273494 239964819.000000 0.000000 0.000000
 100 45 0 45 28000 24000 32512460 32504460 128042013.919260 126062180.343601 234343357.000000 0.000000 0.000000
 101 46 0 46 24000 28000 32504656 32512656 113394412.614843 135947852.831483 224442540.000000 0.000000 0.000000
 102 47 0 47 28000 28000 36240660 36240660 131137777.744230 120423396.281315 239979491.000000 0.000000 0.000000
 108 48 0 48 28000 24000 32497448 32489448 127940935.812724 140102616.159553 220300506.000000 0.000000 0.000000
 109 49 0 49 24000 28000 34559788 34567788 115044805.912647 162771190.211912 197616771.000000 0.000000 0.000000
 110 50 0 50 28000 28000 32073480 32073480 127571287.599540 149903245.126338 210498245.000000 0.000000 0.000000
 111 51 0 51 28000 28000 38736336 38736336 132450227.904017 141846264.531982 218555148.000000 0.000000 0.000000
 117 52 0 52 28000 28000 38740296 38740296 132605297.308840 140495061.780201 219905173.000000 0.000000 0.000000
 118 53 0 53 28000 24000 32496240 32488240 127935701.695923 154012350.519626 206387759.000000 0.000000 0.000000
 119 54 0 54 28000 32000 39172064 39180064 132890998.203439 134588260.521794 225812989.000000 0.000000 0.000000
 120 55 0 55 28000 24000 33734884 33726884 129237599.564509 150322103.535002 210079277.000000 0.000000 0.000000
 126 56 0 56 24000 24000 27921168 27921168 110087184.651731 171794493.112791 188587885.000000 0.000000 0.000000
 127 57 0 57 28000 32000 39571236 39579236 133288602.151542 135837308.977006 224567343.000000 0.000000 0.000000
 128 58 0 58 28000 24000 32913348 32905348 128456048.453377 151491275.789323 208913513.000000 0.000000 0.000000
 129 59 0 59 24000 28000 32901292 32909292 113924068.062038 162923266.656302 197464719.000000 0.000000 0.000000
 135 60 0 60 28000 28000 36652636 36652636 131061437.361635 111336860.342304 249068822.000000 0.000000 0.000000
 136 61 0 61 28000 24000 32903816 32895816 127116808.513516 122185658.723022 238220139.000000 0.000000 0.000000
 137 62 0 62 24000 24000 29578936 29578936 110150635.787458 140548850.670858 219840684.000000 0.000000 0.000000
 138 63 0 63 28000 32000 40420396 40428396 136650694.154167 106792093.228727 253610329.000000 0.000000 0.000000
 144 64 0 64 28000 24000 32511148 32503148 128827954.489298 121425753.515527 238977243.000000 0.000000 0.000000
 145 65 0 65 24000 28000 32486276 32494276 114429833.497945 133156332.684837 227230596.000000 0.000000 0.000000
 146 66 0 66 28000 28000 36263460 36263460 130734224.052211 117149821.809141 243258798.000000 0.000000 0.000000
 147 67 0 67 28000 24000 32516192 32508192 128001607.938885 121547009.279648 238861752.000000 0.000000 0.000000
 153 68 0 68 24000 28000 33328608 33336608 114819323.249800 133970960.630168 226422680.000000 0.000000 0.000000
 154 69 0 69 28000 28000 36652080 36652080 130667388.686290 116863047.348130 243539895.000000 0.000000 0.000000
 155 70 0 70 28000 24000 32513128 32505128 128013326.189316 120859420.055660 239543657.000000 0.000000 0.000000
 156 71 0 71 24000 28000 32502492 32510492 113569473.796266 130618012.344905 229770034.000000 0.000000 0.000000
 162 72 0 72 28000 28000 36243032 36243032 130795301.156650 131242581.827067 229163078.000000 0.000000 0.000000
 163 73 0 73 28000 24000 32513740 32505740 128073496.166597 151908369.632241 208497423.000000 0.000000 0.000000
 164 74 0 74 24000 28000 34580544 34588544 115688074.413722 159654240.052298 200734882.000000 0.000000 0.000000
 165 75 0 75 28000 28000 32073304 32073304 127896561.960544 147630836.679801 212769334.000000 0.000000 0.000000
 171 76 0 76 28000 28000 38745076 38745076 132763868.119819 140130760.856290 220269253.000000 0.000000 0.000000
 172 77 0 77 28000 28000 38745084 38745084 132169799.654912 139668200.590100 220731289.000000 0.000000 0.000000
 173 78 0 78 28000 24000 32506812 32498812 127849490.739047 153245419.037413 207154213.000000 0.000000 0.000000
 174 79 0 79 28000 32000 39157496 39165496 132194289.466834 134890988.869663 225512260.000000 0.000000 0.000000
 180 80 0 80 28000 24000 33753704 33745704 127966951.625077 150235245.413464 210168233.000000 0.000000 0.000000
 181 81 0 81 24000 24000 27913272 27913272 109206635.915939 171433248.199670 188949207.000000 0.000000 0.000000
 182 82 0 82 28000 32000 39590796 39598796 132332109.354089 137244213.145734 223159730.000000 0.000000 0.000000
 183 83 0 83 28000 24000 32925712 32917712 127760928.180889 152170320.901737 208233754.000000 0.000000 0.000000
 189 84 0 84 24000 28000 32915360 32923360 112891639.460022 137391274.011929 222996887.000000 0.000000 0.000000
 190 85 0 85 28000 28000 36667220 36667220 129843676.739893 120464089.132280 239942113.000000 0.000000 0.000000
 191 86 0 86 28000 24000 32913384 32905384 128355088.791324 127787324.318085 232618993.000000 0.000000 0.000000
 192 87 0 87 24000 24000 29579992 29579992 111381939.121874 149789410.998667 210598094.000000 0.000000 0.000000
 198 88 0 88 28000 32000 40408496 40416496 134589040.599809 113720896.684212 246685767.000000 0.000000 0.000000
 199 89 0 89 28000 24000 32501152 32493152 128806861.479727 128170092.146303 232236686.000000 0.000000 0.000000
 200 90 0 90 24000 28000 32488836 32496836 113971325.827045 142174814.415626 218214517.000000 0.000000 0.000000
 201 91 0 91 28000 28000 36249616 36249616 131779234.114823 122588444.154189 237821715.000000 0.000000 0.000000
 207 92 0 92 28000 24000 32511208 32503208 128033806.142638 128916622.705372 231493775.000000 0.000000 0.000000
 208 93 0 93 24000 28000 33332156 33340156 114103400.962661 142981048.896495 217412151.000000 0.000000 0.000000
 209 94 0 94 28000 28000 36649744 36649744 132829383.415385 121474823.902273 238929658.000000 0.000000 0.000000
 210 95 0 95 28000 24000 32494248 32486248 129768597.667344 128187764.725339 232216835.000000 0.000000 0.000000
 216 96 0 96 24000 28000 32497608 32505608 116048702.017450 201329387.140012 159058924.000000 0.000000 0.000000
 217 97 0 97 28000 28000 36236440 36236440 131956111.292464 204688327.117480 155710913.000000 0.000000 0.000000
 218 98 0 98 28000 24000 32480632 32472632 130418563.701351 208812462.737443 151586885.000000 0.000000 0.000000
 219 99 0 99 24000 28000 34541172 34549172 117636791.611339 212544437.741843 147840461.000000 0.000000 0.000000