# Format <LP ID> <Group ID> <Router ID> <Link traffic per router port(s)># Router ports in the order: 10 local channels, 5 global channels
 10 0 0 0 252272 724344 549248 43768 52544 50192 273168 103288 111008 102976 127672 127688 125912 98928
 21 0 1 229408 0 338064 737536 594472 77248 87720 196752 599544 481400 945944 289400 280944 240448 85424
 32 0 2 739288 345272 0 546720 497224 542248 83840 97696 116064 336576 590056 292768 265952 194856 88336
 43 0 3 383368 730184 561272 0 598408 827712 870072 413392 438992 424952 3028552 236264 220472 158080 37328
 54 0 4 81560 589296 486864 568504 0 266784 503856 541216 128184 154912 326984 290512 287576 163472 103328
 65 0 5 83384 90592 543240 790720 258904 0 249512 513328 571288 119240 291680 288032 285104 94848 97704
 76 0 6 85416 81792 81568 845392 491640 245584 0 279672 537768 592872 330776 296856 275976 102480 95128
 87 0 7 93816 197496 90848 396448 543376 504448 284888 0 313168 560888 307000 306008 290272 97488 96832
 98 0 8 145984 582944 117592 419712 129592 565416 526456 314440 0 345424 300664 301952 280872 105728 100744
 109 0 9 120704 462880 327064 387968 150776 124720 586776 559688 345448 0 311256 301792 282048 94680 97840
 120 1 0 0 566912 687160 922920 146192 120656 137872 350696 200256 220856 915672 308536 287504 310232 111080
 131 1 1 535976 0 176400 582304 746120 85768 92656 90208 314976 143168 116288 143840 141864 134080 120488
 142 1 2 663984 151360 0 306280 786632 565096 93816 230408 411008 658552 976264 288544 271624 216488 112960
 153 1 3 968672 582368 307304 0 574880 501112 536448 96656 115208 125272 729872 307792 295528 231056 102920
 164 1 4 159912 636240 777056 582000 0 580336 813712 903320 451360 426320 3059080 252056 243824 125680 63728
 175 1 5 124000 125936 537976 495736 553664 0 245160 520088 594544 143176 349744 315696 298584 119864 116720
 186 1 6 121216 112944 101608 562472 780920 246536 0 285688 541240 574224 317496 326024 278416 126064 118072
 197 1 7 353744 131224 230960 90600 870216 507272 275680 0 318384 566240 360408 323296 319088 114736 119368
 208 1 8 189800 182608 392944 120216 406448 576032 528168 321928 0 337760 332104 317472 312168 119312 117472
 219 1 9 237928 168616 645736 127664 404864 157104 579904 546824 336760 0 324008 298072 305064 112688 116264
 230 2 0 0 669272 524440 656712 396456 166608 132088 342648 224928 580128 587296 317696 300520 302248 105496
 241 2 1 711376 0 366992 537400 699160 340264 120016 112240 354528 225576 953160 298192 299024 270112 115312
 252 2 2 479648 350464 0 253504 502992 725232 67368 68984 70296 299144 118672 139472 125560 118880 114936
 263 2 3 660544 548952 225376 0 182672 778032 547992 81016 154200 484328 688384 285464 275704 230080 109912
 274 2 4 441408 692952 500472 165936 0 560528 485552 543552 101208 166872 754136 294624 297592 168432 120344
 285 2 5 147536 372224 676000 759344 580072 0 553560 801832 850856 452448 2954648 249616 252080 60704 64584
 296 2 6 122256 117696 100992 540520 481256 515144 0 264312 382960 384288 336048 330544 299640 120904 121112
 307 2 7 335400 119336 97176 88880 534408 775448 266992 0 273352 195944 331016 304912 317248 124296 114552
 318 2 8 226264 344536 101712 154848 105680 837464 391536 269216 0 354072 350912 297224 310168 109608 119936
 329 2 9 548608 221656 186224 457160 169152 419360 387376 195824 344952 0 317096 320536 296288 120576 121496
 340 3 0 0 711112 953672 779304 510792 753344 510384 669880 475072 280712 3011920 325896 314040 324000 125320
 351 3 1 693960 0 590680 568328 700080 249288 429816 223800 525344 559032 734048 370680 351632 345736 172560
 362 3 2 937720 620272 0 284152 578248 666968 455224 192184 202960 420016 676696 378368 350184 278120 186952
 373 3 3 856312 497520 285344 0 302968 512960 760824 94136 106120 105416 184720 208416 202992 202680 189512
 384 3 4 460184 671208 571584 270664 0 338936 860392 745472 466584 532112 1098352 377504 352904 241408 156568
 395 3 5 739744 257784 652104 542496 338512 0 488928 588456 651984 206952 775704 383240 361216 174264 182896
 406 3 6 471728 449664 471736 739560 853176 515080 0 667656 912824 972688 3094728 311264 295184 125632 124912
 417 3 7 653864 224800 192976 175904 719984 588424 647816 0 395912 666520 413176 372200 382704 182736 186056
 428 3 8 457584 512936 200392 198912 456184 656936 873296 404680 0 417848 406032 381392 378680 196248 175528
 439 3 9 289720 531848 428392 206888 505624 204032 943056 649752 415376 0 421240 384872 381168 186296 165760
 450 4 0 0 712384 633640 1009928 202408 210120 465728 462024 267352 312336 331016 406008 374016 383648 205968
 461 4 1 738336 0 729416 1156248 816432 515376 568672 748496 676824 306752 3033232 330792 328296 294680 136936
 472 4 2 628224 716848 0 452336 557816 637672 216312 494392 295600 731496 739944 382856 368408 297040 190344
 483 4 3 1037888 1183024 452968 0 276888 570392 624040 440656 194904 196760 1067976 367336 362000 288472 172224
 494 4 4 110152 825192 509256 298448 0 275784 500032 788768 102800 106592 198152 201264 222928 199872 198448
 505 4 5 205544 486792 638792 559536 268616 0 332408 973104 947232 530272 1110624 375944 353152 166944 180520
 516 4 6 511600 560288 219912 615040 522456 326192 0 652568 591408 663376 771888 388096 369288 173040 186416
 527 4 7 459256 732304 525704 480296 764528 966936 676616 0 589904 932264 3121616 324176 336504 136440 132296
 538 4 8 280928 660160 279136 188136 205912 897056 595560 559720 0 442368 411600 385056 391392 206864 187880
 549 4 9 301232 299912 699872 198560 208000 496280 641680 898928 444472 0 409560 397928 390960 200520 190528
 560 5 0 0 464392 909192 735712 480792 203160 206016 687328 298112 298192 309464 393296 388160 361368 200144
 571 5 1 459408 0 720328 611808 972408 197256 198392 294344 651672 250928 347160 412864 370848 347072 193280
 582 5 2 915480 721360 0 664632 978472 742176 489296 503008 723192 398472 2932504 336672 312888 255952 140648
 593 5 3 702416 611928 637808 0 364000 546064 607656 189496 566552 502272 772456 375080 372200 302304 199200
 604 5 4 537136 981152 975832 354512 0 277832 562152 630456 494816 198544 1099344 376616 385000 244016 181256
 615 5 5 111856 106832 756776 496952 294568 0 260464 251952 519408 100352 192848 219792 217928 193904 189232
 626 5 6 208360 202240 442000 604672 568552 277360 0 474320 792744 680560 1051424 346368 358552 163712 184680
 637 5 7 715576 298056 480592 198208 630880 297896 447064 0 653784 230784 811328 372816 382392 185432 188848
 648 5 8 302568 679880 722952 597736 516088 519000 763848 676664 0 696368 3047120 322464 317176 133632 143024
 659 5 9 299520 252912 414656 478016 204776 209592 636192 237560 665280 0 412632 375448 379784 192488 183712
 670 6 0 0 440888 649664 982888 191600 443648 196560 401144 537184 344232 319504 417600 369376 375808 198432
 681 6 1 431104 0 413776 887960 696072 457320 202088 211288 511360 496456 320456 398528 392488 368544 198488
 692 6 2 645768 419936 0 639632 575656 717744 176672 190760 237136 700208 335192 415552 370632 317696 179160
 703 6 3 1037328 930000 666216 0 662248 873496 732264 473760 468800 509712 3035384 321328 303248 258912 135488
 714 6 4 208112 692696 568088 645824 0 342840 554936 634488 275112 790800 799896 393296 365712 243512 180640
 725 6 5 478216 492840 752496 854440 337672 0 279416 586216 654800 500976 1054704 360936 357456 190728 176272
 736 6 6 102392 102384 100776 761712 506544 263440 0 281832 506984 787008 201504 221456 211848 210352 191664
 747 6 7 406320 203504 180664 448496 641696 571728 309520 0 661048 1237096 1089240 364640 378912 170000 172216
 758 6 8 567288 541784 221096 439800 277824 650768 580064 643112 0 692808 803632 384200 372720 187968 188816
 769 6 9 337760 529336 747296 530840 793800 536936 795040 1204976 734448 0 3117880 321064 319720 133864 125968
 780 7 0 0 703272 959104 1066472 810664 525456 800184 555200 577784 868208 225640 3141000 323528 311592 127712
 791 7 1 667856 0 296520 617008 1005288 195360 449648 217128 439360 373520 365568 410208 379448 373544 194624
 802 7 2 891376 288392 0 364784 883280 635736 278264 181152 204184 447072 328184 413832 385872 329728 199504
 813 7 3 1019600 616592 355760 0 647544 576760 620208 165688 203728 228488 434448 416504 370840 301656 195544
 824 7 4 813352 1015504 897488 691488 0 669376 844280 755392 429944 216360 3108864 337112 333736 208696 138352
 835 7 5 512096 195144 637992 563376 634872 0 331304 580368 727888 510360 799744 391744 363712 185264 193880
 846 7 6 820984 473296 279616 611600 834912 340328 0 303944 599792 653424 1079856 381944 346280 175080 180408
 857 7 7 570016 123816 116448 107592 766064 541504 299256 0 401840 535248 190624 219464 207776 197008 190168
 868 7 8 549960 447408 221080 198064 430456 714280 597864 432920 0 746640 1086024 368200 360896 178368 186720
 879 7 9 881736 364296 456864 224656 220952 471176 650744 602928 711808 0 830864 375984 365048 189448 196688
 890 8 0 0 524032 654672 757488 231440 475512 210096 723408 249656 292712 301056 789192 391552 391920 194648
 901 8 1 537560 0 708912 928216 1008664 797656 495880 768944 557216 557024 246960 3033536 324680 295176 132512
 912 8 2 660400 680912 0 345752 586136 936488 176584 295224 201952 434824 350384 419704 368208 307960 205968
 923 8 3 744216 891128 357784 0 241304 865480 629152 176736 196896 206224 408192 413192 378320 312336 193624
 934 8 4 232048 972824 582888 242248 0 618624 181456 387568 191568 199000 438984 421080 388240 251376 203824
 945 8 5 512984 789656 964856 894400 662592 0 616232 469560 437504 219568 3013360 334584 311664 140808 141392
 956 8 6 195064 475088 171656 620776 179736 572576 0 389392 381264 976608 814200 394336 368504 178776 186744
 967 8 7 757600 771088 316176 176232 403056 457848 382968 0 361496 738608 1097592 399272 376024 182312 173840
 978 8 8 204648 558384 135200 139144 135184 476800 354168 316824 0 566312 189832 216768 220888 197824 185072
 989 8 9 309256 530192 447768 210656 195008 233576 901960 748080 624480 0 1070432 354832 377048 185416 189856
 1000 9 0 0 723744 647096 729480 210144 219344 477648 552280 835992 584072 284568 1101088 347848 372944 167096
 1011 9 1 723640 0 639320 619272 697584 200936 476552 204976 677376 263896 321136 790808 391504 360200 195144
 1022 9 2 662280 673472 0 655712 907744 966344 795848 514256 629888 523080 246336 3116640 303328 254224 127816
 1033 9 3 716944 626496 632016 0 374832 572664 927696 171632 204776 221240 411080 405256 355000 320120 195008
 1044 9 4 198520 693320 867144 358704 0 342184 869560 648720 201352 214256 404976 395064 399904 271912 189744
 1055 9 5 231552 198152 925112 562704 328816 0 510840 592712 646680 194800 403296 439472 380512 192800 192360
 1066 9 6 500504 511400 801944 925120 909136 540808 0 664560 832192 497704 3107936 353512 317848 119280 131752
 1077 9 7 517040 217648 495552 173784 632104 584560 634768 0 470136 898280 818648 384768 397336 192840 183336
 1088 9 8 826664 703600 602824 208800 200776 643080 809504 461432 0 381736 1090976 373096 369152 175752 166856
 1099 9 9 521776 200296 579920 166144 136008 152872 569192 833952 315632 0 187032 224832 228408 184584 204760
 1110 10 0 0 351344 819984 620688 143208 143256 163344 547512 201112 517944 204408 184248 237808 233376 190176
 1121 10 1 389024 0 480112 846552 695136 199952 210736 601224 698696 834456 291480 1099856 377832 343856 184168
 1132 10 2 901096 477184 0 634224 581896 635288 181904 486248 214704 531944 308944 801096 377024 284440 183584
 1143 10 3 503816 838776 645576 0 674560 893864 942216 799376 512032 503024 321216 3124832 315288 256016 135048
 1154 10 4 214920 701856 581944 667648 0 337968 559336 911952 198488 226816 406912 409080 382656 247864 202192
 1165 10 5 203592 204136 637368 848072 336208 0 330928 867328 637032 195816 406848 405056 370024 197936 201480
 1176 10 6 220664 204944 172616 916120 566104 334968 0 629832 629312 668536 408680 416952 382856 188896 188096
 1187 10 7 512456 617320 513104 792728 952408 905944 666536 0 533880 648960 3107096 328080 320648 132848 141168
 1198 10 8 246248 695896 213824 478784 203032 648120 606648 521808 0 706448 778448 371520 381464 191000 194672
 1209 10 9 565048 870640 539496 480240 230032 206792 655776 665496 673720 0 1104632 374624 361752 171432 180584
 1220 11 0 0 651472 754032 985712 244312 201928 201000 456512 536616 301352 288592 1060040 376672 369560 188192
 1231 11 1 592352 0 349128 616216 790704 130096 140680 146448 592136 171360 208832 190896 211840 221504 195152
 1242 11 2 735752 352592 0 369304 844096 511720 169192 290296 778040 689512 294744 1054496 362576 299480 174632
 1253 11 3 1029592 660192 362456 0 612616 182136 364352 180968 474296 184288 386216 783032 355752 302208 187360
 1264 11 4 232176 724192 865888 655336 0 641032 489400 694032 798384 499488 324264 3018600 317120 201968 132000
 1275 11 5 212504 200120 499080 185496 622272 0 333696 459600 932432 208304 415616 423672 378904 191216 195960
 1286 11 6 204952 197488 181336 360208 466832 321928 0 363832 882256 662104 400712 395504 366584 189944 191672
 1297 11 7 446256 200128 278088 177696 656432 461968 355488 0 641728 651112 431704 429000 387816 188840 199312
 1308 11 8 538128 568952 787920 502144 802736 968976 898400 673760 0 503664 3032496 326320 337248 131992 130584
 1319 11 9 287544 231336 663008 193720 468296 222416 650304 637064 523768 0 765408 379824 383968 197848 193120
 1330 12 0 0 668040 579640 737272 479584 212496 217272 444480 370232 876648 294304 801936 385096 382040 181960
 1341 12 1 712064 0 436048 620336 758472 416800 198872 214712 444368 563880 296592 1028152 369352 347592 184472
 1352 12 2 513672 405624 0 288960 543784 755720 114640 112992 117136 544512 202848 185096 223960 195744 187280
 1363 12 3 706312 621024 296288 0 377120 845952 620248 281496 472224 809936 367944 1133688 347712 287896 177616
 1374 12 4 489408 786336 565280 377208 0 642456 573080 626152 195392 501776 391864 819648 370128 244760 182112
 1385 12 5 234208 444080 737664 849696 661776 0 645368 909880 969232 820464 328296 3090544 312592 130856 131152
 1396 12 6 220744 193312 169416 608968 565608 624984 0 361080 620176 984760 402608 425800 377096 183864 193944
 1407 12 7 453448 206976 200296 270248 635840 851216 355144 0 401152 883376 408624 400584 394520 198456 185040
 1418 12 8 378352 446224 196272 454840 207232 951520 610384 385920 0 654384 431976 428824 387816 180232 187936
 1429 12 9 868416 554680 568192 838808 516272 805376 1007576 922704 668696 0 3145800 317584 323000 121128 125840
 1440 13 0 0 758424 1217024 822080 532296 819088 542856 708128 530936 360352 228744 3077592 325896 328504 136304
 1451 13 1 712216 0 539632 575632 709808 279088 441272 226520 529368 573216 309944 809624 379944 364000 187496
 1462 13 2 1240832 585032 0 290992 582152 647024 453264 198528 209840 431000 306112 1062680 366720 303712 177408
 1473 13 3 845136 516568 275208 0 296856 518880 778432 94808 107088 105592 217240 205048 207224 202912 206384
 1484 13 4 495880 711672 581368 282792 0 347896 858872 744536 469184 514656 354432 1104664 362248 229224 174896
 1495 13 5 808688 281184 651704 545480 338664 0 614752 584624 653360 205472 376568 823896 373480 191144 188888
 1506 13 6 504944 448568 481120 735808 841344 641464 0 692432 940720 962264 336512 3111160 315696 130160 137896
 1517 13 7 709424 228040 204064 171320 720536 576088 666912 0 382160 646552 422960 414984 383040 181736 182992
 1528 13 8 485272 516592 217456 192920 447160 664112 889648 390160 0 423016 412776 411216 378672 196584 204488
 1539 13 9 348016 541416 413544 210248 490416 212272 906016 641448 410704 0 418264 412616 385680 198928 204792
 1550 14 0 0 714064 631248 1015872 208784 203376 485304 434376 272152 297152 307336 426632 421880 380800 187080
 1561 14 1 756880 0 704760 1121088 516472 505896 573744 734496 697032 293904 248496 2995496 338800 292984 139792
 1572 14 2 623016 672672 0 453048 178976 377088 208200 472552 289680 736200 289048 817328 364312 294456 172048
 1583 14 3 1058640 1170920 456952 0 159992 188672 389032 435200 191200 210648 348352 1082112 370448 294792 169352
 1594 14 4 106936 555656 121576 187216 0 281312 496360 769832 106488 110848 214368 187488 210648 199272 197184
 1605 14 5 209352 485904 368912 188728 271448 0 336032 975968 933112 537992 370952 1094472 353448 171928 176352
 1616 14 6 505952 526040 212040 378296 542440 321448 0 634016 608520 649928 383000 830040 368968 198432 189304
 1627 14 7 450568 705648 498992 461600 739464 947888 647768 0 709600 945496 331720 3015560 336984 134088 121416
 1638 14 8 278232 658800 285648 194520 202512 915544 597600 676136 0 436248 428944 429520 384248 193632 198736
 1649 14 9 307472 305560 696176 197320 197408 498520 666040 883512 448200 0 395248 396432 389416 197344 202888
 1660 15 0 0 474864 901008 725056 500936 208072 206816 698368 301288 292848 290760 382944 393288 382992 211552
 1671 15 1 462200 0 697832 610024 950520 189416 191896 292728 663672 273160 308232 424168 433736 368232 201216
 1682 15 2 931960 712832 0 673136 991104 769408 475328 526264 729152 432080 242952 3115032 307400 247056 123080
 1693 15 3 714864 601568 641136 0 371584 527232 653824 200160 554816 506888 360064 805928 362424 304776 190536
 1704 15 4 536440 975472 972376 333976 0 277832 567048 628280 501568 211504 386568 1096384 376176 233744 177304
 1715 15 5 107832 101592 778256 487072 275040 0 150536 507664 789816 111640 217896 190960 211704 199728 188864
 1726 15 6 196944 209000 466472 617720 560768 157424 0 457680 1172304 1008616 390136 1115712 372472 168960 177624
 1737 15 7 737120 282568 482152 217160 627136 552400 463704 0 676384 621496 384600 788416 382248 189280 182160
 1748 15 8 298024 687648 732520 583120 517472 769784 1139376 697560 0 742376 330256 3120336 327536 131880 136376
 1759 15 9 314472 294744 452624 479432 211344 207688 972968 613872 699016 0 397152 410008 387408 203056 190016
 1770 16 0 0 456600 665088 981408 213400 501920 201376 413776 540560 355368 298736 434544 432616 380648 195184
 1781 16 1 458712 0 410624 918704 721832 438536 186576 207200 510496 499496 325400 407920 406104 368200 201272
 1792 16 2 666384 426592 0 653296 576680 743720 175592 203384 240208 690752 305992 428752 403552 295784 200488
 1803 16 3 1026104 937560 686744 0 665992 863024 742888 473336 458800 514520 326472 3092824 304400 243392 138672
 1814 16 4 211768 709808 590072 636368 0 347456 556688 640344 283744 817608 379544 802976 380112 263248 186856
 1825 16 5 540976 485552 742168 858768 329304 0 281968 576312 645464 499984 364688 1112320 375576 179400 177560
 1836 16 6 107864 99960 104088 766840 519360 267120 0 288192 505680 784800 206992 198160 211560 192360 191432
 1847 16 7 431736 210408 186384 435896 649624 570440 304280 0 549320 1247352 380552 1072528 370016 169504 168840
 1858 16 8 577992 518832 232304 418704 275632 663816 564376 520704 0 688104 388456 803256 380272 175192 181368
 1869 16 9 349656 531104 733600 554152 810504 529168 796864 1199304 719736 0 332136 3116896 325320 139560 127016
 1880 17 0 0 675360 792984 814536 758056 523048 807144 570144 551392 853464 229080 325648 3077744 320808 130792
 1891 17 1 660184 0 426952 236120 713760 195240 455488 204592 459656 364208 299632 419512 416360 374680 182080
 1902 17 2 757648 418248 0 363592 474600 502080 282816 182832 210144 420824 306392 397368 368248 308640 190592
 1913 17 3 790480 236640 345160 0 626208 575344 629328 169592 210048 193616 371424 432032 408632 303056 200656
 1924 17 4 781256 742328 514592 665624 0 649608 863912 732144 451328 211592 327080 2985576 323800 188968 118864
 1935 17 5 483328 192976 481512 562344 616992 0 339016 569440 732224 498312 382912 804224 378560 187232 194728
 1946 17 6 825328 479320 280072 616536 852856 341016 0 291472 615704 644312 362376 1095856 364848 166200 168120
 1957 17 7 558544 126424 113128 102024 750808 531960 303848 0 402048 524728 219520 193000 206960 185584 193984
 1968 17 8 575728 439720 205984 202352 431088 731048 593848 443192 0 695352 416040 1037408 381992 187944 171032
 1979 17 9 856728 376488 436456 200960 217752 470728 632328 576432 662656 0 372160 778992 369008 182984 171376
 1990 18 0 0 541704 653480 742896 218056 461728 193208 655456 236392 295848 293448 396992 787584 397712 176368
 2001 18 1 535944 0 712568 938760 1021152 831400 529312 791176 583632 539000 252472 319792 3104560 311200 134160
 2012 18 2 638256 668064 0 354464 584456 921896 172424 283016 219256 444328 310792 431056 395696 306224 189264
 2023 18 3 744016 884464 357440 0 367960 864432 624464 173464 199872 200400 391632 395280 384432 318056 197424
 2034 18 4 220776 1019704 583920 357344 0 612512 571904 637320 196864 196256 394800 429248 395536 249504 201920
 2045 18 5 501512 815416 947584 914200 659784 0 629112 851024 707720 238904 314144 3067048 319352 136768 133920
 2056 18 6 199584 484448 181136 618968 568160 605368 0 359568 660664 969344 385008 802448 373936 184192 179816
 2067 18 7 688744 776264 298944 172528 629608 848344 376976 0 348600 726608 369432 1058088 370608 162584 168640
 2078 18 8 189992 585032 150624 129000 128296 745496 607888 321032 0 567640 217312 195392 219728 192568 191736
 2089 18 9 295968 532432 419216 209320 208616 215232 934272 727816 629192 0 384384 1065848 369528 183184 187088
 2100 19 0 0 705752 655176 727792 209288 228480 475216 536424 857648 326712 283344 380384 874040 355728 172104
 2111 19 1 744360 0 523136 635160 677496 188752 489112 216272 683440 226512 307960 354432 793992 355768 188240
 2122 19 2 660352 557688 0 658736 905992 961072 801256 520792 620856 487392 229216 315552 3079376 239512 128448
 2133 19 3 734864 634376 636392 0 366208 583088 899560 161224 196104 186120 378552 405208 376960 317096 193864
 2144 19 4 202616 657120 872656 368904 0 350648 864632 631232 197712 162728 378968 388592 383552 256368 184920
 2155 19 5 226104 198552 924824 574096 340720 0 622752 592704 661552 172048 385728 408808 413904 194848 191864
 2166 19 6 504408 535680 789064 949432 873032 654792 0 682768 831912 457440 331112 3096496 299864 122784 131296
 2177 19 7 519824 213048 477280 165848 623680 587704 629248 0 460952 860088 378232 776840 386056 188152 188128
 2188 19 8 837920 706880 597920 209112 198440 656128 815992 470912 0 356688 359184 1074648 365080 169544 167968
 2199 19 9 278392 171120 524120 114720 109296 112344 519848 768576 301128 0 229216 176712 215256 184072 201840
 2210 20 0 0 361840 461256 344952 140304 148456 167024 541176 183920 522536 225440 216360 187080 215792 186800
 2221 20 1 380736 0 439496 422600 688792 184512 190064 570384 679432 724976 290176 374800 1131696 341184 162288
 2232 20 2 509440 448000 0 607280 575864 616960 153512 459040 191920 406048 296504 380240 750136 299592 175208
 2243 20 3 228840 429736 641600 0 558056 905208 935336 772544 512160 509760 311040 327976 3040056 250080 134984
 2254 20 4 204480 685000 558168 528816 0 336448 579408 925064 193864 232288 384792 409464 427104 247376 181096
 2265 20 5 203048 188992 604648 864888 338312 0 326664 871480 659088 201248 385536 390760 389176 187376 194920
 2276 20 6 229240 180736 164136 894344 576960 338104 0 625528 607880 662912 364872 411320 408560 181352 182704
 2287 20 7 505664 603792 485200 784624 956472 900424 667520 0 656400 656272 321712 3002952 336128 121392 134056
 2298 20 8 272280 687512 199240 487592 196440 642400 609920 632016 0 718680 385056 772208 365496 175728 180624
 2309 20 9 583392 729936 405168 482688 231536 203848 634376 646312 676104 0 375424 879952 380352 178112 176520
 2320 21 0 0 655784 758504 1011616 237712 210192 203440 449688 547608 294912 277592 373968 1054272 384016 193296
 2331 21 1 583040 0 346296 623040 792144 138680 137432 145376 568336 190024 219808 230016 189360 229824 192904
 2342 21 2 739920 353392 0 370400 862368 632360 172032 309952 763216 723464 290688 369872 1076096 306064 169512
 2353 21 3 1024528 648944 389696 0 623328 575016 608312 165160 485896 198296 378432 392440 799768 303296 180960
 2364 21 4 229656 723848 853744 655936 0 658392 896232 963368 836952 502160 328368 331032 3115760 193952 133392
 2375 21 5 202248 194008 628496 561360 641424 0 206080 582904 960968 225224 391680 408632 396608 186704 196488
 2386 21 6 200096 202248 166352 616280 868176 215840 0 366080 885808 677152 370520 396248 417064 189736 188040
 2397 21 7 445632 216376 292912 183952 912480 577656 354288 0 667200 654928 402792 417088 406016 193032 196320
 2408 21 8 558000 566840 767392 520032 814360 964768 907000 699040 0 526464 310088 3128872 341896 132512 139928
 2419 21 9 307384 241320 707808 199824 488272 222728 684984 645288 529608 0 367272 788544 382384 182368 209712
 2430 22 0 0 734872 597496 719848 468328 228944 219120 460888 316160 819544 274616 380488 732256 369632 164744
 2441 22 1 767560 0 439896 617984 785632 414808 201264 204776 378624 509200 284072 365704 1060256 346048 164160
 2452 22 2 527352 420392 0 301656 542384 771304 109792 110008 111768 542288 196112 196368 180288 190752 183656
 2463 22 3 728968 605472 305480 0 366872 847176 603368 289072 162992 503952 364000 381256 517792 291536 166616
 2474 22 4 490072 760520 559600 384776 0 641448 578776 640680 154568 471856 364400 368112 793392 234528 161248
 2485 22 5 231144 449992 750696 834184 661416 0 636320 914192 913496 757616 300496 303776 3081976 112864 116360
 2496 22 6 226528 193896 178224 622688 564104 616248 0 345504 559600 910808 371144 403232 368168 168960 176976
 2507 22 7 467264 219048 189304 274048 621176 870728 355976 0 232216 869304 365424 391608 398272 178256 181096
 2518 22 8 308640 396944 173424 156280 163848 871192 573496 240504 0 569112 351792 400448 395200 182008 179728
 2529 22 9 793560 528096 521984 530208 502312 763568 935088 882808 599584 0 301712 3112048 299696 116096 109128
 2540 23 0 0 677640 773152 786504 505760 780968 513624 698904 501520 301256 211008 321136 3062376 314648 126608
 2551 23 1 661376 0 354920 543768 673816 207728 410064 202360 479928 516136 295928 359216 789576 323688 171208
 2562 23 2 778224 373424 0 263032 571800 603832 429104 172840 183440 410208 292656 363624 512400 302248 180856
 2573 23 3 832536 505736 302416 0 295920 522000 752952 102880 103544 111520 187504 204960 166632 184832 187624
 2584 23 4 478792 667888 569624 279312 0 346336 855576 733200 472160 474552 352248 365784 1056272 218560 158280
 2595 23 5 767520 216032 594912 548424 342720 0 605280 577392 668352 190552 361544 361432 712816 178088 173368
 2606 23 6 491272 423864 448888 741136 864272 625280 0 657384 923736 975208 298016 314200 3039072 116616 121072
 2617 23 7 678360 202336 164432 171832 719584 564248 654528 0 410864 650688 349696 415400 404208 174560 169536
 2628 23 8 471544 458328 208200 192456 451328 648568 878848 399680 0 410224 378088 395280 378104 186256 187536
 2639 23 9 315208 479592 401864 198224 462944 190296 912488 634240 415128 0 375928 375816 403456 175216 175232
 2650 24 0 0 719032 623608 978936 199192 197888 473960 446488 271128 288928 282328 378120 425464 430048 189408
 2661 24 1 738624 0 728680 1166512 788384 528392 578520 745104 690176 288968 251120 330544 3118360 302240 130808
 2672 24 2 619872 688656 0 447528 557792 632440 213696 482472 288712 711928 300448 377368 775312 303248 182344
 2683 24 3 1012640 1186520 447400 0 277296 567872 624752 468160 203632 202008 356632 383504 1033560 304856 181232
 2694 24 4 99568 821608 494488 301224 0 286664 508664 780048 110584 107168 198184 227928 194024 187576 179672
 2705 24 5 201952 493232 638936 568376 274960 0 328896 994240 953176 528272 358864 364040 1092064 176056 169984
 2716 24 6 497240 569960 215512 635072 536560 325288 0 655696 602256 653288 381336 377184 802960 186560 183472
 2727 24 7 451992 737584 505848 484904 755064 961792 668712 0 705224 932184 336840 319064 3128312 144192 135232
 2738 24 8 258840 661464 286232 205904 187008 905728 599320 681512 0 437480 387768 425808 422376 192568 199864
 2749 24 9 296272 310856 688696 201288 193688 487984 666456 901144 454696 0 392096 378352 389040 198408 183840
 2760 25 0 0 466688 931568 722088 499384 198696 206280 681984 247520 289464 270104 376984 354992 390936 183576
 2771 25 1 454776 0 591184 612960 952792 200976 206288 274328 626416 258744 292328 379896 406032 381608 189968
 2782 25 2 938760 611904 0 673704 997312 765880 477528 501488 710224 428464 234688 311400 3065424 247336 116240
 2793 25 3 718952 613064 622936 0 355224 538056 619472 171064 488048 508128 357568 369008 717288 287056 179632
 2804 25 4 535728 979952 964600 361368 0 273368 563896 610400 453400 208240 363832 357024 1087888 236728 156016
 2815 25 5 95216 107856 772944 499576 273352 0 277912 496952 781832 113352 202976 200704 171752 189040 179368
 2826 25 6 202928 199800 445024 620016 559552 277888 0 352568 847736 794320 381832 380144 617160 183664 175736
 2837 25 7 707896 275704 470240 169352 618960 533584 338032 0 630920 228640 357568 362448 807176 177608 173088
 2848 25 8 253840 645792 701656 508560 480936 754016 843456 637520 0 668128 322552 317720 3039840 122360 119176
 2859 25 9 303064 271544 419984 464136 203296 193696 791984 223128 612488 0 380408 421168 386064 193632 186088
 2870 26 0 0 382616 620048 959840 174656 224240 174544 390328 489008 310328 280920 366152 401624 409864 189968
 2881 26 1 375504 0 378784 881912 682128 262448 167816 187032 469696 473512 298800 362552 402808 355080 178680
 2892 26 2 595640 383112 0 662376 582024 743264 168864 189008 233784 700328 289896 369696 362264 333800 185072
 2903 26 3 993336 888496 655976 0 541440 877224 737272 467056 453368 511760 309344 323592 3068432 242048 120176
 2914 26 4 171464 667184 574296 536344 0 348248 550928 660176 269808 810872 350520 370392 806784 235104 168632
 2925 26 5 221688 283328 741840 855664 337392 0 278248 581864 654424 503024 392856 379576 624144 166760 166888
 2936 26 6 99952 95136 101568 767232 504472 274904 0 290424 515152 787688 197568 201000 182552 187656 180432
 2947 26 7 398176 191760 194192 443720 665816 558864 293744 0 662488 1236928 362552 372720 1072744 165872 165592
 2958 26 8 513432 465928 240280 428712 266992 651000 571904 627176 0 701960 358992 368744 756376 160944 173888
 2969 26 9 321696 494016 724624 544088 802464 522136 794144 1224160 692096 0 301008 313688 3099224 127936 114992
 2980 27 0 0 689416 942616 1060536 814504 530960 827864 565496 559320 890216 229176 315672 312104 3176264 125728
 2991 27 1 656976 0 415176 610344 972808 205624 452544 213600 454536 369544 325008 405536 409912 398080 198392
 3002 27 2 919328 428360 0 351128 886112 627496 281176 174416 212296 439632 315800 388288 394280 334752 190576
 3013 27 3 1039408 612472 350480 0 660272 568192 612616 168664 199296 215720 387368 371016 401592 341560 204912
 3024 27 4 811032 1011016 929824 685632 0 670760 865096 756856 437032 228480 331664 327560 3087168 191600 134464
 3035 27 5 488152 211744 636752 569472 617768 0 203056 571632 728288 509688 365016 386864 801088 198088 185328
 3046 27 6 828664 483904 276736 619208 850280 210776 0 292480 601632 647528 368560 368912 1095336 174144 178496
 3057 27 7 565784 127640 109064 119536 772232 533848 286680 0 404408 516736 209432 215040 193536 189336 186376
 3068 27 8 559496 440360 214600 191048 414256 711144 603792 451024 0 742736 393664 386168 1088128 173736 169824
 3079 27 9 891352 378336 449072 216744 217920 478112 675424 591688 713928 0 380376 355656 807280 193992 184584
 3090 28 0 0 532736 656712 752496 221704 479328 192984 687736 233464 307088 278632 376624 394736 781560 196616
 3101 28 1 538040 0 718528 926432 1050112 794976 499536 735056 537496 539304 245800 324304 320480 3042424 127104
 3112 28 2 660552 689032 0 349744 583264 926456 173688 269392 208880 440216 314400 394816 401792 341872 188336
 3123 28 3 730640 888224 349296 0 352848 866080 613776 169688 197456 191472 384856 389816 373080 317200 194200
 3134 28 4 225736 992040 574896 362640 0 635392 575888 621664 196600 197352 374848 390408 420200 289816 188200
 3145 28 5 498832 810744 968264 870528 669256 0 642032 848360 425248 204840 322936 327016 3032120 125848 126976
 3156 28 6 193632 478984 178816 596088 552424 601928 0 348864 276912 728112 377976 374952 757264 184736 180912
 3167 28 7 717200 741336 294128 163248 612120 835024 336800 0 215368 227952 362952 378424 1095120 171152 173944
 3178 28 8 192056 560944 145896 133296 137528 461624 229368 200256 0 582424 224648 214104 190072 189560 181824
 3189 28 9 302888 529696 442760 218648 206248 207920 687576 237344 648024 0 367136 389504 955712 194896 181144
 3200 29 0 0 691216 651128 695352 193672 199640 473080 514896 718248 503792 270088 368328 346312 1053736 177920
 3211 29 1 700304 0 658872 619760 687688 191840 492168 204432 689272 247856 293880 383040 396360 768664 194968
 3222 29 2 638232 679432 0 664128 909712 950624 791544 509504 625064 514056 246168 329344 313176 3048592 130256
 3233 29 3 696704 624392 633336 0 366624 588552 913296 177360 197288 218976 383736 384960 387696 333624 186736
 3244 29 4 197704 690312 874912 354864 0 338816 860040 629336 197704 196216 386168 386504 393128 258360 188104
 3255 29 5 207808 196784 906888 567312 335056 0 625912 579016 641000 202104 387408 391472 390016 197928 183176
 3266 29 6 492552 527384 804448 964216 899320 636976 0 658280 818440 487192 334056 317056 3081272 129720 120648
 3277 29 7 493736 213952 474736 174512 615488 578560 630432 0 477968 912456 387784 350784 801864 183656 177848
 3288 29 8 709744 714360 603896 185792 196728 647032 814256 463584 0 381936 366856 348368 994544 163976 165032
 3299 29 9 462272 191496 566632 166336 135256 134472 530392 806840 320104 0 222392 207736 200128 193312 205600
 3310 30 0 0 342456 836664 613472 127680 141808 154624 557800 180632 453456 212464 220152 224184 183088 204328
 3321 30 1 381120 0 494832 846440 692584 199848 206784 611080 717072 820704 288208 371232 377288 1104424 185472
 3332 30 2 876352 480440 0 640432 577360 627216 177184 495920 207112 512200 307984 374584 366448 732880 190336
 3343 30 3 494472 847568 652760 0 677344 889080 957248 785672 521808 510792 316952 326880 310320 3012920 133552
 3354 30 4 195816 702368 582152 647992 0 344768 578944 916960 194656 229256 393720 373464 415432 293336 203232
 3365 30 5 200272 196352 632560 863392 339608 0 331352 883960 638768 196040 384032 377216 387408 180856 189520
 3376 30 6 214240 214512 165048 901848 581128 314576 0 626944 629424 641696 375992 396760 421024 188120 190344
 3387 30 7 519600 646216 521640 787480 951576 908496 663592 0 648464 652792 328888 330896 3139712 138928 128656
 3398 30 8 263672 700680 197936 480016 196760 650160 618632 631328 0 706320 371504 378616 809888 180104 185560
 3409 30 9 521872 867072 520512 464896 230152 199944 644304 660384 698264 0 367016 356008 1025600 174648 170592
 3420 31 0 0 651784 748488 1017280 226016 199840 192896 389816 503808 269632 259216 353240 353392 1061720 150976
 3431 31 1 603040 0 215152 605384 797728 133808 133112 138672 574520 172968 195088 199592 199104 165896 174600
 3442 31 2 745856 241872 0 365976 854448 625968 165192 258920 732304 702816 271624 345096 332040 1016784 152408
 3453 31 3 1036648 643472 370976 0 645680 571144 612904 133072 452760 164408 330944 369824 339208 710944 157792
 3464 31 4 233392 721832 854600 670480 0 633176 670632 322872 441440 166000 306832 332808 329632 1916032 126704
 3475 31 5 195672 189360 635696 557872 618192 0 306880 156376 646768 154376 352264 368120 381896 171464 165936
 3486 31 6 180272 187968 166648 610408 631448 314384 0 314640 437472 496448 366264 367016 364536 166680 165912
 3497 31 7 411952 177536 266232 129456 336632 165920 310400 0 566000 591080 354960 366584 408312 160368 165632
 3508 31 8 509928 533200 759400 484232 474816 681816 475472 602936 0 431912 319856 309752 2985440 113752 100584
 3519 31 9 258232 205328 683408 162488 159728 167848 500848 589064 445696 0 364880 358344 758912 173424 167392
 3530 32 0 0 654368 516600 664784 121176 129048 136112 356976 296240 799224 189704 304792 293128 732160 111560
 3541 32 1 701360 0 368800 545448 636088 109680 121712 129712 358496 489608 224856 299920 299360 974264 99112
 3552 32 2 486696 365656 0 219912 477312 520528 72520 71664 72632 520688 121440 136576 130768 113576 117400
 3563 32 3 652296 543704 224248 0 152272 500144 550344 207336 392088 743968 276680 281792 290296 972136 100776
 3574 32 4 123280 612368 477504 156864 0 255528 486304 560712 114120 412128 320336 307424 313608 186920 117824
 3585 32 5 137616 109320 373264 489176 250120 0 252128 516840 590120 432520 294440 320416 305944 110464 120624
 3596 32 6 136592 121952 99144 532200 479944 252112 0 276728 521728 873160 310760 305408 337688 121248 112048
 3607 32 7 376328 135432 111264 206472 566056 515760 275744 0 322696 827968 301072 311856 322288 116832 128496
 3618 32 8 277128 366976 126808 367288 123088 567352 518064 317920 0 568792 299304 312360 340160 119776 123456
 3629 32 9 807800 486576 500640 751976 451512 459560 897624 859544 586888 0 244152 237240 3072160 53576 55432
 3640 33 0 0 674248 1156680 755528 447128 440152 429160 664888 441104 284512 151992 245752 244592 3042696 61080
 3651 33 1 642520 0 591616 506328 624936 115320 140152 162712 431920 493024 225912 305720 322952 728992 108416
 3662 33 2 1187136 617840 0 214216 518880 567480 99184 114008 136592 343080 211712 294664 282576 946616 99176
 3673 33 3 818176 470704 233512 0 222872 459744 515920 58080 56360 55680 134632 127904 134272 119048 120984
 3684 33 4 428920 636880 505376 205696 0 254720 499360 676248 392688 460544 283776 287680 297400 938552 99432
 3695 33 5 423024 116112 550240 457640 257208 0 130200 510576 566088 121744 303984 304840 291688 122232 115624
 3706 33 6 406416 132552 94016 352800 503632 122240 0 276208 530488 595200 309416 317432 284768 118840 120680
 3717 33 7 616640 168792 112432 96832 659568 503552 267040 0 313408 556104 306744 316704 346360 121120 127352
 3728 33 8 408808 454528 131536 114232 378352 567088 514864 305248 0 343848 308976 303464 318656 120104 105144
 3739 33 9 290152 466400 356672 114928 432584 126832 577152 561648 331960 0 306992 296232 350088 128024 123968
 3750 34 0 0 644560 567448 927256 130424 113088 84144 278088 119840 129936 162672 260688 247936 296584 65096
 3761 34 1 660912 0 660960 1084360 712280 277096 83480 78568 283384 107832 137944 225136 214032 1933168 28808
 3772 34 2 571624 631056 0 386200 479064 532000 55528 58240 54280 259520 188096 264144 251960 176752 68576
 3783 34 3 995816 1119240 394024 0 206320 217248 240640 39208 46032 41624 217864 237656 223128 905304 40960
 3794 34 4 57016 782688 468408 257000 0 224776 67232 233496 47800 35008 80272 87280 78584 60704 61120
 3805 34 5 118072 263480 546896 217288 183664 0 64656 46360 228840 25464 254088 249664 252880 64872 59640
 3816 34 6 78504 82840 54840 239624 39128 77080 0 58320 27944 211632 272224 263424 241768 62256 65416
 3827 34 7 277056 79536 51560 41904 60888 54800 62528 0 54168 29072 252096 247728 257336 62096 55528
 3838 34 8 124952 278648 61432 45912 43904 224648 30384 57664 0 55376 258648 256384 283832 58952 59760
 3849 34 9 142016 109648 269952 41424 40824 20528 213664 24696 55480 0 268664 244024 258648 63872 62624
 3860 35 0 0 72528 37720 271416 8 0 0 195320 28464 54944 95464 199872 195688 199952 0
 3871 35 1 80688 0 74272 36520 242304 8 48 328 212880 30080 113128 188952 196264 166472 0
 3882 35 2 33568 72112 0 54936 33160 29144 0 8 352 194920 117016 203688 182936 124768 0
 3893 35 3 289504 35824 56584 0 72520 0 219296 520 16 48 202296 198704 180096 109096 0
 3904 35 4 1960 249280 25376 80800 0 0 28792 202248 856 16 196152 190048 200920 65064 0
 3915 35 5 0 48 217712 28616 58648 0 42880 30168 210664 16 18384 19432 16464 0 0
 3926 35 6 112 24 48 214752 27936 0 0 65264 30304 205960 200256 196216 192408 0 0
 3937 35 7 210072 312 0 616 217904 32 58440 0 60552 28936 194728 191248 192744 0 0
 3948 35 8 28904 207968 80 32 80 24768 28696 55080 0 63560 199520 206784 195984 0 0
 3959 35 9 55280 26800 215416 32 0 8 210952 28376 57264 0 196816 191848 190472 0 0
 3970 36 0 0 77904 38464 266112 296 0 8 203808 30504 53392 94968 188936 189008 202312 0
 3981 36 1 75920 0 79968 40056 260712 304 0 256 195976 27984 123448 194608 194200 163264 0
 3992 36 2 39192 74256 0 57408 30024 196328 0 0 280 204072 118088 176736 182880 119896 0
 4003 36 3 275896 36976 56376 0 74168 26728 24816 1168 0 24 192120 188632 182056 121360 0
 4014 36 4 784 248632 30432 78880 0 61992 0 206216 8 0 202960 195152 200288 61760 0
 4025 36 5 16 264 196800 26656 60944 0 0 31168 204968 296 194080 189848 184544 0 0
 4036 36 6 272 32 16 212912 29864 54408 0 63952 30736 206504 14592 14664 19608 0 0
 4047 36 7 212624 632 40 928 204456 27256 0 0 51656 25664 197320 203600 187944 0 0
 4058 36 8 24016 207136 24 24 32 201776 40 62984 0 56528 187880 195784 193056 0 0
 4069 36 9 45608 31056 194136 320 16 32 24016 19192 61904 0 199888 181256 193864 0 0
 4080 37 0 0 81792 36432 271552 816 8 344 25952 32784 48352 101984 188208 184624 195560 0
 4091 37 1 80144 0 79376 36896 225688 24 24 16 210608 31056 123016 198984 195496 175952 0
 4102 37 2 37944 76192 0 56752 26496 220480 296 0 288 203976 116184 198424 191200 123912 0
 4113 37 3 269704 33728 53896 0 82120 24528 203128 0 24 32 188736 196288 184464 116720 0
 4124 37 4 584 264680 25472 76968 0 62584 26288 26688 312 0 192440 188240 182400 58776 0
 4135 37 5 24 312 214720 28160 61000 0 47688 0 204464 48 202968 193704 185944 0 0
 4146 37 6 8 24 328 214424 21528 42976 0 8192 26032 198128 199984 196088 181128 0 0
 4157 37 7 204352 568 32 312 203144 30288 58248 0 56584 28376 19288 23776 18000 0 0
 4168 37 8 25088 202184 328 0 0 199040 32184 0 0 62128 198960 195336 193936 0 0
 4179 37 9 51952 34408 217952 616 0 24 209280 256 57600 0 192496 186016 193632 0 0
 4190 38 0 0 87080 38128 275136 792 16 544 204488 6096 49744 102848 188904 198144 190032 0
 4201 38 1 78480 0 80176 36776 259992 288 64 520 16288 31848 125080 198144 200904 165144 0
 4212 38 2 38808 79616 0 56152 27296 198240 40 8 32 199712 120432 212848 189640 114400 0
 4223 38 3 275424 37344 61240 0 91408 28816 212960 328 0 24 196248 190416 181064 117752 0
 4234 38 4 544 247936 30824 79816 0 65584 30648 204992 16 48 200704 201216 187120 73968 0
 4245 38 5 16 48 215136 27440 51768 0 47688 27864 21528 72 198488 185952 179984 0 0
 4256 38 6 456 0 0 207320 26888 43504 0 57856 0 192792 198896 195744 181256 0 0
 4267 38 7 199872 296 8 520 206136 27984 59000 0 25608 26264 198512 189944 193400 0 0
 4278 38 8 29888 208016 232 24 40 199856 29360 60648 0 57024 23720 23768 21888 0 0
 4289 38 9 55344 27752 208872 8 0 272 195424 27536 0 0 186352 185440 185648 0 0
 4300 39 0 0 80928 37504 275464 536 0 280 205560 29768 24 95760 190288 187872 210160 0
 4311 39 1 79960 0 79616 42768 246264 24 8 888 200344 25616 115328 192016 189984 181368 0
 4322 39 2 35488 72648 0 61024 31984 216864 112 0 96 208 117088 193968 171440 117736 0
 4333 39 3 276824 39128 53640 0 84744 28368 211352 160 0 8 188320 200736 188832 122120 0
 4344 39 4 0 244432 25856 78696 0 64256 26584 228584 560 8 190232 202992 208040 63856 0
 4355 39 5 8 8 206904 31424 63952 0 49904 27336 215112 256 207496 186992 199232 0 0
 4366 39 6 48 16 24 212768 28744 49664 0 57616 34992 22936 199448 203160 183304 0 0
 4377 39 7 213040 936 16 168 209080 29656 57552 0 62336 0 201440 199328 207456 0 0
 4388 39 8 25808 209640 64 40 192 205728 30816 59416 0 35888 195648 191752 211200 0 0
 4399 39 9 53312 29056 195464 272 0 432 208784 28304 56312 0 30152 27904 27632 0 0
 4410 40 0 0 78024 38520 284832 304 0 296 202288 30216 52456 20760 31400 19648 28184 0
 4421 40 1 42008 0 86072 43216 255328 512 0 296 197232 25352 121120 186400 189960 177952 0
 4432 40 2 0 82240 0 56128 24568 202128 288 0 312 204728 125776 202880 178256 117368 0
 4443 40 3 35648 38168 56072 0 81128 31976 210744 96 0 280 194840 192976 189080 134704 0
 4454 40 4 8 251944 29192 85416 0 55224 28864 207696 0 0 200016 197960 197552 60640 0
 4465 40 5 0 288 212168 29560 62112 0 41560 28392 227760 112 202616 199432 177664 0 0
 4476 40 6 0 16 80 212968 23760 54712 0 62456 29552 206192 192624 191424 190728 0 0
 4487 40 7 208 64 32 288 208128 27576 64616 0 60144 26736 197168 192080 199592 0 0
 4498 40 8 22520 193720 32 24 360 205056 25920 58928 0 66392 197416 205152 196976 0 0
 4509 40 9 0 30992 203736 8 8 528 203088 28568 54720 0 193416 183760 205288 0 0
 4520 41 0 0 0 41800 288000 280 24 16 207032 29984 56480 95736 199736 191528 192592 0
 4531 41 1 82456 0 78824 40592 251776 520 8 56 211304 26720 17944 25288 29152 27768 0
 4542 41 2 35568 34912 0 58680 24272 219224 256 8 32 197528 129608 210360 182656 120632 0
 4553 41 3 270864 0 62232 0 83776 20360 207384 200 0 664 201736 201872 171816 126352 0
 4564 41 4 600 38000 31288 84064 0 60200 29848 196112 800 0 194984 190976 195648 67288 0
 4575 41 5 0 0 210624 25280 63928 0 45680 24376 218200 360 198048 198760 181848 0 0
 4586 41 6 536 8 272 202816 26384 46176 0 60752 33472 214600 188624 198672 201992 0 0
 4597 41 7 210928 24 0 632 198520 25032 59200 0 61712 26424 201504 192472 189472 0 0
 4608 41 8 25792 22208 280 0 32 206232 26168 60760 0 57976 191752 214168 204184 0 0
 4619 41 9 53072 5776 216960 16 32 16 221408 33368 55664 0 202280 194112 183560 0 0
 4630 42 0 0 81912 24 275888 384 8 272 206768 26208 49056 107040 203456 192024 194160 0
 4641 42 1 83176 0 0 38856 261776 32 0 104 206472 26544 116736 190448 196712 173256 0
 4652 42 2 37208 71008 0 46488 28712 215936 104 8 8 211776 13408 20200 16416 10712 0
 4663 42 3 281192 39080 10720 0 76144 28808 217440 320 32 520 178464 191856 180808 121040 0
 4674 42 4 328 250984 8 74400 0 58256 24320 210072 776 0 208928 195912 197136 63384 0
 4685 42 5 24 48 27640 26688 59864 0 48320 23152 197912 96 197104 202584 182872 0 0
 4696 42 6 288 0 0 208952 29072 43552 0 62616 32760 194768 199704 194688 183672 0 0
 4707 42 7 205456 768 0 312 209112 25232 56224 0 66032 26272 198120 191584 192808 0 0
 4718 42 8 28656 207984 24 8 256 210080 28200 54920 0 59512 206896 186752 195384 0 0
 4729 42 9 58296 25952 21960 56 0 280 203416 24408 57784 0 182640 190456 196104 0 0
 4740 43 0 0 75184 37432 36344 552 0 304 212656 30240 55576 92672 204920 191744 195752 0
 4751 43 1 82088 0 84784 16 241544 408 24 576 200496 26456 113640 185392 198944 175040 0
 4762 43 2 33464 82264 0 0 24128 213400 520 16 360 205496 129792 205280 184048 125448 0
 4773 43 3 280168 32744 55464 0 86960 32320 225120 32 8 264 16288 17488 19120 8960 0
 4784 43 4 72 247192 30872 0 0 58672 24928 208504 64 32 197984 200544 188792 69648 0
 4795 43 5 0 40 226472 0 60944 0 45608 27168 215152 64 200008 195920 178824 0 0
 4806 43 6 528 32 8 24816 30608 44712 0 70904 30392 200016 196960 208400 196784 0 0
 4817 43 7 210096 672 16 0 212016 24936 65256 0 63544 31808 203056 197760 205736 0 0
 4828 43 8 27496 209072 280 0 72 200048 28544 59392 0 68648 204712 198296 191048 0 0
 4839 43 9 52192 26336 210016 8 8 272 212152 27600 55456 0 208360 193056 186264 0 0
 4850 44 0 0 78008 36072 289736 0 8 24 206192 29072 57744 101504 203728 181536 200888 0
 4861 44 1 83104 0 78272 39432 37936 280 0 376 194192 28792 118592 205480 198456 161312 0
 4872 44 2 48720 80600 0 54744 0 201792 56 8 288 201120 125416 188960 173984 117968 0
 4883 44 3 281960 37256 51424 0 0 26224 199776 736 32 304 199920 208328 166552 124472 0
 4894 44 4 104 248504 24608 81176 0 50064 30016 207272 0 56 18088 20976 18440 7920 0
 4905 44 5 32 552 203536 29984 0 0 49936 28400 207504 16 197368 188720 183448 0 0
 4916 44 6 296 8 272 202624 0 46888 0 58512 31696 205912 196744 189192 179280 0 0
 4927 44 7 201712 56 16 488 27464 30128 56824 0 58320 22192 196896 196952 196056 0 0
 4938 44 8 24176 212656 24 24 8 213512 29488 61456 0 58664 198184 191400 188432 0 0
 4949 44 9 48632 25472 213664 32 0 600 199464 27040 56720 0 201968 183096 189856 0 0
 4960 45 0 0 80560 38616 281400 24 8 40 211224 28104 51344 101232 198912 200632 196496 0
 4971 45 1 84448 0 81960 34552 254144 16 24 288 201776 27432 130224 204472 201240 163080 0
 4982 45 2 34000 80344 0 55184 29912 26040 544 8 264 209256 120152 190072 185856 116464 0
 4993 45 3 284792 38480 51880 0 77960 0 217424 304 0 16 178232 200560 183432 115992 0
 5004 45 4 1064 261112 28944 74472 0 0 30208 201264 160 0 197632 208864 194096 60704 0
 5015 45 5 40 392 198560 30072 57720 0 49576 27120 199800 16 19360 15464 15880 0 0
 5026 45 6 848 0 24 203856 23392 0 0 64496 25040 209928 199688 203448 186976 0 0
 5037 45 7 214920 24 24 48 217576 0 57872 0 61808 28192 211392 196544 184768 0 0
 5048 45 8 28776 210712 296 0 16 24936 29968 58384 0 53408 195888 186056 186856 0 0
 5059 45 9 49472 27376 211432 336 8 16 204904 29344 52072 0 197528 188592 193736 0 0
 5070 46 0 0 74992 40600 274000 552 8 0 190016 28280 59312 103184 204160 187024 191280 0
 5081 46 1 81472 0 76640 36000 242968 256 0 0 202336 32256 108376 210504 199256 169984 0
 5092 46 2 37088 75048 0 53904 32560 209248 32 16 80 204640 122552 196976 180056 116968 0
 5103 46 3 274720 37192 55184 0 83928 29520 29224 328 0 312 190936 198192 171080 117456 0
 5114 46 4 584 259760 23792 81920 0 60264 0 206000 8 8 200904 188264 197648 64208 0
 5125 46 5 24 272 215440 27640 60616 0 0 28672 213016 0 187232 200240 190536 0 0
 5136 46 6 312 8 64 204856 25216 43976 0 55944 22752 217784 17584 19120 17480 0 0
 5147 46 7 211336 24 48 32 204256 28128 0 0 59856 29808 186120 188872 183424 0 0
 5158 46 8 30520 215160 48 56 328 205632 0 49400 0 50872 203344 189432 188752 0 0
 5169 46 9 49344 26096 203592 40 8 8 25168 27840 55056 0 202648 191032 201480 0 0
 5180 47 0 0 79664 36112 286680 0 8 264 28168 29520 44504 102920 188656 187592 189168 0
 5191 47 1 81864 0 80864 34616 257368 304 0 8 207448 28288 114096 178704 195608 175848 0
 5202 47 2 41624 82240 0 54592 28552 188760 616 0 272 220184 125896 201864 183056 123440 0
 5213 47 3 269560 32632 63368 0 82240 23760 201944 8 16 344 178960 195512 191400 115472 0
 5224 47 4 816 227928 24816 81056 0 62952 27880 25728 256 0 198696 198480 200392 64600 0
 5235 47 5 0 272 213504 23688 58568 0 46992 0 208680 120 188544 179744 167360 0 0
 5246 47 6 72 8 312 200080 29560 39632 0 9048 22304 210704 190528 196832 177320 0 0
 5257 47 7 196592 56 0 16 207032 25776 58952 0 60928 29904 24024 18792 19808 0 0
 5268 47 8 26088 215904 616 8 96 196296 28720 0 0 55984 201464 199112 189400 0 0
 5279 47 9 52688 24984 213976 264 0 320 200360 272 62152 0 195032 189920 205576 0 0
 5290 48 0 0 85832 40464 275672 256 0 544 206416 5296 53032 94192 197192 193104 182056 0
 5301 48 1 84776 0 84320 36744 246936 272 24 24 20208 22128 110864 191608 193448 167496 0
 5312 48 2 40144 74768 0 61144 26016 211552 784 16 0 203752 117936 197024 195352 118480 0
 5323 48 3 271960 36960 54456 0 76640 33920 208040 112 0 16 191856 200384 176592 116056 0
 5334 48 4 528 240288 27736 74496 0 60280 28824 220608 0 0 201368 189096 195384 58440 0
 5345 48 5 0 16 210456 30560 59656 0 47080 29104 27640 128 199232 208128 184112 0 0
 5356 48 6 520 8 72 205408 31664 46448 0 62344 0 204152 195640 188256 175128 0 0
 5367 48 7 194720 296 0 344 204272 30088 52776 0 24272 28368 202904 196928 204888 0 0
 5378 48 8 23960 203048 688 48 8 209560 21000 59160 0 49296 27568 26496 23064 0 0
 5389 48 9 49496 21832 209584 280 16 64 198504 26032 0 0 191504 184888 185672 0 0
 5400 49 0 0 91480 42576 274168 272 24 24 196304 29912 0 88256 201056 182600 203056 0
 5411 49 1 77144 0 83336 38832 262848 56 32 272 205984 24800 117560 204360 197872 181992 0
 5422 49 2 35344 84632 0 54568 26056 212392 272 0 0 504 109728 203248 187000 127448 0
 5433 49 3 268696 37888 61768 0 81208 28272 200200 16 40 16 189104 194576 179416 114536 0
 5444 49 4 384 249672 30168 78904 0 62224 25760 197512 280 0 196632 190120 205832 67496 0
 5455 49 5 8 32 195784 25984 59200 0 49264 32456 204240 24 206344 203976 179816 0 0
 5466 49 6 24 24 32 205784 21376 41576 0 52872 26256 22528 194552 205304 190928 0 0
 5477 49 7 206424 120 32 56 207904 30744 58176 0 55616 0 194080 188616 181200 0 0
 5488 49 8 26776 203240 280 16 64 215600 32008 61192 0 25680 194832 199680 194296 0 0
 5499 49 9 58520 32984 212624 64 16 272 224152 25408 66648 0 24208 27864 21896 0 0
 5510 50 0 0 64624 36056 276960 576 16 0 204264 29464 55176 95120 201800 191312 188960 0
 5521 50 1 78232 0 73936 40216 249632 24 24 280 201544 27432 123256 175752 202424 161032 0
 5532 50 2 36336 75152 0 55168 23760 211032 536 64 8 203816 114992 180984 177856 123080 0
 5543 50 3 279120 32408 57352 0 77624 27976 207232 312 8 480 194048 192544 178504 121056 0
 5554 50 4 296 249752 28936 83312 0 57088 28592 198072 8 16 196216 190840 190080 62696 0
 5565 50 5 16 304 194640 30208 60112 0 44640 29888 204248 16 190864 197384 186744 0 0
 5576 50 6 560 32 16 199584 25848 44496 0 65928 29152 222864 190464 187000 185512 0 0
 5587 50 7 205656 32 0 560 202520 28160 55224 0 67048 26528 199112 195792 182272 0 0
 5598 50 8 23648 211392 320 8 296 205824 26424 51576 0 62072 196544 193104 198136 0 0
 5609 50 9 52784 28544 204672 288 24 520 201432 28192 55832 0 213232 193608 192160 0 0