# Format <LP ID> <Group ID> <Router ID> <Link traffic per router port(s)># Router ports in the order: 10 local channels, 5 global channels
 10 0 0 0 147750384 38443356 35571708 2589432 9709668 3871276 26911200 10283288 19420640 13406720 16249928 18559208 13524896 13401192
 21 0 1 140705744 0 173881208 78488620 61098580 28724844 71300928 92003276 50191980 69624816 304663848 29012808 29338680 3893728 3927664
 32 0 2 42908900 172952576 0 87852068 42512260 63708208 19981736 23041632 17585040 88487736 95261684 38099864 26994512 11570280 11521176
 43 0 3 44877236 81232144 88204172 0 90060240 57219548 72455796 16354280 18147528 50409628 59636524 28623520 13858904 12539128 12534072
 54 0 4 6933464 69184076 36130020 98228048 0 155604352 55919436 20023548 18130992 25156220 35488692 39195088 13312736 13299880 13417848
 65 0 5 6471676 25642380 66550336 60664468 153764888 0 177267576 14791180 42110096 27444260 74952512 40784592 12174496 12238888 12174288
 76 0 6 12515596 66383632 20000664 74044236 56788492 187279248 0 99092300 26368692 35266888 34389116 31635792 13355312 13483312 13590200
 87 0 7 21825896 80843084 21309592 13509872 13465908 14930332 106497012 0 93897200 92646476 41840216 38739848 13196944 13186744 13215288
 98 0 8 10562552 41223364 17366864 17290936 17906672 42391928 27382940 100881232 0 72157592 38676080 37449216 13538560 13449464 13494464
 109 0 9 14520664 62033824 76784224 49635836 25034604 28398116 28141000 93065316 74489504 0 28576416 34173240 13607584 13544848 13592456
 120 1 0 0 142772232 97037220 85115436 59870948 80417164 35584920 40038224 80486592 71707128 303821740 46291236 46630344 19642216 19655240
 131 1 1 142597704 0 136557600 98276236 15544808 18601972 56753212 49996228 17339416 23442384 24416432 86986900 27040808 24461928 24600496
 142 1 2 102934844 131925432 0 190475320 48493804 41376764 45764352 77206856 44746960 110248676 316148716 44413240 32946224 17885152 17794792
 153 1 3 89034184 110972396 203835328 0 140119428 28365876 40157456 27160236 30779856 34196016 96719420 41226232 26647408 25175240 25380704
 164 1 4 54795204 23303040 43781324 136595420 0 130978364 61177340 24163400 57775440 55223900 75248724 51123880 25459488 25570944 25706040
 175 1 5 79418964 21452772 44689272 27057316 138236036 0 131428312 83750836 54152852 40585876 70342692 53972048 25729880 25918312 25790400
 186 1 6 35162480 53781380 44416512 39697216 63009924 137570632 0 122072520 23429684 56420540 110654332 42861936 24526152 24596416 24431696
 197 1 7 37577656 52222196 70123264 27440284 24174952 82863980 129871216 0 39153348 37045964 56194152 51983792 26813952 26778128 26711656
 208 1 8 73584488 25544872 46880448 30858776 60258024 63114148 24128132 40838452 0 175134272 51996128 50402864 26737200 26583936 26726792
 219 1 9 68443656 31983008 102587372 33985072 46073380 39493664 65472620 38490740 179493728 0 41165312 47025656 26459496 26526424 26581856
 230 2 0 0 247287116 50092860 37287560 45451952 46580544 36120520 74823280 47828500 74605584 102922852 53244832 52724068 25843816 25804248
 241 2 1 253907736 0 157304776 79041588 46206680 81820456 62665368 55258252 28819208 37356656 313525120 83204700 43649752 18326120 18254632
 252 2 2 33143732 165969832 0 162877344 91021728 65407164 30944772 68679052 50530364 21031080 22654544 166172992 24394640 22757576 22675840
 263 2 3 29752912 75092804 157556948 0 176284160 25741880 42873680 39665096 23456892 118404324 138525888 40350216 25502308 24199616 24267800
 274 2 4 49731084 54093512 90980952 185280440 0 111119084 27509256 72616428 35572944 34532040 77476524 52727008 26625376 26824056 26777424
 285 2 5 45869568 75044064 80164604 28551816 113337916 0 123431240 115074580 57918148 34287496 106196012 54702216 25965432 25809088 25795560
 296 2 6 35381152 61622112 44678556 47111096 27050736 126063896 0 97819308 78582912 34088912 48762676 45765784 27731480 27672840 27823472
 307 2 7 65745328 56231988 62952148 47067848 77946388 114088908 97434348 0 149909344 31656048 170916112 49584368 23818888 23917040 23922040
 318 2 8 48744996 29918432 54176212 23506596 34918208 55418468 81798568 151013488 0 113055220 52292252 51010744 27298472 27519464 27426960
 329 2 9 76870680 41333260 34104608 110064548 34645688 36400800 35317464 33266688 117129516 0 42854848 48754504 27962892 28077944 27887840
 340 3 0 0 180857160 56088700 48778608 30043948 30480304 51598664 26260308 33225076 39449268 66403600 46273160 45771432 19158736 19030400
 351 3 1 188703780 0 158165916 13746068 77693728 37806892 42906524 55268564 81299204 32026008 117431912 41927888 42716904 17095720 17210864
 362 3 2 68801980 161246548 0 105904656 67765280 41404692 28232472 24285100 40575288 23283180 136903360 43482520 31864016 16700000 16841768
 373 3 3 47934624 7184340 112932952 0 113384940 63742808 9954960 3616444 7416316 43319028 19214544 19610304 19294464 19350264 19274752
 384 3 4 28603188 87986632 76183448 120935916 0 184575812 15354932 31097108 37822504 86117604 268436344 37892968 12440368 12307280 12375760
 395 3 5 31919408 40052860 46906228 71815032 176621740 0 31112972 21561944 73419908 47212876 102832172 45952952 17483848 17458320 17332952
 406 3 6 52024656 46621028 24643680 9222344 17415956 33747796 0 160419612 67370624 59753428 45172080 37489344 19233472 19289304 19296200
 417 3 7 24649268 55138844 23302580 10288304 28055472 20968672 164208196 0 157024552 79891984 48095436 44587752 19245608 19357920 19287376
 428 3 8 32036036 79521396 40751432 17330964 34787864 61427596 70054624 161768024 0 123549908 97995292 41994320 18281912 18227296 18214096
 439 3 9 37709924 29464920 21693492 47024956 70187996 40339740 64046836 84959384 120704328 0 34012840 40067844 19152984 19218888 19179256
 450 4 0 0 182150016 65496284 74175112 26775624 30717864 26364688 25453128 29338684 56430688 38198932 51074808 50895984 23858656 23906296
 461 4 1 176221864 0 200136744 82015328 38419328 32361768 28608516 19429668 22007696 36362504 85339188 47535072 48188684 22494384 22387576
 472 4 2 65181432 212485208 0 122676864 26890880 78948816 36084672 30196504 24680952 47176928 92250296 49534460 37986264 22779416 22828120
 483 4 3 76681428 89982632 129564904 0 120275456 99606416 54041344 60505868 38671764 31261952 282508972 31881168 17243824 15919120 16081928
 494 4 4 17551100 33476936 26779048 121172520 0 111714036 105042348 54544020 31588796 46270748 20302300 126558820 20278984 20252624 20336808
 505 4 5 31448576 35623604 87622676 102107096 108194732 0 150615204 30585336 64967500 77354224 246823844 45645364 17026232 17059648 17097744
 516 4 6 24484992 28421252 35184424 58999920 108110196 152237164 0 100815192 24769692 62954692 44770072 41967728 23916096 23998240 23863280
 527 4 7 23371664 20086444 28513888 58519956 66793460 33414480 105147128 0 138912804 93104548 52706392 49114104 23849696 23842560 23940656
 538 4 8 23987980 21128840 21213840 39070580 31900060 69329228 30884884 129419556 0 151372600 54104848 47266320 23579224 23470136 23537904
 549 4 9 55226380 37235368 46974280 32056816 51803108 73302640 70119996 93919564 161330240 0 94533564 43012488 22226376 22285992 22356472
 560 5 0 0 172065884 97500908 83140468 114224124 48154904 63397452 61761400 50816864 61569140 67179088 165853368 48882088 21504584 21647928
 571 5 1 180921900 0 169851616 117563436 66502056 32851576 28501484 24814100 30952672 53168120 64245796 50429832 51229096 25708848 25694016
 582 5 2 92490940 173103824 0 138462360 52907684 72009628 41886620 30354456 25276768 35739820 122900116 51210316 40043664 24607832 24782712
 593 5 3 86761420 120935236 148477992 0 40601328 49225152 61125748 24743620 29655896 35212384 103834308 40505896 25902688 24698376 24433216
 604 5 4 144144616 76340472 60943972 41051448 0 186369264 73110872 21137736 25414684 37820428 224018620 62040012 21485432 21584320 21612720
 615 5 5 36694516 21735344 79499908 48488528 175592944 0 163057280 82227556 12481600 13712844 22335128 145976880 22249728 22299316 22223216
 626 5 6 66879644 28554508 43241004 71359356 72542832 161102824 0 107936280 79226432 122603028 176367364 40126376 21807712 22008632 21754064
 637 5 7 54227784 20976188 29348616 20007012 20692000 83067540 100080216 0 98865664 79674568 73064488 50965020 25674376 25695056 25710576
 648 5 8 47787912 25979336 24371344 26885456 24374604 18755552 72372968 105007072 0 170006628 51740476 50372184 26596936 26527176 26587600
 659 5 9 56173940 44654944 33357340 31163608 35245964 27087036 100375684 76105376 168311960 0 41949888 47283232 26641632 26779704 26778880
 670 6 0 0 131057572 30347656 66959556 44517816 95951824 61106612 78339100 34782540 45262320 33957956 47518840 47274792 20053072 20118248
 681 6 1 139086940 0 106893448 127403880 37599948 32779512 15276984 41288944 35314692 30032960 99911748 43595048 44226440 18654584 18619344
 692 6 2 30404400 114118752 0 64625092 73677372 33897812 7589912 23541420 79657752 39889552 47811572 46111024 34901408 19682376 19678312
 703 6 3 75776928 121500424 66180188 0 135358272 28999904 16778128 59119356 39246092 28510704 38844840 35778288 21173792 19780760 20021472
 714 6 4 42914912 40943220 75285996 139213112 0 104119776 14881248 67188084 35359584 31314784 41592568 45559992 19991576 19992816 19869880
 725 6 5 102329912 29775232 28230588 28383904 109936976 0 109301192 82888340 47543800 17986376 182416140 44169240 15578472 15714896 15622272
 736 6 6 37451116 9414368 3916736 8483960 12852328 114904488 0 136316212 4645048 41523980 19833752 21746448 19762216 19935520 19844192
 747 6 7 81179908 48802864 21852600 54693516 69620812 81940292 149020212 0 157399628 90555796 293495704 36706024 11724568 11673480 11602224
 758 6 8 31435372 36882492 77717840 42581792 41533316 52802520 17488048 152888004 0 136814532 131639900 41124608 17372896 17522344 17424896
 769 6 9 44378088 28151624 39239112 27589848 30693624 17291120 52288516 79930180 148077052 0 56529804 40189560 19506480 19581872 19570248
 780 7 0 0 153832796 41317512 31143492 36983224 42947764 151229912 57468216 87482552 77491956 39755896 108506800 52930296 25599160 25671688
 791 7 1 161392220 0 52652700 23565096 28632536 25843324 68933300 25715784 58745156 51204892 54359968 52440412 53226608 27581048 27541200
 802 7 2 40150136 53811684 0 164650848 86105772 87007604 65939396 42776420 32417236 51923960 150728960 52047296 40178512 25043664 25112392
 813 7 3 30129868 23539912 166429200 0 131656484 69344124 77024996 15648940 22776496 77126980 46001132 43584760 28839760 27482744 27457696
 824 7 4 37213672 29484904 80582700 137094156 0 106182920 33026412 93049308 40719964 36755540 49024408 52963168 27679248 27638680 27549416
 835 7 5 43692492 25454268 92600948 77347364 104075648 0 121487736 74847244 68843708 30845244 66895632 55570820 27038224 27126288 27197216
 846 7 6 151190528 71644640 67264428 79353052 32351116 128921612 0 154436200 86103404 69793716 304079132 38143168 20031440 19945808 19946208
 857 7 7 31593056 14275256 32690652 10906052 94483052 74116552 143394720 0 203536816 28704288 24026472 147622464 23990760 23965544 24051416
 868 7 8 86819304 64698896 32484180 23656008 39697236 79691716 86430600 218908832 0 192776756 249278920 45197088 20955152 21055128 21088040
 879 7 9 79469284 54662684 48363880 72913540 35914212 30219676 60521884 38111832 182607428 0 74131672 47274408 26663784 26688424 26554904
 890 8 0 0 85895952 76856280 77716716 37463112 42990568 52869416 49779472 53971264 70280216 35215872 142344308 48184560 21051076 21273152
 901 8 1 85670280 0 145326440 30043076 60331952 37466020 40133528 68498784 54270252 32570604 50506808 68959824 48990776 23589936 23799920
 912 8 2 79720320 149855416 0 100574256 26381976 60922656 23727932 55240724 54349024 27898624 51947860 51060696 39911504 24427000 24220720
 923 8 3 74597288 30000656 103074584 0 138530448 94253804 45725036 74854176 55913480 26731076 91090780 38645064 23794856 22761592 22695548
 934 8 4 31738896 67769912 32949816 139624736 0 153885816 28427808 49270416 42061992 30092316 46354336 49474816 24491792 24361252 24512304
 945 8 5 35395624 35641756 60877368 94936160 161181108 0 127301940 33005564 50565112 25881168 51152880 52511340 24410848 24355160 24402552
 956 8 6 53916772 37669612 23035612 42168012 26526264 128576300 0 146512468 91310744 49515140 148552020 39527228 21429508 21408152 21524696
 967 8 7 49182248 81592636 57597620 79245600 55983084 35836464 157755508 0 130150748 122400132 256183584 42953128 17401920 17210376 17361328
 978 8 8 45453312 47871396 52171784 44303672 36078032 46750348 89946488 132072052 0 138547860 20405552 142876032 20305328 20193312 20324800
 989 8 9 64446792 33466380 27500024 28908476 30556612 27263096 53779084 129929056 160311476 0 144172492 43109272 22221496 22103328 22303688
 1000 9 0 0 176490056 101922064 38414984 41111000 37263932 58776692 49186264 60575384 59514352 23010816 221557964 36025792 9038456 9048448
 1011 9 1 173330352 0 145698108 67682320 16609968 13011860 18730536 59449920 27828460 43729000 41374816 66872156 40465380 14484928 14432040
 1022 9 2 96438476 149319168 0 106951064 39812052 33167156 24683280 25955412 39810928 64226848 43162840 41988272 30856336 15453112 15539488
 1033 9 3 31961576 68805968 100158104 0 92497416 54571280 37628496 11763244 26925356 51906692 34493032 31644024 16888864 15609992 15375560
 1044 9 4 41543100 18328880 44649604 99967376 0 154936784 61083704 45558652 34365640 15954056 85901568 39811688 13903672 13823008 13869632
 1055 9 5 37235708 12701860 27414532 54569388 153985728 0 178719444 29698788 49003900 37280144 42331740 44014712 15410120 15511808 15531712
 1066 9 6 54141612 18428480 24315248 33606832 61820384 186806172 0 106109456 23713032 53101004 65020404 32825296 14586824 14483504 14657704
 1077 9 7 41062056 55496768 24385164 11414524 55504124 30356076 115572832 0 90175944 83970804 80762824 39161768 14025960 14149680 14130408
 1088 9 8 53126280 24597164 36419632 30419216 35807896 51650116 25161464 90030464 0 51701316 160188568 35188736 11451392 11530072 11370176
 1099 9 9 52376048 38160080 47973088 45864340 15627568 40154208 54378924 83936796 56967156 0 15509784 19048976 15539720 15565472 15557000
 1110 10 0 0 139728128 42873416 54571072 46685940 33933224 51969356 69557464 40124612 95443840 27020024 23685128 150541116 23608704 23541408
 1121 10 1 144439456 0 151904136 105340540 67181192 58411348 34881400 71066336 120548320 105797268 47040756 255060844 45799128 19964616 20057432
 1132 10 2 46583088 151961808 0 149256924 29289780 71708592 21539004 47074512 76161236 32238948 55409392 53794108 42812152 27271640 27391536
 1143 10 3 58402872 108416876 158173772 0 128523684 37307988 58226316 51336436 33631928 50785416 46550624 43722384 29086584 27726296 27620744
 1154 10 4 51181844 73722072 35290844 128668028 0 152295940 59651480 43711568 28388112 59359120 49595808 53417488 27690904 27601688 27577312
 1165 10 5 40199744 64178180 83755288 40600172 169699996 0 165062888 82063984 32415184 58935116 151031656 53625232 24564072 24550816 24444880
 1176 10 6 55901340 33404720 21149092 66416596 64383720 164665904 0 129200384 28692140 30833432 48864008 45794056 27661208 27714096 27645872
 1187 10 7 64842416 71231320 44441416 54629340 49425912 83100616 133001376 0 40186652 34244104 127069216 50687008 25357416 25422560 25270792
 1198 10 8 52188748 110261032 76930508 31411184 29024416 26932852 30407020 40618436 0 225973964 155372160 48222476 24339608 24386648 24309480
 1209 10 9 111878896 93967500 31481796 46914400 62380952 60354204 31124616 32838680 237660580 0 221306068 42321192 21734536 21722552 21621416
 1220 11 0 0 152668044 100101188 84134116 38892576 37473440 33271568 37148272 63443532 55033688 34273584 241754572 83327076 20387024 20421864
 1231 11 1 148317108 0 101575720 65543216 89993880 53035144 52495160 16536952 21044228 37020436 86214772 20380396 102071104 20435452 20394424
 1242 11 2 92470244 102100512 0 159164088 59054600 23105648 48773168 66020948 77026812 148956720 85371028 224665328 32500680 17198352 17200624
 1253 11 3 86941080 72732408 154985912 0 175657988 14947576 16561000 26647456 56720268 25811088 41358760 82959812 24109552 22721968 22676152
 1264 11 4 38272596 89883720 60121128 188292956 0 96796952 19918064 16101040 22726764 48580264 45909328 63891712 24297664 24300880 24481224
 1275 11 5 39015944 52157728 23899104 15555560 103212940 0 92654608 85335404 38342700 44469176 51052664 53071472 24617576 24683128 24677640
 1286 11 6 34087416 54940248 48773128 17502984 20953956 102333752 0 66821224 78679704 67990020 45335576 43033312 24759664 24609248 24632712
 1297 11 7 35842048 22374824 58943276 26100248 15920208 84539732 68829672 0 131031456 32356600 53669940 49961604 24902008 24795088 24804096
 1308 11 8 62657048 28316812 66773836 48761244 22085740 43898660 81933768 133476608 0 114773168 72256964 48395556 24268680 24312560 24130464
 1319 11 9 55830792 50221188 144039312 27153816 44630512 45548800 78540524 33687144 119569096 0 67014008 44563944 24102432 24153348 24106400
 1330 12 0 0 225891732 49749036 40599612 41664952 35860640 63883908 33013940 35983396 47237332 39489320 52910740 52736408 25876136 25711872
 1341 12 1 236495804 0 144257956 60068480 78516428 25648672 48829648 45076724 60844444 50690392 47850944 217750832 46592284 21185824 21190952
 1352 12 2 38564804 141174512 0 164176836 57520736 16735236 73349800 40632460 33837700 17270576 168348704 21834320 23295728 21746576 21814752
 1363 12 3 43958548 64211432 177251676 0 163629732 116843132 57101180 49580312 27019296 69821880 38677096 194050936 21436352 20178576 20129176
 1374 12 4 48759528 73864788 70148312 165550564 0 124216380 28865904 54840920 83116852 52599724 44099508 149974396 22049304 22151824 22051408
 1385 12 5 37813488 26535360 25279948 111028716 132106284 0 53401596 65807876 74143476 48736548 50754396 108868676 23814248 23879520 24169496
 1396 12 6 63319604 43493376 86732496 65442404 27103116 51154892 0 174886184 62622556 32497200 46467284 43892568 25701016 25740400 25646592
 1407 12 7 31921436 41095276 42265668 47469360 65892324 61574060 177629352 0 148884852 93563876 51348608 163526420 22455664 22488384 22363072
 1418 12 8 34798084 58100740 44595812 25792784 76236700 80508732 64185628 156027708 0 110477808 50570160 49607240 25534368 25513144 25645688
 1429 12 9 46529548 47312512 30463424 60634032 45636636 39186828 32387248 92804252 108794240 0 40627488 46787256 25786336 25781736 25851936
 1440 13 0 0 207286124 75856136 54977388 41320152 25378600 41239840 59913664 27226760 36956824 29463616 42587080 42369860 15518088 15657616
 1451 13 1 210163332 0 186019384 11016284 38774084 24350224 14994092 31490168 13212144 18944004 40775160 85473060 39540184 13901200 13876768
 1462 13 2 77964192 195982776 0 102027784 49784948 39316836 33376284 45856488 67201748 27025964 37614368 200767712 25132928 9938104 9907920
 1473 13 3 54193684 14271492 109105120 0 81588748 90188332 20030492 8751680 10578728 29845204 17169048 15375992 15461992 15454840 15523008
 1484 13 4 43028232 42565036 48107892 92230252 0 85864020 93413404 45336352 41498720 88390412 33527520 172863052 11816072 11744984 11671936
 1495 13 5 25476048 30707056 49712812 95752332 94817220 0 133355640 15207412 12899976 22990488 40907936 72049840 14565512 14622032 14501768
 1506 13 6 35923880 14405236 30715148 30434044 93427932 141600816 0 97615116 19987272 22637704 35841008 59956008 15019064 15159896 15055712
 1517 13 7 55095080 32015960 42317472 17172416 35599392 15484924 103190580 0 143814188 94533680 44132984 40782428 15486464 15517240 15454712
 1528 13 8 25703352 11803072 57140300 15400688 33902960 11577648 20252200 144630916 0 168126040 39182544 80600160 14275160 14202624 14122432
 1539 13 9 36285708 18570300 26726764 39058428 76848884 16920720 22783240 93851408 177321320 0 30467080 36402604 15582880 15657552 15655080
 1550 14 0 0 156335240 93872052 112387552 30511480 36618912 37629892 34916744 45430436 44696460 40303544 53534400 53358612 26514912 26461584
 1561 14 1 165543240 0 186124396 109204732 41695920 27052316 47454764 28007556 34562900 51535740 52203600 66721380 51545288 25680760 25671928
 1572 14 2 101303156 192076020 0 154886452 29007412 40893144 61458412 31516020 25187800 33609308 50479144 171083260 37618560 22320528 22379744
 1583 14 3 121537884 111084724 169850152 0 21222260 20923480 35276064 19675908 28442380 46039308 40186552 182287684 22985056 21648256 21775600
 1594 14 4 19808504 32273824 27286724 24671764 0 178334816 49488516 63211048 44055968 17626412 127783716 24598816 24365744 24415784 24428728
 1605 14 5 42098008 27117964 45928120 22003848 181733048 0 190386620 123680024 104818116 92028280 65799368 272295540 18439760 18446544 18401920
 1616 14 6 43091572 54597636 76565540 43894272 59597156 190200108 0 105880200 30977252 76417084 44666184 113113064 24227336 24228856 24259496
 1627 14 7 33706856 26627836 31225052 18959156 74558960 117838856 103517208 0 103708556 61903140 55322256 51840572 26385352 26566888 26431832
 1638 14 8 45806844 32122220 26602272 26151532 49170440 115108388 30440820 111150380 0 170638892 51300464 62453916 25879440 26048664 25882864
 1649 14 9 44761652 50800872 35048896 47399652 25092876 76940348 80047012 68929124 166844460 0 39344336 100876224 24547224 24490692 24448256
 1660 15 0 0 128515280 64950904 49533540 132368876 44170696 111923184 64540824 49875104 58216280 39665400 53274092 170733176 25628408 25779312
 1671 15 1 135055132 0 131336344 99579588 69232312 65063856 32423532 41373140 31077416 43557128 56063344 54064380 55586268 29606880 29360040
 1682 15 2 65061920 138718944 0 91649752 91496052 88867380 21921968 32754584 29485348 41093424 55735056 123974404 43360356 27876360 28010584
 1693 15 3 44473772 101221660 96413312 0 158598936 25216224 81392464 24857400 47914192 55442028 46923984 80805776 29600016 28313392 28383072
 1704 15 4 133326112 82436624 95230844 167749384 0 124722312 54643044 57278752 57213780 75236088 43882836 276190344 21979560 22173752 22054000
 1715 15 5 36378192 61048648 93861196 17949928 121579168 0 146200720 81632116 13904272 17732368 151604232 26431192 26396448 26324016 26325352
 1726 15 6 108826760 36360524 20700320 88717592 65488292 139825744 0 159533612 49690680 135637628 41717944 291029608 21196312 21156280 21114408
 1737 15 7 66752472 42038252 29836448 22515576 64649392 87376508 167813316 0 153193336 37782348 56707060 88200980 28528904 28671344 28574592
 1748 15 8 48013740 31644840 28874092 49564000 53574028 25828080 45872160 141641912 0 149101920 54454840 53652360 29619368 29640880 29705688
 1759 15 9 58509552 42769336 39577144 54568420 74739400 36245496 121711448 37032408 156471920 0 44427104 50095604 29420712 29560608 29558400
 1770 16 0 0 133854648 27814228 62717944 32261180 77334920 47308368 24620056 26221104 39566580 33213608 47012352 46686164 19612856 19433680
 1781 16 1 141685768 0 42875748 30451744 49075696 38161880 39150480 73565620 54478576 34697888 44205440 42397020 100315112 17502280 17420544
 1792 16 2 27594092 45019812 0 162910196 63842316 70049120 32478692 27466148 19949756 47794724 47221232 46126240 34619924 19646720 19539544
 1803 16 3 68590504 30776472 159084508 0 120696972 89514228 20030944 11343996 16823624 72728244 36731680 70097360 19324472 17985640 18055040
 1814 16 4 31864060 57025048 66278692 125957452 0 116308552 32988852 43791956 26576252 22670952 37773536 131387176 16347408 16501784 16297656
 1825 16 5 83418496 40272592 71740520 91357428 111214152 0 143324460 64215232 19022340 51375092 38088624 295266684 11501080 11507448 11359688
 1836 16 6 38228408 39973784 19130100 17822176 32160964 141286372 0 159143616 55640772 59627800 21803648 19317728 19320992 19185880 19271344
 1847 16 7 22426400 65208324 25114204 11881708 38539116 65119940 155747344 0 195909956 87680736 44531524 164640800 15638816 15529220 15558208
 1858 16 8 24904232 54415408 19721796 17116312 26775860 19064500 59651036 197509840 0 107991868 44487120 43187240 19348496 19420048 19497544
 1869 16 9 38266964 32045264 42582412 68046020 21473312 49309628 74595536 81117016 111929748 0 33983816 45285088 19322840 19275320 19386784
 1880 17 0 0 108329868 92753788 30116416 29296216 66270572 81392608 53450304 60975512 61367920 37313496 50752128 106797340 23532048 23408968
 1891 17 1 106244996 0 156683964 28676472 26707112 25855536 100770796 28457988 31851516 32045948 51236760 49620788 70955744 24830640 24792264
 1902 17 2 94931772 153788452 0 119128740 38651836 37757912 51532384 41891628 51132004 23129588 49767112 148203304 73865872 21276160 21280784
 1913 17 3 28698712 27751400 116184700 0 135188156 91876084 60553224 47992660 43272136 23548284 43826304 41559788 26731848 25430864 25391304
 1924 17 4 27179256 25406712 34651188 137142300 0 152240376 27063748 76170872 48816816 27582616 46721032 50571292 25026264 25018000 25079088
 1935 17 5 65511684 24175856 34198560 92603764 160642144 0 131707908 23949704 102840696 38135660 50464500 87311468 24183880 24283288 24301616
 1946 17 6 77650808 105305820 46052192 66394304 33708224 128480488 0 147365464 87007912 49470196 41092056 171931456 20899760 20923032 20843784
 1957 17 7 37046064 17241756 38842116 43050708 79228228 18420560 158516296 0 145985376 76992580 145877628 22525064 22409832 22224256 22269144
 1968 17 8 50468912 28618100 43281004 39592184 49366648 110094564 97332208 153367144 0 175882112 45327680 219243100 19636960 19649320 19701080
 1979 17 9 53819392 30445540 23056356 24336708 27742128 41093436 54982684 86500716 191304096 0 39305944 94692676 24557288 24436376 24629336
 1990 18 0 0 172790416 60656280 55263996 51001228 41789024 22193744 54184224 64223876 37892480 35117896 48100788 76642972 20901688 21037376
 2001 18 1 177760072 0 142648436 67931484 56745932 24234032 38915856 30502988 39369316 23546448 47556192 45639604 74244024 20746184 20857224
 2012 18 2 61180956 146051772 0 95319064 29104276 57472232 21178480 50767880 26868736 62073912 49688872 48826360 37688748 21994276 22081544
 2023 18 3 62173804 75330780 96036544 0 101538960 55028372 55270056 57458492 36991724 60755268 38763500 79349304 21498320 20378960 20451392
 2034 18 4 41748680 56321484 29880716 109283252 0 164685920 61010732 42483572 71975544 43083584 43432480 54896580 21658084 21780704 21525336
 2045 18 5 37058184 19298744 64841976 60866764 163697408 0 177206088 40713760 24947444 35613540 48446560 50057944 21820992 21781752 21832200
 2056 18 6 22560976 33876960 21487448 55685184 62922244 187472584 0 112349188 27982504 59043344 42390552 39990032 21747752 21877408 21847240
 2067 18 7 61481572 31103468 55785352 59438676 40654740 45152776 119357316 0 125177960 119077424 46090752 202598072 17421464 17309536 17455172
 2078 18 8 62659368 36193284 19399968 33794980 65690496 20493612 26508984 128859304 0 107356976 147900140 17880064 17798776 17783264 17712808
 2089 18 9 36450760 21786696 65764832 58112668 38996848 35913380 59762832 127480964 131636888 0 30128048 278888252 15302408 15236800 15200968
 2100 19 0 0 124031920 32222508 71364944 38838252 30004308 76322192 50206240 106069380 93550652 29622976 42850048 155663860 15702160 15696952
 2111 19 1 126412064 0 174753616 118929648 61173592 21987244 20811624 40446120 92240648 31694808 44752000 43206264 96968944 18199032 18244720
 2122 19 2 37639796 164633096 0 147156716 37997636 21952920 13537712 40320576 86326236 45069416 46144984 45058712 61775108 18201500 18259232
 2133 19 3 76773000 111909024 155112652 0 134660016 17933060 18292996 10345984 24394260 43875072 38214912 35807452 20945704 19361416 19391952
 2144 19 4 39149572 55011208 43015084 136159440 0 129213136 49391696 13307012 78945736 27132564 39702736 94001896 17908064 17951736 17989204
 2155 19 5 31050124 22402636 23960864 18979092 136225540 0 124833248 71557516 87195632 34783472 46237912 48061348 19541960 19503608 19454712
 2166 19 6 70457928 23722320 14284120 14844292 50789608 131584056 0 107581912 23555344 48048672 40227888 38085712 19577224 19640728 19483432
 2177 19 7 45864632 42588656 34437216 11207988 14128556 71295308 115853096 0 28653268 19785768 46257112 104291348 17462800 17405952 17508728
 2188 19 8 99776260 80429864 79646452 24180100 95042432 98039812 25003360 28372396 0 178322628 36937752 294857856 11898096 11947672 11940008
 2199 19 9 81233808 22493656 35962412 33596496 20059356 28606216 52994936 21027208 174419444 0 22339080 19544904 19511272 19518992 19487208
 2210 20 0 0 119307660 82207644 21311864 23001088 52791408 50598908 25195760 31614936 121476692 27093832 154661148 23806576 23844952 23708952
 2221 20 1 120487300 0 130897012 73734584 80860216 55042624 52228280 60828064 58314412 157437656 44620840 82890376 283352000 17651032 17600672
 2232 20 2 90302824 143918972 0 157606628 65127140 75638456 38653740 61162764 78399672 69136824 52480220 51403592 108930564 24654576 24711432
 2243 20 3 28591000 72620552 157726900 0 179782776 39618972 41594276 52898020 23982516 49038160 46151888 43288384 28748800 27320720 27380840
 2254 20 4 33619224 78165560 67111532 190762052 0 115666172 27478764 70583340 40497188 40785792 49501680 53162936 27724896 27535432 27610112
 2265 20 5 55226984 56064544 88801624 50103692 121319244 0 105586948 121042160 34707588 34101104 51983768 151503800 24956048 24976104 24960592
 2276 20 6 59354508 52816448 41098332 45979500 27278028 109465764 0 68741088 76686608 39944760 48302216 45653036 27387496 27454392 27471688
 2287 20 7 29979224 59397688 57942844 57143028 78368652 115114360 71719608 0 138031636 36326956 54007624 122993724 25081896 25225448 25070672
 2298 20 8 33440336 58515764 64565760 25673724 37482844 40948236 79467296 135926308 0 137552776 51573672 87713948 26452352 26348376 26481544
 2309 20 9 136036216 148753868 64432904 50126496 39349200 34592096 33453736 36162620 137803352 0 38546664 159722488 23602480 23778456 23674464
 2320 21 0 0 207977160 82361664 69104660 55312660 31575308 74542556 56531008 51769952 60188912 33561088 46471056 271767104 19298696 19549352
 2331 21 1 214625320 0 171819636 51763620 51956100 29867116 21732104 17247388 32957364 21325764 25038608 108860728 22967296 23020304 22863232
 2342 21 2 85480728 173216556 0 129973636 90137924 79629640 36978324 72292340 52036560 102661120 44903164 43793236 277959148 17446008 17303480
 2353 21 3 68553436 51297308 140870292 0 131661160 75771808 24773444 21140664 23171512 24727480 43668512 41349776 26678600 25296368 25267056
 2364 21 4 48252188 66794844 91045392 138266352 0 125601140 27727148 22430300 21826180 30011296 47115008 51369176 25648272 25567232 25701712
 2375 21 5 32753348 34795052 71292216 77042416 127440076 0 35902484 21815704 18756772 24178192 51887032 54011444 25522136 25508048 25562760
 2386 21 6 69919916 32096720 38310108 25690768 29678652 38393732 0 181566560 86973512 94388276 45536744 89896020 24804104 24684424 24646688
 2397 21 7 53270624 28389172 66310172 21097480 23605420 21368360 185634952 0 143152088 118839584 53487008 62732120 24933816 24859160 24807736
 2408 21 8 50331736 40772676 52040656 23148376 22640916 18859048 82633888 143596376 0 132093932 49676032 82132424 24651964 24466144 24594984
 2419 21 9 56362024 30292276 88141168 22758900 28072680 21422476 92277028 114862896 129592532 0 37590028 117331488 23039976 22994608 23175400
 2430 22 0 0 220001168 55794672 37622340 26304888 53543456 49870692 71260384 26536808 35003664 28376536 41586768 117319212 14403384 14514176
 2441 22 1 219515200 0 176520136 79348764 40957404 45837928 30364556 75971876 30926988 18635508 34246224 32059176 291286196 7513480 7585664
 2452 22 2 44352872 200151872 0 83070412 13854656 16598592 4933408 20028684 44053572 18107956 19254740 16220864 15711696 15525400 15443992
 2463 22 3 31284084 69307220 90984436 0 97090840 91596164 33955412 34092924 19382252 90064916 32679520 30313400 54024224 14375248 14362912
 2474 22 4 25925344 47698012 11832728 104799744 0 66797368 65504864 49024740 12463592 31102844 37074948 40805416 15317976 15167640 15208008
 2485 22 5 56309192 38583304 13578880 91852356 68367624 0 121166904 15406104 47182600 15165152 42362736 44293660 15670712 15712616 15502560
 2496 22 6 43993852 27595020 7226880 39983748 70346608 125230792 0 89092768 10774288 46635536 36086576 33704412 15426600 15501936 15449128
 2507 22 7 67650640 74194968 16994268 34591476 53839252 14243312 93281936 0 131584168 82930468 43048040 77986032 14258784 14269360 14241608
 2518 22 8 25950880 31625152 38374724 18772212 12645064 52790392 17699816 124019596 0 139813252 40115600 39051404 15038088 15057288 15014256
 2529 22 9 34550192 17747572 23272240 83779368 33541640 14956464 47088608 83620996 147898496 0 29449512 69420108 14516936 14407816 14424920
 2540 23 0 0 32676480 41375116 6108576 6202824 14219136 6191688 11029744 11110120 16621744 15270832 28455368 28208192 1375192 1326176
 2551 23 1 32142040 0 25968744 710648 1425640 618592 3684504 462240 1801608 3422944 27943400 26242504 26908968 1218280 1233000
 2562 23 2 49571692 25727240 0 0 4465816 3758584 17600 9216896 10232 1145464 27705064 26527600 50878516 0 0
 2573 23 3 2538296 4114712 8733608 0 12957728 3016704 1102552 5160 3628928 8408 2959512 1482248 1218864 1204424 1225240
 2584 23 4 6331576 1766272 5393888 1266216 0 15781512 2324576 6504 579576 3837288 22837536 26739528 1272392 1263912 1214184
 2595 23 5 15574696 401656 4841128 0 14936304 0 13137304 2012608 4736 7024 27659864 29773176 1252256 1243656 1230304
 2606 23 6 6341656 3908432 17224 4376 2938312 13769968 0 13342328 3001424 965456 21919768 19279400 1241520 1247152 1221400
 2617 23 7 10349040 713256 8178496 0 2472 1587520 13811904 0 13409992 3226960 30013480 26446456 1232608 1244424 1224520
 2628 23 8 9376192 1644760 13912 0 258856 4936 3631280 12620408 0 12506184 26174904 24931992 1236376 1218032 1238216
 2639 23 9 17606144 2861704 974520 0 3397712 4336 1007576 3228320 12969592 0 16048696 22002048 1207784 1241968 1238792
 2650 24 0 0 26572080 4561384 912920 5168 8058104 14600 4854144 5004104 10469944 13753320 27078744 26987272 0 0
 2661 24 1 26073720 0 26140288 3518688 0 623192 3726168 434904 1845816 3435952 26572264 24726800 25843848 0 0
 2672 24 2 4708408 25568768 0 10058040 2624 3751080 12632 9128680 12136 1113024 27808184 26587880 15537344 0 0
 2683 24 3 1193872 4147200 10168504 0 2331424 3096488 1090888 5968 3486096 7960 18367784 15960240 1276936 0 0
 2694 24 4 10016 1784824 5417000 13565824 0 15692328 2329488 5824 610152 3772672 5172808 1253080 0 0 0
 2705 24 5 9073832 404440 4797640 3238728 2630416 0 13173768 1957128 7128 5744 26533624 28239056 0 0 0
 2716 24 6 11216 3784544 19784 1187936 0 13777624 0 13524552 3086944 946672 20593832 18105056 0 0 0
 2727 24 7 3771704 700640 8204608 6760 0 1588520 13710672 0 13176616 3262656 28787904 25269136 0 0 0
 2738 24 8 4211480 1638992 12896 3109264 0 4856 3613464 12612424 0 12500032 25332620 23465048 0 0 0
 2749 24 9 10494536 2934032 975072 7728 0 4496 1026240 3245912 13124080 0 14922224 20592608 0 0 0
 2760 25 0 0 26252072 4556584 996216 13456 1170416 12200 4765968 5005864 10645184 13807896 27071808 26765512 0 0
 2771 25 1 25973480 0 25894440 3572056 1406856 0 3794352 453512 1810496 3496152 26663480 24612528 25549264 0 0
 2782 25 2 4934152 25913104 0 10025424 4464360 494600 17544 8922976 13424 1110272 27849008 26235184 15473256 0 0
 2793 25 3 1164832 4113320 10107768 0 13157960 6344 1130096 6376 3607976 9832 18432840 15983928 1256792 0 0
 2804 25 4 10728 1688872 5581464 13531648 0 1000344 2344056 7712 598832 3836896 21797872 25845552 0 0 0
 2815 25 5 8956008 391920 4759752 3258176 15020856 0 13260960 2022024 6040 5472 2729256 2618640 0 0 0
 2826 25 6 12888 3747024 15928 1206808 3064368 1713144 0 13332768 3014992 971096 20636608 18191128 0 0 0
 2837 25 7 3676448 719088 8118064 4152 5224 0 13712488 0 13536800 3230096 28257840 25311632 0 0 0
 2848 25 8 4257536 1679208 9328 3069392 280336 0 3607856 12506600 0 12517688 25082688 23913240 0 0 0
 2859 25 9 10386896 2850728 962800 8736 3363808 0 947736 3329592 13101640 0 15124072 20698816 0 0 0
 2870 26 0 0 26417000 4481584 986992 8880 7887128 0 4757152 5050072 10409464 13776744 27334952 27170896 0 0
 2881 26 1 26155432 0 25787296 3492000 1406344 652360 899096 427664 1905288 3511776 26686616 24849496 25767696 0 0
 2892 26 2 4830888 25723320 0 10015688 4377280 3831016 4856 9329160 10232 1096640 27689160 26567832 15154184 0 0
 2903 26 3 1166888 4081448 10087744 0 12947696 3017904 599456 6784 3579264 7728 18651344 15765728 1276968 0 0
 2914 26 4 9696 1704784 5555248 13628904 0 15922304 5648 4944 609128 3792888 21585224 25391456 0 0 0
 2925 26 5 9011608 390176 4737624 3243088 14800632 0 509024 1947344 7288 4768 26407640 28683216 0 0 0
 2936 26 6 11688 3868016 16232 1189176 2908976 13843496 0 13281544 2995824 966288 2464136 1922056 0 0 0
 2947 26 7 3895064 706832 8134768 6648 5448 1571040 1685784 0 13485808 3195984 28635492 25093216 0 0 0
 2958 26 8 4136648 1696784 7976 3126520 255384 5656 681280 12416652 0 12495304 25178880 23810976 0 0 0
 2969 26 9 10658424 2865824 961128 6776 3356632 5456 944 3313536 12996400 0 14786736 20691504 0 0 0
 2980 27 0 0 26416352 4628920 911168 9504 7889160 15032 4176 5013992 10376440 13802832 26979464 27311128 0 0
 2991 27 1 26114168 0 26073096 3590056 1444376 634352 3755840 0 1864048 3401464 26352704 25020488 25749752 0 0
 3002 27 2 4790976 25663448 0 10012680 4420384 3722704 18008 1137832 12392 1111632 27891944 26591696 15294776 0 0
 3013 27 3 1165784 4111272 10050480 0 12907320 3035144 1039056 3032 3643960 7984 18691488 15973496 1299968 0 0
 3024 27 4 15544 1751672 5443280 13735792 0 15804512 2342320 0 616752 3805672 21557592 25423664 0 0 0
 3035 27 5 9084072 374040 4704696 3279984 14862880 0 13067160 475584 6280 5392 26042416 28641832 0 0 0
 3046 27 6 14760 3775104 15592 1217680 2977832 13630120 0 1786136 3001688 943136 20465544 18067608 0 0 0
 3057 27 7 3852448 724168 8239056 5888 5736 1616408 13694296 0 13408664 3173096 2811936 3250352 0 0 0
 3068 27 8 4268560 1685896 11696 3201864 262984 6048 3643040 972952 0 12545952 25081560 23625944 0 0 0
 3079 27 9 10417088 2846608 964824 8664 3367688 5696 960112 0 12914256 0 14990120 20379600 0 0 0
 3090 28 0 0 26107440 4633952 917136 11496 7969592 12936 4698568 1239176 10579328 14044520 27080424 26845168 0 0
 3101 28 1 26166272 0 26079316 3719464 1431672 638792 3896784 437312 0 3504752 26512352 24662056 25329448 0 0
 3112 28 2 4751640 25472408 0 9519640 4517288 3767256 17176 9037200 8 1082376 27728784 26767944 15472884 0 0
 3123 28 3 1204368 4220688 10142008 0 12985904 3115136 1115360 4096 1001064 7088 18414968 15971976 1019064 0 0
 3134 28 4 12272 1691680 5467352 13587136 0 15666392 2278080 5840 0 3825552 21862088 25698240 0 0 0
 3145 28 5 9134280 364088 4811904 3346032 15042104 0 13076712 2051920 0 4624 26608744 28263000 0 0 0
 3156 28 6 13296 3770376 16104 1208232 3004528 13664584 0 13332552 729384 978560 20587208 18049720 0 0 0
 3167 28 7 3751784 710776 8165600 4976 5616 1652296 13583752 0 1116552 3281296 28277168 25407632 0 0 0
 3178 28 8 4271784 1650816 13560 3093912 254424 4472 3661256 12447008 0 12705856 2992624 2537064 0 0 0
 3189 28 9 10504448 2729736 934800 7672 3382472 7680 995304 3346944 1443264 0 15025392 20944592 0 0 0
 3200 29 0 0 26797144 4587880 961344 7456 7868816 12272 4739248 5181760 706416 13875608 27186296 27027232 0 0
 3211 29 1 26002568 0 26323360 3514600 1478280 622280 3723032 468872 1862056 0 26586860 24933656 25735720 0 0
 3222 29 2 4887416 25597604 0 10597936 4538704 3804176 15576 9174568 12904 3176 27904072 26520048 15346104 0 0
 3233 29 3 1204600 4041032 9844672 0 13201480 3065880 1038648 5624 3534952 1240 18705912 16072664 1424136 0 0
 3244 29 4 12504 1791208 5389880 13564800 0 16252608 2328864 3632 610512 0 21638008 25934552 0 0 0
 3255 29 5 8916920 407936 4833824 3228312 14899696 0 13554464 1929368 5064 0 26730576 28635168 0 0 0
 3266 29 6 15776 3792936 18432 1209600 2975136 13860312 0 13504072 2857160 596928 20758848 18186768 0 0 0
 3277 29 7 3897824 718800 8145840 6592 4032 1597592 13697384 0 13622560 1327144 28749440 25048440 0 0 0
 3288 29 8 4333248 1612792 10840 3112560 305784 5336 3612480 12502088 0 3648192 25068608 23851728 0 0 0
 3299 29 9 10731672 2898408 984760 7048 3339304 4448 964472 3265168 12855440 0 2818000 3465800 0 0 0
 3310 30 0 0 26720600 4656272 919000 9928 7885904 16672 4762624 4983920 11028368 3380776 2798200 5150424 0 0
 3321 30 1 8951056 0 25778992 3527408 1396208 662696 3784816 439088 1960568 3344936 26953248 25262232 25668296 0 0
 3332 30 2 1701656 26168272 0 9992776 4494904 3815240 15776 9180296 10808 1093152 27746056 26558328 15408000 0 0
 3343 30 3 662960 4247432 10369744 0 13147200 2988248 1091040 5848 3531000 8736 18593136 16124504 1268264 0 0
 3354 30 4 0 1780088 5503912 13890784 0 15711136 2314704 7408 629448 3734056 21987160 25832136 0 0 0
 3365 30 5 0 413024 4834040 3260128 15346976 0 13155216 1975440 6304 4296 26463328 28589976 0 0 0
 3376 30 6 0 3795848 20312 1290168 2939008 14116416 0 13575520 2959384 967904 20868380 18185024 0 0 0
 3387 30 7 11232 783056 7984144 4592 5408 1729688 14030792 0 13362880 3193112 28665224 25135352 0 0 0
 3398 30 8 0 1673960 8864 3092328 254608 4896 3689348 12490472 0 12343512 25227008 23893208 0 0 0
 3409 30 9 736 2815504 911384 10408 3421776 3424 955344 3338408 13280576 0 14986904 20731736 0 0 0
 3420 31 0 0 1992 4571040 905680 10880 7907536 15200 4876456 4940880 10072312 13975408 26745352 26841128 0 0
 3431 31 1 26014272 0 25961684 3492304 1405880 595584 3869592 468432 1887704 3503864 2241568 1581064 2557928 0 0
 3442 31 2 4769864 4041232 0 10076600 4415056 3822728 14544 9150872 12560 1091528 27446208 26587588 15380560 0 0
 3453 31 3 1183696 122424 10032560 0 13160136 3015088 1094208 4944 3593184 9288 18370776 15993520 1262576 0 0
 3464 31 4 10440 832 5434488 13486648 0 15710512 2288240 6552 636848 3789112 21506808 25708904 0 0 0
 3475 31 5 8987480 4304 4726296 3305848 14834296 0 13268104 2029928 6760 4464 26312832 28238992 0 0 0
 3486 31 6 14704 899144 17656 1243872 2949584 13741328 0 13417176 2895440 975656 20601640 18364592 0 0 0
 3497 31 7 3806608 101512 8076968 4832 4432 1602760 13899056 0 13456192 3280704 28696144 25291152 0 0 0
 3508 31 8 4154560 0 11232 3105016 270672 5688 3550160 12481224 0 12427320 24979432 23901512 0 0 0
 3519 31 9 10414440 488048 953504 7608 3353768 5600 969344 3371032 13121968 0 14630888 20523176 0 0 0
 3530 32 0 0 26078192 4008 944224 11536 7949440 11920 4846080 4963048 10242832 13969208 27134848 26859412 0 0
 3541 32 1 26184888 0 1383048 3577632 1411312 589984 3931240 441032 1861912 3481808 26682704 24462488 25428632 0 0
 3552 32 2 4838152 25638824 0 10048960 4411576 3812936 17104 9164832 7992 1127296 3627216 826464 1571560 0 0
 3563 32 3 1139360 4105024 571672 0 13067776 3021560 1117352 4936 3605080 6912 18547104 15966536 1290464 0 0
 3574 32 4 14816 1753608 0 13763664 0 15884680 2338312 5320 599688 3845728 21830920 25545672 0 0 0
 3585 32 5 9016488 398928 1276968 3230624 14927768 0 13207080 2017056 4888 5824 26645032 28686800 0 0 0
 3596 32 6 14352 3795480 0 1193728 3009000 14049456 0 13326192 2986256 953328 20651008 18108800 0 0 0
 3607 32 7 3796096 688152 1825016 5824 4832 1612880 13606096 0 13326312 3231672 28595696 25381508 0 0 0
 3618 32 8 4231344 1653848 0 3030944 242760 5360 3600568 12634972 0 12631016 24964128 23698376 0 0 0
 3629 32 9 10283564 2795320 3464 8296 3392104 6880 931040 3315560 12920112 0 14826600 20699984 0 0 0
 3640 33 0 0 26479936 4554576 0 11504 8026136 12680 4769208 5014936 10435288 13781168 26945632 26694592 0 0
 3651 33 1 25508208 0 25791400 705664 1411024 621632 3702040 446464 1851368 3419288 26819872 24911912 25669120 0 0
 3662 33 2 4725264 25762312 0 0 4403080 3774600 16952 9196816 12576 1164416 27627136 26518264 15125912 0 0
 3673 33 3 1202464 4152984 10005064 0 12952016 3006200 1095448 3864 3584208 10152 1713208 238488 0 0 0
 3684 33 4 11168 1771592 5291648 1242152 0 15679064 2333344 5672 602816 3799656 21668384 25462088 0 0 0
 3695 33 5 9143360 414912 4908104 0 14945688 0 13154304 2045768 6320 4704 26306016 28458032 0 0 0
 3706 33 6 12552 3884928 15640 3880 2890592 13687744 0 13359296 2981696 929480 20691480 18002968 0 0 0
 3717 33 7 3760872 727064 8083944 0 7368 1568680 13762688 0 13466904 3264496 28766752 25241144 0 0 0
 3728 33 8 4244976 1632888 7304 0 273736 5480 3592576 12651928 0 12453240 25119824 23680208 0 0 0
 3739 33 9 10532128 2835096 918024 0 3403040 4672 1024360 3256672 12998640 0 14848640 20630024 0 0 0
 3750 34 0 0 26404200 4495472 957664 5152 7985160 12624 4851864 5004032 10465040 13861616 27084312 27069072 0 0
 3761 34 1 26111040 0 26039512 3495904 0 598024 3781624 451392 1848104 3450904 26527896 24722912 25586288 0 0
 3772 34 2 4782400 25459824 0 10045296 2520 3783280 15672 9198024 10208 1132648 27716952 26704096 15324072 0 0
 3783 34 3 1163192 4134760 10090400 0 2300712 3087832 1086856 6216 3438936 7248 18470056 15987288 1238520 0 0
 3794 34 4 11744 1775536 5507688 13548488 0 15601960 2351040 5976 613256 3808040 5093560 1271560 0 0 0
 3805 34 5 9175552 385328 4780080 3309792 2610008 0 13248936 1971512 5192 9272 26332152 28325680 0 0 0
 3816 34 6 15808 3824448 15920 1218552 0 13726568 0 13693048 3015296 987904 20667644 18185240 0 0 0
 3827 34 7 3781304 712808 8134464 4912 0 1603904 13723440 0 13207048 3181792 28909872 25482856 0 0 0
 3838 34 8 4284984 1633760 11232 3109144 0 6056 3637428 12537272 0 12429976 25263216 23521144 0 0 0
 3849 34 9 10441496 2844376 954264 7544 0 5480 995504 3372832 13150952 0 14882592 20594264 0 0 0
 3860 35 0 0 26393944 4624576 935248 8488 1193768 14712 4748320 5046736 10543016 13845936 27054144 26849392 0 0
 3871 35 1 26012488 0 25986152 3542856 1407448 0 3875512 452016 1784960 3466768 26762720 24755664 25732320 0 0
 3882 35 2 4928520 25845416 0 10110640 4446912 476664 17096 8919672 13704 1132040 27938640 26378784 15375704 0 0
 3893 35 3 1191480 4140512 10118208 0 13167472 9408 1117096 3752 3567352 9216 18454080 16032504 1274968 0 0
 3904 35 4 12960 1744168 5572024 13549512 0 1056864 2320216 5480 619056 3774120 21761504 25734012 0 0 0
 3915 35 5 8895416 405184 4753816 3301504 15005588 0 13276496 1982896 6696 5608 2775488 2668536 0 0 0
 3926 35 6 12928 3847312 21216 1203592 3007560 1719176 0 13428776 2990504 992976 20757656 18251648 0 0 0
 3937 35 7 3739744 705816 8126976 6192 5000 0 13848576 0 13492328 3201776 28298800 25270696 0 0 0
 3948 35 8 4219576 1672816 13392 3104680 261616 0 3567000 12454496 0 12541112 24966896 23917912 0 0 0
 3959 35 9 10479024 2910728 960944 7288 3336112 0 971120 3292432 13060088 0 15049056 20617704 0 0 0
 3970 36 0 0 26470464 4497424 987912 11136 8050736 0 4840480 5092040 10354104 13890880 27259888 27195400 0 0
 3981 36 1 26318568 0 25637248 3461448 1364392 625264 898928 428432 1866904 3432536 26695848 24980272 25789832 0 0
 3992 36 2 4847664 25718144 0 10062016 4418552 3812728 3800 9297080 10952 1123304 27722360 26444464 15050800 0 0
 4003 36 3 1167560 4177960 10191728 0 12935840 3012176 577704 5464 3620680 6912 18683856 15782104 1271904 0 0
 4014 36 4 12224 1694768 5525024 13644264 0 16082488 4416 6984 602904 3783960 21549960 25476432 0 0 0
 4025 36 5 9093904 390912 4653968 3263848 14898776 0 512768 1959056 4168 5432 26603568 28730680 0 0 0
 4036 36 6 14536 3839208 17520 1193056 2900072 13771456 0 13346928 3050776 988696 2437816 1913704 0 0 0
 4047 36 7 3841888 709136 8099184 4600 5688 1591104 1704176 0 13470208 3202656 28831920 25009368 0 0 0
 4058 36 8 4113096 1737352 9848 3111376 254360 4400 648144 12467648 0 12552336 25190680 23982040 0 0 0
 4069 36 9 10588464 2867576 967296 9880 3364808 5984 2848 3251296 13065304 0 14779264 20671824 0 0 0
 4080 37 0 0 26440920 4548336 938232 10760 8014008 12904 4912 4994376 10464536 13916248 26967448 27276992 0 0
 4091 37 1 26145320 0 25938032 3547600 1424608 601880 3724496 0 1880288 3411792 26426584 25081312 25634072 0 0
 4102 37 2 4809848 25667200 0 10165200 4392456 3720088 18520 1148152 12224 1126288 27844936 26620008 15190848 0 0
 4113 37 3 1156832 4147768 10195536 0 12835496 3022672 1053848 2560 3699064 9704 18571040 16017744 1312296 0 0
 4124 37 4 13968 1742384 5470984 13681752 0 15913576 2343600 0 638840 3795824 21456032 25388288 0 0 0
 4135 37 5 9128144 405248 4730944 3222272 14808096 0 13158928 465136 8824 6120 26126096 28753868 0 0 0
 4146 37 6 17096 3767448 16088 1184960 2955672 13550940 0 1757896 3004384 949368 20456216 18127560 0 0 0
 4157 37 7 3792832 700616 8173320 4856 4456 1614008 13688920 0 13316352 3210448 2750280 3321072 0 0 0
 4168 37 8 4236696 1648176 11552 3150576 250048 4688 3617064 1010400 0 12318728 25140664 23637800 0 0 0
 4179 37 9 10454376 2867640 954736 8568 3353920 5616 965920 0 12945008 0 14953096 20340208 0 0 0
 4190 38 0 0 25960048 4654528 914600 11632 7925032 13176 4746104 1275784 10543704 14092128 27296080 26948992 0 0
 4201 38 1 26240120 0 25928552 3686784 1396856 621872 3863488 439064 0 3536792 26624696 24588264 25247952 0 0
 4212 38 2 4841192 25581984 0 9562728 4472736 3805152 16208 8968488 0 1082280 27683896 26851456 15371272 0 0
 4223 38 3 1203424 4172024 10070288 0 12934640 3102920 1150392 3184 1002192 8568 18377088 16060880 1003160 0 0
 4234 38 4 12056 1733504 5465256 13576152 0 15741080 2353424 4520 0 3763392 21785992 25464512 0 0 0
 4245 38 5 9132496 411736 4834304 3344328 15051464 0 13035744 2033416 0 6928 26631840 28263312 0 0 0
 4256 38 6 12008 3832584 19000 1218888 2958168 13764888 0 13418392 736152 984096 20609320 18089728 0 0 0
 4267 38 7 3806872 728672 8219272 5656 5032 1608096 13622472 0 1094800 3306016 28319880 25343824 0 0 0
 4278 38 8 4302424 1643680 9248 3124368 238000 4656 3656472 12426512 0 12572096 3028816 2585064 0 0 0
 4289 38 9 10641816 2755032 946856 7384 3314192 4912 985896 3317368 1506064 0 14986360 20819840 0 0 0
 4300 39 0 0 26940560 4598240 918552 9224 7920008 17600 4782328 5102896 759504 13992408 27115952 26840300 0 0
 4311 39 1 25988948 0 26352784 3530240 1437648 645920 3738400 468792 1862096 0 26709944 24985408 25806072 0 0
 4322 39 2 4888632 25643176 0 10618976 4532792 3845040 17728 9142520 10096 3504 27701272 26478088 15469936 0 0
 4333 39 3 1209016 4087976 9936656 0 13218160 3115624 1028336 5112 3514976 3176 18686816 16052380 1410488 0 0
 4344 39 4 10944 1770360 5320360 13466676 0 16412440 2359176 7248 640616 0 21635344 25832840 0 0 0
 4355 39 5 8992104 435784 4801760 3312880 14868984 0 13651168 1979176 7272 0 26939856 28691624 0 0 0
 4366 39 6 12096 3772808 20096 1206712 2952136 13801096 0 13603064 2882432 605304 20858256 18335768 0 0 0
 4377 39 7 3837968 719408 8057728 3064 5496 1590752 13770448 0 13578528 1337552 28837032 25115240 0 0 0
 4388 39 8 4329264 1634048 7232 3086616 293720 2416 3612448 12442320 0 3650344 25015416 23761744 0 0 0
 4399 39 9 10679872 2851480 989960 6408 3364208 5648 997688 3295136 12895688 0 2857696 3501712 0 0 0
 4410 40 0 0 26617616 4580440 960536 10776 7817104 14464 4734856 4955440 10958064 3383184 2755824 5125168 0 0
 4421 40 1 8904880 0 25871584 3515600 1414688 653256 3770136 432456 2013104 3401960 26894496 25413568 25608464 0 0
 4432 40 2 1700584 26147536 0 10024128 4425056 3810880 14824 9177496 11960 1123024 27706512 26589888 15366152 0 0
 4443 40 3 651648 4286768 10312128 0 13044160 3032656 1079376 5200 3592224 7496 18708992 16020856 1274672 0 0
 4454 40 4 0 1785240 5548864 13849592 0 15782416 2297464 5104 637200 3706104 21871912 25902960 0 0 0
 4465 40 5 0 406864 4823944 3301800 15483496 0 13227392 2021608 6192 6648 26508032 28577048 0 0 0
 4476 40 6 0 3760704 14240 1235256 2970160 14130288 0 13464912 3006216 972664 21017896 18150304 0 0 0
 4487 40 7 6592 768896 7968664 4744 5296 1701608 14014048 0 13228056 3242840 28621824 25235216 0 0 0
 4498 40 8 0 1660432 12256 3105640 259072 3520 3746472 12592824 0 12469520 25210368 23979656 0 0 0
 4509 40 9 1808 2830536 934504 8056 3403288 4072 1002432 3286400 13276632 0 15037928 20849760 0 0 0
 4520 41 0 0 1520 4521016 917936 11976 7907760 15368 4894680 4921144 10162256 14065096 26772368 26665816 0 0
 4531 41 1 25911992 0 25954080 3569344 1428624 622776 3839688 450016 1876784 3469248 2186408 1589880 2611040 0 0
 4542 41 2 4843464 4054224 0 10032088 4416192 3766688 18000 9174008 13680 1089576 27631952 26483240 15364376 0 0
 4553 41 3 1206248 115224 10079896 0 13126680 3005392 1135096 9400 3634560 8552 18424240 15924560 1271688 0 0
 4564 41 4 10248 256 5461856 13445640 0 15681096 2314624 6792 602056 3807472 21467320 25471280 0 0 0
 4575 41 5 8938280 4776 4714224 3333008 14709456 0 13190008 2007632 5560 6808 26109256 28233272 0 0 0
 4586 41 6 15520 879808 19912 1251528 2914888 13645648 0 13386920 2959456 966480 20702192 18293008 0 0 0
 4597 41 7 3779240 90248 8092384 7496 3896 1558640 13921600 0 13458280 3284824 28735600 25379264 0 0 0
 4608 41 8 4162896 0 12256 3052168 281064 4800 3593784 12667888 0 12482584 25011768 23950784 0 0 0
 4619 41 9 10404496 502888 996792 9368 3319360 6688 967664 3377056 13091200 0 14703312 20571440 0 0 0
 4630 42 0 0 26100424 4432 937656 9592 7827944 15336 4866984 5018320 10388512 14016768 27370216 26837936 0 0
 4641 42 1 26188208 0 1414456 3547768 1373440 594608 3831496 432008 1827752 3464144 26480760 24521832 25430920 0 0
 4652 42 2 4814048 25549712 0 10036536 4384632 3798480 17744 9204064 14160 1137416 3646888 819320 1630416 0 0
 4663 42 3 1164872 4128616 572224 0 13077168 3035784 1099168 5328 3656896 9336 18506672 15942984 1279176 0 0
 4674 42 4 9064 1747320 0 13704520 0 15987472 2363536 5808 645528 3823536 21776392 25589984 0 0 0
 4685 42 5 9132808 394624 1262712 3211016 14933576 0 13334208 2036776 4976 5312 26603048 28685120 0 0 0
 4696 42 6 16528 3787080 0 1218552 2985208 13950232 0 13283848 3010640 968040 20702856 18092952 0 0 0
 4707 42 7 3806176 711216 1866528 6344 4944 1608072 13677144 0 13303856 3242384 28603032 25342496 0 0 0
 4718 42 8 4261328 1622480 0 3057472 246840 5768 3519816 12602240 0 12547392 25087088 23765160 0 0 0
 4729 42 9 10373296 2768176 3152 8536 3427184 5216 938568 3342392 12931816 0 14885312 20698424 0 0 0
 4740 43 0 0 26470456 4533608 0 9848 7997664 14624 4796656 4936792 10389224 13962960 26918536 26799952 0 0
 4751 43 1 25692568 0 25903456 675016 1384256 651536 3698104 449024 1812944 3375304 26774768 24778196 25622608 0 0
 4762 43 2 4758648 25721704 0 0 4455400 3699576 19792 9177064 13920 1163352 27728384 26746464 15236632 0 0
 4773 43 3 1175720 4122520 10053912 0 12951744 3001632 1092592 7320 3610544 6736 1682640 255488 0 0 0
 4784 43 4 13104 1759032 5348816 1259624 0 15805736 2416496 3824 607688 3880832 21490328 25474760 0 0 0
 4795 43 5 9113416 387952 4923904 0 14853408 0 13216552 1998016 6736 5608 26350584 28589192 0 0 0
 4806 43 6 15136 3870112 17416 3688 2915200 13896136 0 13369096 3010376 977624 20601504 18180448 0 0 0
 4817 43 7 3808456 717296 8181936 0 5200 1563648 13673056 0 13424944 3265640 28766808 25071984 0 0 0
 4828 43 8 4249752 1638668 11280 0 255288 4656 3616872 12608768 0 12552552 24946840 23548488 0 0 0
 4839 43 9 10470168 2805952 982400 0 3375696 7696 1035512 3220512 12869072 0 14755928 20859664 0 0 0
 4850 44 0 0 26455280 4564024 922272 7040 7940856 12880 4841568 5101640 10465416 13926784 27061808 27034056 0 0
 4861 44 1 26283704 0 26182416 3535912 0 608504 3777104 448408 1886688 3493976 26685936 24589288 25582232 0 0
 4872 44 2 4671352 25502000 0 9973840 3360 3777248 14968 9163736 12784 1122936 27905528 26620152 15412544 0 0
 4883 44 3 1180480 4082776 10014616 0 2337792 3031920 1080656 5520 3517832 8800 18337528 15875968 1293504 0 0
 4894 44 4 11336 1794776 5492112 13525896 0 15706280 2362472 5888 626280 3812224 5092128 1293064 0 0 0
 4905 44 5 9140800 397760 4787480 3238112 2610680 0 13214536 2020944 5192 5592 26422088 28219936 0 0 0
 4916 44 6 14184 3747384 14512 1178320 0 13699072 0 13573744 3005984 928800 20630600 18108312 0 0 0
 4927 44 7 3693128 706368 8112168 4960 0 1624320 13663528 0 13229872 3211624 28983232 25290936 0 0 0
 4938 44 8 4208448 1643544 10880 3120112 0 4744 3611928 12559872 0 12434672 25257376 23799604 0 0 0
 4949 44 9 10528000 2848392 963408 10752 0 5600 1001792 3271040 13230172 0 14973416 20506768 0 0 0
 4960 45 0 0 26392840 4582640 953176 13600 1188896 10864 4698296 4991552 10469432 13886824 27249328 26765552 0 0
 4971 45 1 26156216 0 25845600 3529104 1405256 0 3815504 456688 1826720 3403216 26546792 24861656 25482984 0 0
 4982 45 2 4893008 25741016 0 10170000 4447056 469592 15768 9011880 11752 1085280 27880064 26319456 15390880 0 0
 4993 45 3 1186120 4106128 9968952 0 13058824 5064 1139184 4120 3586720 8792 18515728 16013384 1281256 0 0
 5004 45 4 9184 1671256 5625608 13552184 0 1050832 2349816 6176 606192 3794440 21597720 25745136 0 0 0
 5015 45 5 8882336 394296 4820784 3265680 14980048 0 13228224 2025280 4600 7152 2704848 2650584 0 0 0
 5026 45 6 12776 3777000 19192 1183200 2996144 1698424 0 13347320 2991440 954752 20653848 18250024 0 0 0
 5037 45 7 3850304 706176 8136072 3552 6640 0 13752696 0 13545512 3242560 28205208 25431112 0 0 0
 5048 45 8 4176608 1660080 11328 3144920 274224 0 3622016 12512544 0 12461632 25012928 24022816 0 0 0
 5059 45 9 10455328 2848808 955128 7024 3334608 0 970024 3315176 13098576 0 14888608 20540056 0 0 0
 5070 46 0 0 26451400 4572016 985800 9528 7974912 0 4803168 5010592 10459120 13869984 27176768 27117824 0 0
 5081 46 1 26070080 0 25664984 3518088 1405216 617640 921888 436384 1869056 3444288 26787144 24962904 25645600 0 0
 5092 46 2 4864384 25784672 0 10053488 4371928 3801072 8288 9307000 11336 1093952 27595536 26558072 15064952 0 0
 5103 46 3 1192408 4151000 10001608 0 12969600 3021112 598744 5920 3625040 7664 18525264 15957184 1244720 0 0
 5114 46 4 12040 1731944 5606400 13608648 0 15911400 5720 5344 606984 3775984 21525512 25348176 0 0 0
 5125 46 5 9007624 400664 4644856 3215392 14748648 0 505664 1974880 3288 4192 26271544 28886728 0 0 0
 5136 46 6 12240 3794664 16808 1210432 2899664 13860592 0 13329896 3002016 988584 2428096 1947896 0 0 0
 5147 46 7 3839160 733272 8123624 4520 5160 1601448 1682024 0 13483040 3167784 28828744 24993736 0 0 0
 5158 46 8 4138488 1718256 10432 3124736 254440 3888 653160 12466296 0 12648288 25155592 23841384 0 0 0
 5169 46 9 10585376 2861896 957960 7608 3347392 4288 1392 3343864 13030176 0 14898264 20693144 0 0 0
 5180 47 0 0 26368208 4529984 913264 11064 7887432 15992 5824 5073576 10337872 13919272 26992432 27336264 0 0
 5191 47 1 26233840 0 25772632 3592592 1428544 614576 3700480 0 1842768 3393192 26377704 24984632 25631368 0 0
 5202 47 2 4781496 25671160 0 10063760 4429912 3772832 14264 1134024 12104 1099368 27837696 26562376 15082152 0 0
 5213 47 3 1185840 4113720 10097016 0 12879256 3003664 1033496 3504 3641752 6480 18566240 15971080 1329600 0 0
 5224 47 4 14480 1751384 5495720 13672424 0 15880488 2346288 0 607296 3863848 21611736 25287544 0 0 0
 5235 47 5 9123984 380752 4837648 3237960 14841232 0 13001304 492032 6448 5656 26138656 28616872 0 0 0
 5246 47 6 12952 3722576 16648 1190056 2952920 13619160 0 1729648 2990936 926632 20522120 17961320 0 0 0
 5257 47 7 3816552 719632 8200696 3952 3896 1610464 13665416 0 13370040 3267208 2742816 3250896 0 0 0
 5268 47 8 4209656 1659656 11480 3186280 250088 4368 3707648 963200 0 12535228 25218608 23593080 0 0 0
 5279 47 9 10455560 2864112 971064 8720 3357520 4128 999200 0 12977192 0 14881456 20552716 0 0 0
 5290 48 0 0 25937792 4664896 925176 9704 8013792 14912 4701784 1294840 10517656 14100552 27327840 26834848 0 0
 5301 48 1 26308368 0 26125080 3674224 1369232 628920 3877928 447248 0 3437688 26594864 24370840 25242224 0 0
 5312 48 2 4749296 25527136 0 9568240 4544144 3839128 18680 9055776 0 1086168 27746808 26667336 15523176 0 0
 5323 48 3 1232304 4197712 10040152 0 12857984 3101320 1110216 2672 1022112 9920 18249272 16015472 1020376 0 0
 5334 48 4 12920 1753792 5375816 13474248 0 15728584 2340272 6736 0 3785200 21675512 25685264 0 0 0
 5345 48 5 9156304 370672 4839528 3346712 15024440 0 13166192 2060040 0 7400 26694448 28369864 0 0 0
 5356 48 6 15888 3763808 19608 1190072 3028832 13787808 0 13427184 712736 977848 20735216 18184744 0 0 0
 5367 48 7 3760648 707488 8223024 3608 4776 1633944 13733216 0 1119688 3264664 28333832 25469520 0 0 0
 5378 48 8 4308576 1620112 9280 3095216 244200 6672 3663856 12483432 0 12607968 3000312 2633776 0 0 0
 5389 48 9 10512416 2750656 937024 6832 3333656 3360 996544 3284432 1485776 0 14970736 20723352 0 0 0
 5400 49 0 0 26833576 4608888 926712 13008 7914320 14248 4722808 5121056 717328 13886792 27045512 26936448 0 0
 5411 49 1 26022360 0 26387832 3559032 1476232 616640 3784432 486416 1813200 256 26649480 25094856 25693648 0 0
 5422 49 2 4832696 25608144 0 10574560 4553560 3812880 15528 9130600 10928 3856 27832552 26660440 15398048 0 0
 5433 49 3 1169424 4067144 9951632 0 13168160 3117688 1039000 4344 3554264 3432 18836072 16008648 1381032 0 0
 5444 49 4 11856 1790552 5402024 13555944 0 16309800 2308744 8056 583104 0 21713824 25816040 0 0 0
 5455 49 5 8982440 431136 4830408 3276608 14939680 0 13560584 1972192 5232 0 26854864 28725816 0 0 0
 5466 49 6 12880 3764280 19552 1197872 2953240 13847304 0 13652192 2906000 604368 20776752 18316832 0 0 0
 5477 49 7 3830976 721568 8093720 3664 2832 1612232 13777096 0 13576144 1352200 28681632 25179864 0 0 0
 5488 49 8 4372208 1640544 9264 3121520 286360 4896 3636048 12398104 0 3694528 24993168 23964272 0 0 0
 5499 49 9 10623312 2866744 963440 8104 3303416 6480 959752 3270624 13043384 0 2848968 3527616 0 0 0
 5510 50 0 0 26636944 4637208 929160 8520 7901192 13008 4709496 5020840 11043344 13954768 22968112 22902256 0 0
 5521 50 1 25932896 0 25975988 3524472 1425536 612600 3800736 441192 1871936 3445384 24566960 20068352 23724376 0 0
 5532 50 2 4861448 25646760 0 10179080 4393200 3752312 18288 9267096 11608 1129840 23859320 21725084 15442400 0 0
 5543 50 3 1190528 4082688 9958888 0 12913440 2962688 1108744 5832 3574936 8288 18572900 15990896 1346144 0 0
 5554 50 4 12232 1790752 5505344 13568084 0 15784296 2369408 5160 606144 3817512 19554248 22049888 0 0 0
 5565 50 5 8909712 411848 4821800 3313272 15028552 0 13274896 2031632 4992 9672 23239128 24335776 0 0 0
 5576 50 6 16200 3818568 19008 1222008 2855344 13965960 0 13317144 2962216 979928 20777584 18237976 0 0 0
 5587 50 7 3877080 731240 8158160 4272 4848 1625032 13753576 0 13462312 3254240 25753568 21640840 0 0 0
 5598 50 8 4330032 1626384 9472 3159824 258448 5504 3700696 12600624 0 12593368 20857352 19541592 0 0 0
 5609 50 9 10689480 2883608 1003024 6760 3273552 5288 977128 3334008 12883824 0 15229824 21052472 0 0 0