
 10 0 0 0.000000 5000931.850422 101754.774466 119996.455578 0.000000 0.000000 0.000000 208561.871504 0.000000 0.000000 0.000000 0.000000 0.000000 0.000000 0.000000
 21 0 1 588043.923525 0.000000 744125.855452 1791695.823013 98147.374435 21718.072815 106314.558907 1769195.709923 227436.560820 22041.338385 681168.732679 0.000000 0.000000 0.000000 0.000000
 32 0 2 528967.236635 906569.273432 0.000000 894432.840233 4659.274990 56882.553492 0.000000 0.000000 0.000000 160802.915730 0.000000 0.000000 0.000000 0.000000 0.000000
 43 0 3 95505.945404 258413.494257 93308.318525 0.000000 71053.584326 194491.999882 14144.090233 0.000000 0.000000 1132079.908472 0.000000 0.000000 0.000000 0.000000 0.000000
 54 0 4 0.000000 2979231.320910 0.000000 231568.929605 0.000000 395914.863943 113308.428478 289.735483 0.000000 0.000000 0.000000 0.000000 0.000000 0.000000 0.000000
 65 0 5 0.000000 0.000000 102612.190533 340054.081184 6663737.144754 0.000000 3399948.311871 0.000000 0.000000 0.000000 0.000000 0.000000 0.000000 0.000000 0.000000
 76 0 6 0.000000 0.000000 0.000000 268525.744282 37636.173115 595278.415382 0.000000 2155439.225157 0.000000 0.000000 0.000000 0.000000 0.000000 0.000000 0.000000
 87 0 7 21116.435518 781021.060919 0.000000 0.000000 0.000000 0.000000 152243.672279 0.000000 608711.143133 192303.750938 0.000000 0.000000 0.000000 0.000000 0.000000
 98 0 8 0.000000 0.000000 0.000000 0.000000 0.000000 0.000000 0.000000 948128.610249 0.000000 36591.437590 0.000000 0.000000 0.000000 0.000000 0.000000
 109 0 9 0.000000 0.000000 14745.847267 42631.885586 0.000000 0.000000 0.000000 5477596.118885 573652.822577 0.000000 0.000000 0.000000 0.000000 0.000000 0.000000
 120 1 0 0.000000 998003.351738 202960.808502 40527.777012 2066222.575867 3130559.124092 0.000000 0.000000 211158.242826 3253027.204390 0.000000 0.000000 0.000000 0.000000 0.000000
 131 1 1 742244.755322 0.000000 384026.823977 645751.642962 0.000000 0.000000 11476.037819 76017.362398 0.000000 0.000000 0.000000 264737.430546 0.000000 0.000000 0.000000
 142 1 2 58035.406122 1863727.783260 0.000000 3271472.777332 0.000000 6678.239918 0.000000 22872.910130 0.000000 56732.451315 142063.199703 0.000000 0.000000 0.000000 0.000000
 153 1 3 4580518.847231 1069761.087776 895279.035669 0.000000 3064653.999331 5345.607994 0.000000 0.000000 0.000000 0.000000 0.000000 0.000000 0.000000 0.000000 0.000000
 164 1 4 33.925385 0.000000 0.000000 194972.317881 0.000000 5273056.178183 16649.835636 0.000000 52120.437799 5676.937838 0.000000 0.000000 0.000000 0.000000 0.000000
 175 1 5 6031.840693 0.000000 0.000000 0.000000 8814981.436201 0.000000 410588.731867 247412.112156 46608.739756 4941.207893 0.000000 0.000000 0.000000 0.000000 0.000000
 186 1 6 1164653.360897 4542.811159 0.000000 6590.590916 2309478.479895 12543081.071592 0.000000 300827.703011 0.000000 23795.060526 0.000000 0.000000 0.000000 0.000000 0.000000
 197 1 7 2207.537998 0.000000 0.000000 0.000000 0.000000 179412.602011 353098.119947 0.000000 0.000000 0.000000 0.000000 0.000000 0.000000 0.000000 0.000000
 208 1 8 4408.094107 0.000000 0.000000 0.000000 77716.775375 9253754.991306 0.000000 0.000000 0.000000 4137030.523821 0.000000 0.000000 0.000000 0.000000 0.000000
 219 1 9 7296.336714 0.000000 0.000000 0.000000 0.000000 10907.576666 70663.398117 0.000000 404955.899254 0.000000 0.000000 0.000000 0.000000 0.000000 0.000000
 230 2 0 0.000000 389514.722200 20142.621050 1468.051134 0.000000 0.000000 13635.924059 87377.909647 0.000000 10453.813704 0.000000 0.000000 0.000000 0.000000 0.000000
 241 2 1 672177.538256 0.000000 1226717.558743 1248715.339626 149.744987 824368.132570 3499543.103706 383012.310648 0.000000 0.000000 867.984140 0.000000 0.000000 0.000000 0.000000
 252 2 2 0.000000 1984343.374788 0.000000 1106691.149824 88096.350910 1554292.372345 26957.712610 49951.200022 53030.357300 0.000000 0.000000 482993.971010 0.000000 0.000000 0.000000
 263 2 3 0.000000 179597.495382 4146284.023653 0.000000 2662907.665972 0.000000 46924.502087 55189.453564 0.000000 406105.341034 0.000000 0.000000 0.000000 0.000000 0.000000
 274 2 4 3154.268820 7463.473894 232015.620380 2021298.340919 0.000000 4812462.053745 82942.579031 54071.213137 32074.990238 0.000000 0.000000 0.000000 0.000000 0.000000 0.000000
 285 2 5 0.000000 0.000000 109015.939873 0.000000 318133.840363 0.000000 1992767.044212 324639.380314 18282.627996 0.000000 0.000000 0.000000 0.000000 0.000000 0.000000
 296 2 6 0.000000 3869.295708 11834.409149 209318.154764 0.000000 1049616.863379 0.000000 243864.715834 27013.478674 3489.581905 0.000000 0.000000 0.000000 0.000000 0.000000
 307 2 7 25868.448364 66045.965240 14685.327082 101712.120399 380257.480469 2560656.053507 1304236.994282 0.000000 399867.227036 0.000000 0.000000 0.000000 0.000000 0.000000 0.000000
 318 2 8 0.000000 1331.715040 0.000000 0.000000 45276.350765 1319370.594429 66314.887276 3203474.200382 0.000000 160987.723450 0.000000 0.000000 0.000000 0.000000 0.000000
 329 2 9 0.000000 0.000000 0.000000 0.000000 0.000000 0.000000 21582.334188 0.000000 2847042.488554 0.000000 0.000000 0.000000 0.000000 0.000000 0.000000
 340 3 0 0.000000 1842633.600536 0.000000 247409.117704 0.000000 0.000000 1626733.618288 0.000000 0.000000 0.000000 0.000000 0.000000 0.000000 0.000000 0.000000
 351 3 1 495206.723295 0.000000 147531.421310 0.000000 244809.762077 33869.507414 219551.510061 817953.377247 449452.983349 0.000000 1936.270443 0.000000 0.000000 0.000000 0.000000
 362 3 2 170811.245085 1132876.651775 0.000000 1159623.732340 56287.694826 75022.918692 765699.160746 0.000000 570648.617098 0.000000 24333.284269 0.000000 0.000000 0.000000 0.000000
 373 3 3 2376016.607094 0.000000 289303.842562 0.000000 6194970.795786 1340235.395327 323.590014 0.000000 0.000000 1342196.954466 0.000000 0.000000 0.000000 0.000000 0.000000
 384 3 4 0.000000 220703.024206 61857.717695 2745693.216116 0.000000 1556984.787905 0.000000 9059.592976 171503.601978 1573565.007240 179687.993372 0.000000 0.000000 0.000000 0.000000
 395 3 5 0.000000 48849.499424 22912.665106 344024.605551 1919429.381100 0.000000 0.000000 0.000000 0.000000 7567.568764 97102.899527 0.000000 0.000000 0.000000 0.000000
 406 3 6 955438.327566 0.000000 0.000000 0.000000 0.000000 0.000000 0.000000 7888475.224834 18784.661777 743155.254883 0.000000 0.000000 0.000000 0.000000 0.000000
 417 3 7 0.000000 5962.190897 0.000000 0.000000 0.000000 0.000000 3937813.777283 0.000000 732924.071413 12326760.951626 0.000000 0.000000 0.000000 0.000000 0.000000
 428 3 8 0.000000 35078.483988 9652.469360 0.000000 0.000000 0.000000 829992.927126 2183360.808125 0.000000 7207047.020332 0.000000 0.000000 0.000000 0.000000 0.000000
 439 3 9 0.000000 0.000000 0.000000 39506.032341 0.000000 0.000000 72904.874765 0.000000 416334.270420 0.000000 0.000000 0.000000 0.000000 0.000000 0.000000
 450 4 0 0.000000 8596499.554317 166984.942476 0.000000 0.000000 0.000000 0.000000 0.000000 4515.431534 0.000000 0.000000 0.000000 0.000000 0.000000 0.000000
 461 4 1 7887353.246891 0.000000 2465015.227728 6143.313177 0.000000 0.000000 0.000000 0.000000 4481.549114 0.000000 0.000000 0.000000 0.000000 0.000000 0.000000
 472 4 2 25508.596582 12346605.795137 0.000000 58035.634163 0.000000 5681.307722 2448.577599 0.000000 0.000000 481.234741 0.000000 0.000000 0.000000 0.000000 0.000000
 483 4 3 11519.539038 65531.071028 928920.710201 0.000000 4054992.566208 265392.278194 17097.307299 75808.987148 2715586.561804 0.000000 3994.724062 0.000000 0.000000 0.000000 0.000000
 494 4 4 0.000000 0.000000 0.000000 530198.141407 0.000000 10224.909334 3398704.078012 45398.500175 56721.182062 46387.921511 0.000000 28147.986868 0.000000 0.000000 0.000000
 505 4 5 0.000000 0.000000 26979.964565 573394.188581 473638.447634 0.000000 256195.054502 415.090673 143439.407078 98499.940132 826984.681410 0.000000 0.000000 0.000000 0.000000
 516 4 6 0.000000 0.000000 0.000000 630701.914736 30493.499424 2065365.963314 0.000000 37742.208975 3986.680367 118689.125412 0.000000 0.000000 0.000000 0.000000 0.000000
 527 4 7 0.000000 0.000000 0.000000 50502.566965 7669834.242420 0.000000 311524.411518 0.000000 3758058.429029 1714095.666401 0.000000 0.000000 0.000000 0.000000 0.000000
 538 4 8 0.000000 0.000000 0.000000 0.000000 0.000000 123745.500278 0.000000 1825775.257683 0.000000 3800591.465965 0.000000 0.000000 0.000000 0.000000 0.000000
 549 4 9 23130.354092 16108.061644 6020.647295 0.000000 0.000000 0.000000 101425.825039 129441.721418 1547915.722841 0.000000 0.000000 0.000000 0.000000 0.000000 0.000000
 560 5 0 0.000000 2419417.506317 15742.272039 7203.441086 341883.036472 72098.628101 134301.692533 75568.286627 1400.560513 6680.455864 0.000000 0.000000 0.000000 0.000000 0.000000
 571 5 1 897168.402197 0.000000 593292.803200 210200.511986 1049.463366 14165.405979 0.000000 0.000000 0.000000 5737.594263 0.000000 0.000000 0.000000 0.000000 0.000000
 582 5 2 103137.168468 13073579.904488 0.000000 2159064.209267 0.000000 13419.947620 16365.808578 0.000000 0.000000 0.000000 0.000000 0.000000 0.000000 0.000000 0.000000
 593 5 3 1235762.707869 3089876.991137 576837.433086 0.000000 0.000000 3410.204498 89357.157455 0.000000 0.000000 0.000000 0.000000 0.000000 0.000000 0.000000 0.000000
 604 5 4 328105.126707 7957654.869423 32474.385559 0.000000 0.000000 2520638.553904 298723.114513 0.000000 0.000000 0.000000 6480.671524 880933.550571 0.000000 0.000000 0.000000
 615 5 5 0.000000 2963.173943 213933.685307 27499.588726 1462479.173035 0.000000 406687.749332 259926.152416 0.000000 0.000000 0.000000 60592.339344 0.000000 0.000000 0.000000
 626 5 6 17493.699745 4205.489878 479110.366520 159293.432503 428990.859980 230655.503864 0.000000 46767.162374 477336.463852 233168.876598 1629.751976 0.000000 0.000000 0.000000 0.000000
 637 5 7 0.000000 2373.055468 0.000000 0.000000 0.000000 140424.462059 956404.450876 0.000000 74018.679977 37474.143948 0.000000 0.000000 0.000000 0.000000 0.000000
 648 5 8 0.000000 0.000000 0.000000 0.000000 0.000000 0.000000 0.000000 7233914.676041 0.000000 627395.597918 0.000000 0.000000 0.000000 0.000000 0.000000
 659 5 9 0.000000 0.000000 0.000000 0.000000 0.000000 0.000000 0.000000 2726920.219036 6785233.758541 0.000000 0.000000 0.000000 0.000000 0.000000 0.000000
 670 6 0 0.000000 134789.279476 0.000000 35209.863529 2652.730787 0.000000 43514.968021 11175.342819 0.000000 0.000000 0.000000 0.000000 0.000000 0.000000 0.000000
 681 6 1 1043161.201586 0.000000 2065604.500240 9900723.691954 134.740067 0.000000 0.000000 638260.760906 0.000000 0.000000 0.000000 0.000000 0.000000 0.000000 0.000000
 692 6 2 0.000000 260280.900896 0.000000 685324.820263 4005713.249987 0.000000 0.000000 3131.952644 2634111.486853 114043.343109 0.000000 0.000000 0.000000 0.000000 0.000000
 703 6 3 50561.238628 615656.795805 206866.995239 0.000000 68125.877077 0.000000 0.000000 864.396942 0.000000 0.000000 0.000000 0.000000 0.000000 0.000000 0.000000
 714 6 4 65826.270613 0.000000 191025.160583 869781.152130 0.000000 2572.225031 0.000000 12460.637402 0.000000 0.000000 0.000000 0.000000 0.000000 0.000000 0.000000
 725 6 5 237112.549387 0.000000 0.000000 107143.873697 6190069.740650 0.000000 274843.780895 270480.621695 1856755.034834 0.000000 12224.595703 0.000000 0.000000 0.000000 0.000000
 736 6 6 24619.058182 0.000000 0.000000 0.000000 0.000000 2188275.601444 0.000000 3433244.456068 0.000000 11572.443058 0.000000 0.000000 0.000000 0.000000 0.000000
 747 6 7 224128.901104 6629.614433 0.000000 61878.200247 486506.242960 439248.628256 625511.136776 0.000000 169067.450102 1514113.420918 9784.974945 0.000000 0.000000 0.000000 0.000000
 758 6 8 0.000000 21548.957640 7107238.067209 564362.231590 252614.579344 109221.788525 0.000000 10915343.567373 0.000000 209863.013079 0.000000 0.000000 0.000000 0.000000 0.000000
 769 6 9 0.000000 0.000000 6457.233574 0.000000 0.000000 0.000000 155625.367529 11354.303490 4542247.367615 0.000000 0.000000 0.000000 0.000000 0.000000 0.000000
 780 7 0 0.000000 2569034.016172 0.000000 0.000000 0.000000 0.000000 13506.042311 5228.064909 4102.437382 0.000000 0.000000 0.000000 0.000000 0.000000 0.000000
 791 7 1 6779974.708578 0.000000 0.000000 0.000000 0.000000 0.000000 7366.196882 0.000000 0.000000 0.000000 0.000000 0.000000 0.000000 0.000000 0.000000
 802 7 2 0.000000 0.000000 0.000000 78653.840061 79747.103638 114681.897057 9264.253227 0.000000 612.823397 57434.606167 0.000000 0.000000 0.000000 0.000000 0.000000
 813 7 3 0.000000 0.000000 317410.841759 0.000000 120457.425982 200794.306042 26850.225273 0.000000 0.000000 69166.420269 0.000000 0.000000 0.000000 0.000000 0.000000
 824 7 4 0.000000 0.000000 148646.356432 264525.974234 0.000000 16051.895134 10390.115492 90940.273453 0.000000 0.000000 0.000000 0.000000 0.000000 0.000000 0.000000
 835 7 5 0.000000 0.000000 112513.938480 8954127.558744 632363.998507 0.000000 58488.890024 76017.087887 46040.755873 0.000000 0.000000 0.000000 0.000000 0.000000 0.000000
 846 7 6 109083.054672 182137.450138 54617.197987 3536111.781647 0.000000 637057.774305 0.000000 271736.731190 249703.321865 484969.606907 747381.094406 0.000000 0.000000 0.000000 0.000000
 857 7 7 0.000000 0.000000 0.000000 0.000000 36321.797453 72198.362068 6755536.664772 0.000000 321201.862921 6502.569382 0.000000 615585.119841 0.000000 0.000000 0.000000
 868 7 8 3571971.882870 80591.188044 0.000000 0.000000 4276.430260 119377.143003 180886.012014 1950016.636862 0.000000 750123.329248 612.541641 0.000000 0.000000 0.000000 0.000000
 879 7 9 9081.222033 1632.009857 20330.189209 346912.934526 0.000000 0.000000 6327.930925 0.000000 1715776.190485 0.000000 0.000000 0.000000 0.000000 0.000000 0.000000
 890 8 0 0.000000 8890.196718 1659652.699974 17199.946396 955.206629 0.000000 0.000000 0.000000 0.000000 7569.602251 0.000000 13424.726170 0.000000 0.000000 0.000000
 901 8 1 0.000000 0.000000 602379.962444 0.000000 65141.759684 0.000000 575.340796 0.000000 0.000000 0.000000 0.000000 0.000000 0.000000 0.000000 0.000000
 912 8 2 133294.018724 297447.269051 0.000000 518664.049650 0.000000 88184.328867 0.000000 0.000000 0.000000 0.000000 0.000000 0.000000 0.000000 0.000000 0.000000
 923 8 3 1575427.555910 0.000000 188098.868191 0.000000 263407.000427 36550.140465 2555.130024 0.000000 1893.960499 0.000000 0.000000 0.000000 0.000000 0.000000 0.000000
 934 8 4 0.000000 119551.659805 0.000000 1275771.463213 0.000000 3932865.789076 0.000000 0.000000 0.000000 0.000000 0.000000 0.000000 0.000000 0.000000 0.000000
 945 8 5 0.000000 0.000000 443136.133614 149791.149439 1535965.347250 0.000000 323473.297577 0.000000 0.000000 0.000000 0.000000 0.000000 0.000000 0.000000 0.000000
 956 8 6 427596.263552 0.000000 0.000000 0.000000 0.000000 1061817.981937 0.000000 154260.874395 39587.272112 0.000000 11181.904423 0.000000 0.000000 0.000000 0.000000
 967 8 7 0.000000 88462.727213 145713.210768 109911.338980 192741.350325 0.000000 209392.751593 0.000000 209525.994490 564701.149569 3716.214846 0.000000 0.000000 0.000000 0.000000
 978 8 8 0.000000 0.000000 0.000000 0.000000 11542.443495 20119.210402 55776.437212 1723615.713642 0.000000 218176.142590 0.000000 215261.754051 0.000000 0.000000 0.000000
 989 8 9 0.000000 0.000000 0.000000 0.000000 0.000000 0.000000 2093.514244 101085.619539 116307.471790 0.000000 0.000000 0.000000 0.000000 0.000000 0.000000
 1000 9 0 0.000000 3461776.881168 9470860.956976 0.000000 0.000000 0.000000 9233.140232 1305789.232281 34695.296829 306413.838610 0.000000 663624.333323 0.000000 0.000000 0.000000
 1011 9 1 172226.028751 0.000000 8336874.619553 3605023.184908 0.000000 0.000000 0.000000 914628.884317 0.000000 0.000000 0.000000 0.000000 0.000000 0.000000 0.000000
 1022 9 2 0.000000 182825.135017 0.000000 316030.043295 0.000000 0.000000 0.000000 0.000000 0.000000 114981.323647 0.000000 0.000000 0.000000 0.000000 0.000000
 1033 9 3 0.000000 11100.582027 4138929.911833 0.000000 64392.188776 130997.804070 0.000000 0.000000 0.000000 56394.368143 0.000000 0.000000 0.000000 0.000000 0.000000
 1044 9 4 137.365417 11623.797874 193823.918076 9398145.883783 0.000000 694777.742022 158891.372578 212976.681059 8607.536289 0.000000 0.000000 0.000000 0.000000 0.000000 0.000000
 1055 9 5 0.000000 0.000000 0.000000 96224.959538 7456333.750395 0.000000 5617627.478527 0.000000 33988.402998 24832.582882 0.000000 0.000000 0.000000 0.000000 0.000000
 1066 9 6 0.000000 0.000000 0.000000 51115.096052 48337.815964 660470.583031 0.000000 3976450.315586 0.000000 65310.755726 0.000000 0.000000 0.000000 0.000000 0.000000
 1077 9 7 27492.749817 553706.282898 0.000000 0.000000 144091.511631 504.782078 135458.466187 0.000000 380177.787157 7436517.741732 0.000000 0.000000 0.000000 0.000000 0.000000
 1088 9 8 1770.657166 12248.568401 197588.521236 587267.789764 278453.410797 39913.651943 0.000000 4847769.713428 0.000000 708472.154196 574.848019 0.000000 0.000000 0.000000 0.000000
 1099 9 9 0.000000 0.000000 721420.067701 52357.478302 0.000000 166407.790039 150621.045109 242420.644955 56999.629711 0.000000 0.000000 0.000000 0.000000 0.000000 0.000000
 1110 10 0 0.000000 36093.341181 0.000000 48887.845181 13395.700277 0.000000 58746.245819 60632.664179 0.000000 6071.881996 0.000000 0.000000 544828.931908 0.000000 0.000000
 1121 10 1 1996824.839182 0.000000 374285.986458 63378.459723 95333.931423 50359.231621 0.000000 578975.303719 207211.476202 781693.756306 0.000000 19148.854628 0.000000 0.000000 0.000000
 1132 10 2 0.000000 6094482.522528 0.000000 895964.771742 0.000000 90461.150805 0.000000 0.000000 830542.803833 19951.648977 0.000000 0.000000 0.000000 0.000000 0.000000
 1143 10 3 0.000000 8261664.442875 269101.357679 0.000000 229631.495491 17526.129099 163106.758245 251141.301271 0.000000 137124.893419 0.000000 0.000000 0.000000 0.000000 0.000000
 1154 10 4 0.000000 7610568.250227 0.000000 1342006.334806 0.000000 2034447.685892 5130.271576 37032.922987 0.000000 33501.838257 0.000000 0.000000 0.000000 0.000000 0.000000
 1165 10 5 139239.429823 26230.460405 4570312.530636 371.639183 1480675.513823 0.000000 1735698.269157 5735941.934439 0.000000 25071.455376 0.000000 0.000000 0.000000 0.000000 0.000000
 1176 10 6 0.000000 0.000000 0.000000 42320.795811 262685.940327 11169999.426531 0.000000 861892.506390 0.000000 14325.917101 0.000000 0.000000 0.000000 0.000000 0.000000
 1187 10 7 310265.118912 1857.686962 0.000000 96229.485781 28383.367886 476624.932003 1459308.823069 0.000000 0.000000 17527.912142 0.000000 0.000000 0.000000 0.000000 0.000000
 1198 10 8 2970725.189062 2303303.183931 6865563.605255 0.000000 0.000000 10544.680073 0.000000 0.000000 0.000000 1384110.994747 0.000000 0.000000 0.000000 0.000000 0.000000
 1209 10 9 1024672.845192 0.000000 0.000000 5345.181791 124461.081837 2252320.960955 0.000000 0.000000 3077118.760838 0.000000 0.000000 0.000000 0.000000 0.000000 0.000000
 1220 11 0 0.000000 474103.118380 330885.732044 107171.890217 0.000000 0.000000 0.000000 0.000000 0.000000 0.000000 0.000000 0.000000 0.000000 0.000000 0.000000
 1231 11 1 1803642.004854 0.000000 2132.267456 170176.671247 109253.030109 1026695.566273 3177373.986898 0.000000 0.000000 0.000000 0.000000 0.000000 393421.858362 0.000000 0.000000
 1242 11 2 0.000000 2612073.524408 0.000000 504927.328966 40121.410769 0.000000 83797.003248 21208.552908 68782.780432 123797.512291 0.000000 69.290953 0.000000 0.000000 0.000000
 1253 11 3 1545674.803154 159974.291996 7674247.269838 0.000000 2423474.164293 0.000000 0.000000 16522.949348 12023.885159 0.000000 0.000000 74266.876617 0.000000 0.000000 0.000000
 1264 11 4 0.000000 171974.787367 969476.431576 3734068.276638 0.000000 145285.164371 0.000000 0.000000 0.000000 2343.798233 0.000000 0.000000 0.000000 0.000000 0.000000
 1275 11 5 0.000000 0.000000 0.000000 0.000000 1252530.576567 0.000000 3625560.197264 903990.010767 69442.289408 55482.850004 0.000000 0.000000 0.000000 0.000000 0.000000
 1286 11 6 0.000000 0.000000 0.000000 0.000000 0.000000 2952095.546885 0.000000 29328.010727 2884545.914513 88927.981897 0.000000 0.000000 0.000000 0.000000 0.000000
 1297 11 7 0.000000 0.000000 0.000000 0.000000 0.000000 2347998.915857 13902.301788 0.000000 391070.714750 0.000000 0.000000 0.000000 0.000000 0.000000 0.000000
 1308 11 8 0.000000 0.000000 0.000000 0.000000 0.000000 1108305.399521 361551.808807 87721.164501 0.000000 185259.300694 0.000000 0.000000 0.000000 0.000000 0.000000
 1319 11 9 0.000000 212015.707180 347437.235266 0.000000 0.000000 458005.669086 10520211.336992 0.000000 208543.182240 0.000000 0.000000 0.000000 0.000000 0.000000 0.000000
 1330 12 0 0.000000 4090647.034100 0.000000 5473.223793 0.000000 0.000000 84218.041729 0.000000 0.000000 3076.518234 0.000000 0.000000 0.000000 0.000000 0.000000
 1341 12 1 1358241.993256 0.000000 306117.023283 792.495193 0.000000 0.000000 340.740173 94396.667341 98124.807171 109339.659081 0.000000 0.000000 0.000000 0.000000 0.000000
 1352 12 2 3577224.809978 4921408.209181 0.000000 5070285.153032 12669.261835 0.000000 241029.536848 975796.016958 23175.611814 0.000000 0.000000 0.000000 0.000000 0.000000 0.000000
 1363 12 3 109249.731028 22553.525028 1545110.147041 0.000000 212394.483700 2060405.885021 233199.272482 28130.199837 0.000000 1254214.035078 0.000000 121663.353655 0.000000 0.000000 0.000000
 1374 12 4 53512.256807 14698.846992 613690.716173 11813214.107897 0.000000 1709827.368654 0.000000 86623.270119 109759.830509 3769.703331 0.000000 123715.293242 0.000000 0.000000 0.000000
 1385 12 5 34701.799946 0.000000 0.000000 80905.013966 1244470.480698 0.000000 0.000000 889.729528 70915.374088 5292.906384 0.000000 0.000000 0.000000 0.000000 0.000000
 1396 12 6 151509.951935 0.000000 59814.482193 9080156.341125 0.000000 0.000000 0.000000 948954.879929 95943.779980 0.000000 0.000000 0.000000 0.000000 0.000000 0.000000
 1407 12 7 45355.432453 42221.281261 0.000000 1012556.814205 123811.265587 7338.612810 1195434.875053 0.000000 712839.905975 1104222.636074 0.000000 0.000000 0.000000 0.000000 0.000000
 1418 12 8 86405.955824 37124.581110 45123.569338 0.000000 182429.424175 190624.701416 226945.005472 827640.087778 0.000000 62214.089529 0.000000 0.000000 0.000000 0.000000 0.000000
 1429 12 9 134178.823746 0.000000 0.000000 1561.061668 0.000000 0.000000 0.000000 78775.734201 956741.116213 0.000000 0.000000 0.000000 0.000000 0.000000 0.000000
 1440 13 0 0.000000 326915.288260 56687.917561 137148.320484 16524.421499 0.000000 48751.124292 191221.890444 73462.742920 6121.135933 0.000000 0.000000 0.000000 0.000000 0.000000
 1451 13 1 10619963.883196 0.000000 2630236.432177 0.000000 115849.745396 6769.498623 0.000000 68460.031452 95030.093140 5222.678337 0.000000 0.000000 0.000000 0.000000 0.000000
 1462 13 2 0.000000 910545.100510 0.000000 383124.658169 2904626.417690 11345.426991 23230.041008 53090.076759 1389872.134834 5309.952438 0.000000 8170.583971 0.000000 0.000000 0.000000
 1473 13 3 249795.375879 0.000000 2523790.741781 0.000000 98406.360174 117113.201628 9094.503967 0.000000 0.000000 278538.030338 0.000000 0.000000 0.000000 0.000000 0.000000
 1484 13 4 3196228.111921 112294.527943 0.000000 622061.519043 0.000000 134087.831509 3177120.861666 2231.168724 323168.607723 288768.604679 0.000000 0.000000 0.000000 0.000000 0.000000
 1495 13 5 0.000000 31173.751476 197744.518448 594498.865911 67731.549891 0.000000 303845.032633 0.000000 103555.588455 1879.717033 0.000000 0.000000 0.000000 0.000000 0.000000
 1506 13 6 1683.207771 0.000000 963443.417820 15568.795938 65756.492252 392852.290575 0.000000 257759.613649 81156.715725 918.901947 0.000000 0.000000 0.000000 0.000000 0.000000
 1517 13 7 389232.378653 49567.768400 0.000000 0.000000 0.000000 0.000000 387926.496359 0.000000 4388988.264879 452773.840448 0.000000 0.000000 0.000000 0.000000 0.000000
 1528 13 8 0.000000 0.000000 30754.127287 0.000000 0.000000 0.000000 0.000000 1259761.950659 0.000000 3639924.734825 0.000000 0.000000 0.000000 0.000000 0.000000
 1539 13 9 0.000000 0.000000 75405.935713 26148.322113 0.000000 0.000000 0.000000 376649.404997 817954.205868 0.000000 0.000000 0.000000 0.000000 0.000000 0.000000
 1550 14 0 0.000000 1770619.997787 115011.375475 12668.324537 0.000000 0.000000 0.000000 0.000000 781385.190376 0.000000 0.000000 0.000000 0.000000 0.000000 0.000000
 1561 14 1 1793033.027887 0.000000 272295.166983 1888756.764141 18816.075008 0.000000 0.000000 0.000000 460680.777969 0.000000 0.000000 0.000000 0.000000 0.000000 0.000000
 1572 14 2 1251488.918711 14472878.415766 0.000000 1746738.076944 0.000000 5001.582897 3236.145815 0.000000 459726.454208 0.000000 0.000000 0.000000 0.000000 0.000000 0.000000
 1583 14 3 1559711.832994 283456.785988 900211.019667 0.000000 0.000000 0.000000 0.000000 0.000000 476257.940462 0.000000 0.000000 12827.025764 0.000000 0.000000 0.000000
 1594 14 4 0.000000 0.000000 0.000000 0.000000 0.000000 2038592.648588 262921.338249 283957.814116 53307.079435 0.000000 0.000000 0.000000 0.000000 0.000000 0.000000
 1605 14 5 0.000000 98437.368479 0.000000 0.000000 1049007.847784 0.000000 259652.685211 918231.459478 4106343.620525 534628.802498 0.000000 98220.108631 0.000000 0.000000 0.000000
 1616 14 6 8018.077597 252703.384125 1766.650482 15941.901112 16598.840271 535216.664070 0.000000 234231.140299 448981.443455 110563.276480 0.000000 0.000000 0.000000 0.000000 0.000000
 1627 14 7 0.000000 111218.276960 0.000000 0.000000 60777.933809 143773.064260 607466.450506 0.000000 741128.434504 270627.582659 0.000000 0.000000 0.000000 0.000000 0.000000
 1638 14 8 91454.408768 77248.312460 0.000000 0.000000 0.000000 4807635.205214 0.000000 477125.366066 0.000000 2374550.384172 0.000000 0.000000 0.000000 0.000000 0.000000
 1649 14 9 0.000000 999646.133942 0.000000 6207.250807 0.000000 0.000000 192963.580338 195705.352329 20154823.538433 0.000000 0.000000 0.000000 0.000000 0.000000 0.000000
 1660 15 0 0.000000 196915.252674 345311.185141 2415.397827 7662.540365 1327.828638 153164.796799 32335.083342 0.000000 76877.063881 0.000000 0.000000 0.000000 0.000000 0.000000
 1671 15 1 448170.756454 0.000000 1021919.586651 118608.235321 61645.167259 29053.949629 0.000000 54207.283640 0.000000 81162.665249 0.000000 0.000000 0.000000 0.000000 0.000000
 1682 15 2 0.000000 564468.537607 0.000000 4809.858875 3427266.748968 142022.474850 0.000000 0.000000 0.000000 98574.135084 0.000000 0.000000 0.000000 0.000000 0.000000
 1693 15 3 0.000000 1746966.158157 245562.559036 0.000000 209676.645235 0.000000 19469.854599 0.000000 11255.149099 62465.190866 0.000000 0.000000 0.000000 0.000000 0.000000
 1704 15 4 1317981.493444 470409.779560 60541.442917 2582860.210775 0.000000 176231.192875 0.000000 19881.230595 1812977.720573 1819801.262962 0.000000 13255.514503 0.000000 0.000000 0.000000
 1715 15 5 0.000000 572874.901928 7406937.461491 0.000000 729418.446936 0.000000 1860874.068573 367051.223934 0.000000 0.000000 0.000000 0.000000 0.000000 0.000000 0.000000
 1726 15 6 125101.004877 0.000000 3855.926086 255612.238297 56261.929329 1494830.981699 0.000000 3073315.835196 27061.051346 2945323.302069 0.000000 786720.324999 0.000000 0.000000 0.000000
 1737 15 7 35720.391073 44631.599857 1892.044769 0.000000 197709.736813 162460.651197 757292.849207 0.000000 130104.200390 97647.953718 0.000000 44750.747999 0.000000 0.000000 0.000000
 1748 15 8 0.000000 0.000000 1815.292572 0.000000 0.000000 0.000000 0.000000 1404884.235924 0.000000 6041926.865225 0.000000 0.000000 0.000000 0.000000 0.000000
 1759 15 9 0.000000 2366.355904 4620.544189 0.000000 0.000000 0.000000 0.000000 0.000000 2866673.813194 0.000000 0.000000 0.000000 0.000000 0.000000 0.000000
 1770 16 0 0.000000 594364.227633 0.000000 43414.066801 118922.896374 0.000000 200254.507730 0.000000 0.000000 0.000000 0.000000 0.000000 0.000000 0.000000 0.000000
 1781 16 1 1153164.674913 0.000000 0.000000 3861.833992 69959.452171 0.000000 5361.487413 777277.745594 486457.993185 0.000000 0.000000 0.000000 0.000000 0.000000 0.000000
 1792 16 2 0.000000 0.000000 0.000000 17107100.793497 2409858.915516 0.000000 5395.286745 0.000000 0.000000 111852.564541 0.000000 0.000000 0.000000 0.000000 0.000000
 1803 16 3 213756.111996 0.000000 782822.399881 0.000000 521281.421328 2034876.741400 6901.646280 0.000000 0.000000 1225135.015215 0.000000 0.000000 0.000000 0.000000 0.000000
 1814 16 4 20341.268160 48315.480684 165252.267786 647605.872210 0.000000 178093.491043 4568.299732 0.000000 0.000000 0.000000 0.000000 0.000000 0.000000 0.000000 0.000000
 1825 16 5 159222.742907 97124.941854 406235.236038 5691000.881639 689742.755045 0.000000 1264528.219198 175075.076496 0.000000 68617.614706 0.000000 223553.885910 0.000000 0.000000 0.000000
 1836 16 6 68058.467136 0.000000 0.000000 0.000000 0.000000 387987.823557 0.000000 284816.262302 154514.228672 1661650.793736 0.000000 0.000000 0.000000 0.000000 0.000000
 1847 16 7 0.000000 201149.375069 0.000000 4317.533241 0.000000 382557.337315 9461943.238712 0.000000 2661372.133724 1168004.932550 0.000000 0.000000 0.000000 0.000000 0.000000
 1858 16 8 0.000000 25504.453466 0.000000 2566.290413 0.000000 0.000000 287595.931095 1425282.397415 0.000000 326645.566275 0.000000 0.000000 0.000000 0.000000 0.000000
 1869 16 9 0.000000 0.000000 47995.141850 8832742.101637 0.000000 0.000000 21839.729046 0.000000 2495313.106146 0.000000 0.000000 0.000000 0.000000 0.000000 0.000000
 1880 17 0 0.000000 32342.449558 2372925.362608 0.000000 3986.669968 0.000000 0.000000 95553.439983 1492.405746 0.000000 0.000000 0.000000 0.000000 0.000000 0.000000
 1891 17 1 331428.199924 0.000000 397735.559811 0.000000 660.807461 0.000000 0.000000 23562.827766 0.000000 0.000000 0.000000 0.000000 0.000000 0.000000 0.000000
 1902 17 2 188956.127302 1443702.053659 0.000000 899071.384802 9951.857758 532.926456 1934.233894 22968.265236 5678.271395 0.000000 0.000000 0.000000 0.000000 0.000000 0.000000
 1913 17 3 2477.118162 0.000000 1805797.679459 0.000000 9035211.579414 563885.605146 119954.865713 26829.388214 0.000000 0.000000 0.000000 0.000000 0.000000 0.000000 0.000000
 1924 17 4 14751.846804 0.000000 0.000000 1746515.150436 0.000000 4017620.834818 0.000000 80297.287340 0.000000 0.000000 0.000000 0.000000 0.000000 0.000000 0.000000
 1935 17 5 2173334.918320 0.000000 0.000000 90463.766953 2538751.802420 0.000000 88052.137323 14543.988052 77880.914219 2299.405090 0.000000 0.000000 0.000000 0.000000 0.000000
 1946 17 6 31479.204752 17397.650652 838.408501 120059.997541 5966.392300 4764765.779881 0.000000 752308.217827 81802.780739 83977.559591 0.000000 0.000000 0.000000 0.000000 0.000000
 1957 17 7 0.000000 0.000000 224027.781357 57778.519449 14487914.720144 0.000000 298081.228399 0.000000 103423.173315 1643775.123436 0.000000 0.000000 0.000000 0.000000 0.000000
 1968 17 8 45002.461439 0.000000 0.000000 6482.608376 1500183.547132 196130.515490 180038.075424 12890416.202108 0.000000 1634301.525503 0.000000 281955.994917 0.000000 0.000000 0.000000
 1979 17 9 3658.319281 0.000000 0.000000 0.000000 2982.692436 90131.550823 51851.584293 108480.547527 470167.123957 0.000000 0.000000 0.000000 0.000000 0.000000 0.000000
 1990 18 0 0.000000 3608201.570326 149976.535704 1009066.711775 466.128132 0.000000 0.000000 0.000000 405356.458084 0.000000 0.000000 0.000000 0.000000 0.000000 0.000000
 2001 18 1 5937435.932808 0.000000 735663.697786 149971.548101 118887.184875 2912.261444 390.005383 0.000000 454958.498653 0.000000 0.000000 0.000000 0.000000 0.000000 0.000000
 2012 18 2 6430.609724 6587608.809963 0.000000 137464.964525 0.000000 1876043.628225 0.000000 0.000000 392699.735546 0.000000 0.000000 0.000000 0.000000 0.000000 0.000000
 2023 18 3 255558.294613 37974.393614 402840.946413 0.000000 363921.992392 14949.510319 92167.782492 11323.402145 411559.585783 19099.528748 0.000000 0.000000 0.000000 0.000000 0.000000
 2034 18 4 0.000000 8700950.872801 0.000000 3026171.258801 0.000000 353212.117470 1126.266563 0.000000 442527.296103 0.000000 0.000000 0.000000 0.000000 0.000000 0.000000
 2045 18 5 0.000000 0.000000 98549.658939 100958.866365 10227176.204935 0.000000 3015291.670097 0.000000 439898.576796 0.000000 0.000000 0.000000 0.000000 0.000000 0.000000
 2056 18 6 0.000000 0.000000 0.000000 179993.468922 4508.170797 6638067.027168 0.000000 84643.914425 513658.823874 0.000000 0.000000 0.000000 0.000000 0.000000 0.000000
 2067 18 7 246923.236441 0.000000 3775.356779 3444.639637 0.000000 35625.731277 1875869.451464 0.000000 6728816.910343 357401.628960 0.000000 0.000000 0.000000 0.000000 0.000000
 2078 18 8 297745.710775 3155442.037848 0.000000 23497.631218 1930743.520113 0.000000 0.000000 2244095.502132 0.000000 36389.517651 0.000000 0.000000 0.000000 0.000000 0.000000
 2089 18 9 0.000000 0.000000 690824.071821 378340.260546 0.000000 37853.384884 146485.310766 1065838.774202 3437634.624517 0.000000 0.000000 729115.250376 0.000000 0.000000 0.000000
 2100 19 0 0.000000 82118.353529 8460.318146 383415.059496 0.000000 0.000000 105983.510992 0.000000 23526.253212 1203243.929768 0.000000 0.000000 8482.425301 0.000000 0.000000
 2111 19 1 376886.473579 0.000000 10167424.312616 675258.921509 0.000000 0.000000 0.000000 0.000000 745977.156294 0.000000 0.000000 0.000000 0.000000 0.000000 0.000000
 2122 19 2 0.000000 908283.398283 0.000000 3501817.514210 0.000000 0.000000 0.000000 0.000000 95076.858425 3119.218437 0.000000 0.000000 0.000000 0.000000 0.000000
 2133 19 3 57521.908360 98204.275620 3290070.634338 0.000000 186091.634003 0.000000 0.000000 0.000000 0.000000 1857285.361202 0.000000 0.000000 0.000000 0.000000 0.000000
 2144 19 4 2786.798737 0.000000 192419.885939 484589.824604 0.000000 225557.568539 99540.171766 0.000000 24464.225498 0.000000 0.000000 0.000000 0.000000 0.000000 0.000000
 2155 19 5 0.000000 0.000000 6671.578930 0.000000 172601.578110 0.000000 84961.362297 159089.045307 32410.260696 4554.791267 0.000000 0.000000 0.000000 0.000000 0.000000
 2166 19 6 62238.430714 0.000000 10808.861397 0.000000 89611.014755 3346406.324766 0.000000 257776.456341 0.000000 2042631.893970 0.000000 0.000000 0.000000 0.000000 0.000000
 2177 19 7 70436.497318 10069.438749 1455574.720558 0.000000 0.000000 40318.802753 2018517.948448 0.000000 0.000000 0.000000 0.000000 374.205256 0.000000 0.000000 0.000000
 2188 19 8 1331897.314613 30671.434681 8012479.295790 0.000000 58652.213995 924215.629738 0.000000 0.000000 0.000000 13903282.502306 0.000000 105349.309895 0.000000 0.000000 0.000000
 2199 19 9 0.000000 0.000000 14957.936779 15671.621342 0.000000 7246.231203 9765.058754 0.000000 204531.669138 0.000000 0.000000 0.000000 0.000000 0.000000 0.000000
 2210 20 0 0.000000 5294088.531464 257177.949017 0.000000 0.000000 57059.280170 4091801.202248 0.000000 0.000000 0.000000 0.000000 266.809860 0.000000 0.000000 0.000000
 2221 20 1 623045.180573 0.000000 215837.984398 30782.454479 96678.713787 27166.542337 1629565.700842 43493.903496 114710.897699 344674.359449 0.000000 25506.185970 62738.857862 0.000000 0.000000
 2232 20 2 10509.218025 2582051.095798 0.000000 496369.455944 97528.056108 169992.558767 420950.789196 13381.334835 659936.803392 122614.102245 0.000000 0.000000 1083274.768805 0.000000 0.000000
 2243 20 3 0.000000 317400.447151 7087152.462425 0.000000 3256272.306686 0.000000 419853.534086 163585.585335 0.000000 60299.812107 0.000000 0.000000 0.000000 0.000000 0.000000
 2254 20 4 0.000000 0.000000 142034.819836 989182.830145 0.000000 188666.802986 322003.449438 112075.311199 13832.214409 0.000000 0.000000 0.000000 0.000000 0.000000 0.000000
 2265 20 5 0.000000 33644.149925 127129.659348 14684.291693 2092233.255190 0.000000 5585022.554138 589469.924356 5925.698084 4026.454325 0.000000 998.345295 0.000000 0.000000 0.000000
 2276 20 6 0.000000 0.000000 735486.673548 7103.572872 8057.402426 479008.694576 0.000000 788226.811399 3644169.338816 0.000000 0.000000 0.000000 0.000000 0.000000 0.000000
 2287 20 7 0.000000 32875.425295 5113.015970 76930.125971 124866.716051 263588.823198 674647.881855 0.000000 285910.647760 0.000000 0.000000 0.000000 0.000000 0.000000 0.000000
 2298 20 8 0.000000 0.000000 46893.150799 0.000000 31869.603214 16233.365347 415834.745552 1900787.799223 0.000000 166581.459284 0.000000 0.000000 0.000000 0.000000 0.000000
 2309 20 9 842221.607578 464512.683121 170434.677376 29375.767555 4283.367563 0.000000 252950.008743 0.000000 1176614.890066 0.000000 0.000000 153354.745857 0.000000 0.000000 0.000000
 2320 21 0 0.000000 836862.081755 25410.423586 109624.372332 9153.476391 0.000000 429850.245375 1354157.127802 0.000000 149434.755463 0.000000 0.000000 26982.904812 0.000000 0.000000
 2331 21 1 685677.999319 0.000000 586957.919502 2603812.387184 182508.734512 14935.236658 0.000000 0.000000 0.000000 0.000000 0.000000 0.000000 0.000000 0.000000 0.000000
 2342 21 2 22354.747055 852878.031923 0.000000 411961.080992 67461.591331 81830.710272 0.000000 56915.744671 0.000000 66563.558853 0.000000 0.000000 63198.530373 0.000000 0.000000
 2353 21 3 1265770.492994 0.000000 3240602.354954 0.000000 1522270.031059 459845.518473 455.158970 0.000000 0.000000 0.000000 0.000000 0.000000 0.000000 0.000000 0.000000
 2364 21 4 0.000000 335828.816334 266608.765896 9970313.072844 0.000000 605052.057699 0.000000 2076.037941 0.000000 0.000000 0.000000 0.000000 0.000000 0.000000 0.000000
 2375 21 5 1618.868660 23767.359354 38224.730602 95232.010414 1343253.974918 0.000000 0.000000 1356.242188 0.000000 0.000000 0.000000 0.000000 0.000000 0.000000 0.000000
 2386 21 6 374.697197 0.000000 0.000000 0.000000 0.000000 0.000000 0.000000 2336127.820763 86832.286514 85465.822912 0.000000 0.000000 0.000000 0.000000 0.000000
 2397 21 7 1720.338516 0.000000 0.000000 0.000000 0.000000 0.000000 2601945.690536 0.000000 533706.930416 1010888.228189 0.000000 0.000000 0.000000 0.000000 0.000000
 2408 21 8 0.000000 0.000000 0.000000 0.000000 0.000000 0.000000 2643042.886673 746306.611256 0.000000 335082.298927 0.000000 0.000000 0.000000 0.000000 0.000000
 2419 21 9 0.000000 0.000000 0.000000 0.000000 0.000000 0.000000 210134.718029 182371.389952 360391.933630 0.000000 0.000000 0.000000 0.000000 0.000000 0.000000
 2430 22 0 0.000000 1353119.983383 116797.283724 0.000000 20138.082470 0.000000 124332.418238 497024.918341 0.000000 0.000000 0.000000 0.000000 0.000000 0.000000 0.000000
 2441 22 1 19034823.268974 0.000000 2554388.164438 332571.217953 999887.993839 28248.859539 106860.711672 94380.364666 2279484.538858 0.000000 0.000000 0.000000 1287.983824 0.000000 0.000000
 2452 22 2 155581.387751 3661430.367081 0.000000 117330.234049 46904.854061 0.000000 0.000000 0.000000 69687.601702 25100.593513 0.000000 0.000000 0.000000 0.000000 0.000000
 2463 22 3 46289.012140 0.000000 73252.150776 0.000000 1345427.150236 467826.720449 153978.655087 717355.206604 0.000000 211544.305635 0.000000 0.000000 0.000000 0.000000 0.000000
 2474 22 4 49925.052338 0.000000 0.000000 767421.756536 0.000000 189781.226818 423203.810467 115896.735277 0.000000 0.000000 0.000000 0.000000 0.000000 0.000000 0.000000
 2485 22 5 39640.047043 0.000000 0.000000 916936.642765 249207.269094 0.000000 435147.245607 0.000000 92510.508167 0.000000 0.000000 0.000000 0.000000 0.000000 0.000000
 2496 22 6 123532.816828 0.000000 0.000000 15606.288805 574994.860559 1463987.996124 0.000000 154680.758595 0.000000 42899.380154 0.000000 0.000000 0.000000 0.000000 0.000000
 2507 22 7 10559060.867271 6732.133698 0.000000 9200.933733 2230457.642023 0.000000 201075.953556 0.000000 941314.348986 543254.182764 0.000000 0.000000 0.000000 0.000000 0.000000
 2518 22 8 101425.012699 0.000000 75299.376390 0.000000 33351.867256 1291943.786394 15129.188751 2141225.572176 0.000000 2146480.805698 0.000000 0.000000 0.000000 0.000000 0.000000
 2529 22 9 32336.439108 0.000000 5079.630941 66752.546431 35120.167336 0.000000 562871.490755 374865.744431 682927.154089 0.000000 0.000000 0.000000 0.000000 0.000000 0.000000
 2540 23 0 0.000000 0.000000 0.000000 0.000000 0.000000 0.000000 0.000000 0.000000 0.000000 0.000000 0.000000 0.000000 0.000000 0.000000 0.000000
 2551 23 1 0.000000 0.000000 0.000000 0.000000 0.000000 0.000000 0.000000 0.000000 0.000000 0.000000 0.000000 0.000000 0.000000 0.000000 0.000000
 2562 23 2 23454.936722 0.000000 0.000000 0.000000 0.000000 0.000000 0.000000 0.000000 0.000000 0.000000 0.000000 0.000000 0.000000 0.000000 0.000000
 2573 23 3 0.000000 0.000000 0.000000 0.000000 0.000000 0.000000 0.000000 0.000000 0.000000 0.000000 0.000000 0.000000 0.000000 0.000000 0.000000
 2584 23 4 0.000000 0.000000 0.000000 0.000000 0.000000 0.000000 0.000000 0.000000 0.000000 0.000000 0.000000 0.000000 0.000000 0.000000 0.000000
 2595 23 5 0.000000 0.000000 0.000000 0.000000 0.000000 0.000000 0.000000 0.000000 0.000000 0.000000 0.000000 0.000000 0.000000 0.000000 0.000000
 2606 23 6 0.000000 0.000000 0.000000 0.000000 0.000000 0.000000 0.000000 0.000000 0.000000 0.000000 0.000000 0.000000 0.000000 0.000000 0.000000
 2617 23 7 0.000000 0.000000 0.000000 0.000000 0.000000 0.000000 0.000000 0.000000 0.000000 0.000000 0.000000 0.000000 0.000000 0.000000 0.000000
 2628 23 8 0.000000 0.000000 0.000000 0.000000 0.000000 0.000000 0.000000 0.000000 0.000000 0.000000 0.000000 0.000000 0.000000 0.000000 0.000000
 2639 23 9 0.000000 0.000000 0.000000 0.000000 0.000000 0.000000 0.000000 0.000000 0.000000 0.000000 0.000000 0.000000 0.000000 0.000000 0.000000
 2650 24 0 0.000000 0.000000 0.000000 0.000000 0.000000 0.000000 0.000000 0.000000 0.000000 0.000000 0.000000 0.000000 0.000000 0.000000 0.000000
 2661 24 1 0.000000 0.000000 0.000000 0.000000 0.000000 0.000000 0.000000 0.000000 0.000000 0.000000 0.000000 0.000000 0.000000 0.000000 0.000000
 2672 24 2 0.000000 0.000000 0.000000 0.000000 0.000000 0.000000 0.000000 0.000000 0.000000 0.000000 0.000000 0.000000 0.000000 0.000000 0.000000
 2683 24 3 0.000000 0.000000 0.000000 0.000000 0.000000 0.000000 0.000000 0.000000 0.000000 0.000000 0.000000 0.000000 0.000000 0.000000 0.000000
 2694 24 4 0.000000 0.000000 0.000000 0.000000 0.000000 0.000000 0.000000 0.000000 0.000000 0.000000 0.000000 0.000000 0.000000 0.000000 0.000000
 2705 24 5 0.000000 0.000000 0.000000 0.000000 0.000000 0.000000 0.000000 0.000000 0.000000 0.000000 0.000000 0.000000 0.000000 0.000000 0.000000
 2716 24 6 0.000000 0.000000 0.000000 0.000000 0.000000 0.000000 0.000000 0.000000 0.000000 0.000000 0.000000 0.000000 0.000000 0.000000 0.000000
 2727 24 7 0.000000 0.000000 0.000000 0.000000 0.000000 0.000000 0.000000 0.000000 0.000000 0.000000 0.000000 0.000000 0.000000 0.000000 0.000000
 2738 24 8 0.000000 0.000000 0.000000 0.000000 0.000000 0.000000 0.000000 0.000000 0.000000 0.000000 0.000000 0.000000 0.000000 0.000000 0.000000
 2749 24 9 0.000000 0.000000 0.000000 0.000000 0.000000 0.000000 0.000000 0.000000 0.000000 0.000000 0.000000 0.000000 0.000000 0.000000 0.000000
 2760 25 0 0.000000 0.000000 0.000000 0.000000 0.000000 0.000000 0.000000 0.000000 0.000000 0.000000 0.000000 0.000000 0.000000 0.000000 0.000000
 2771 25 1 0.000000 0.000000 0.000000 0.000000 0.000000 0.000000 0.000000 0.000000 0.000000 0.000000 0.000000 0.000000 0.000000 0.000000 0.000000
 2782 25 2 0.000000 0.000000 0.000000 0.000000 0.000000 0.000000 0.000000 0.000000 0.000000 0.000000 0.000000 0.000000 0.000000 0.000000 0.000000
 2793 25 3 0.000000 0.000000 0.000000 0.000000 0.000000 0.000000 0.000000 0.000000 0.000000 0.000000 0.000000 0.000000 0.000000 0.000000 0.000000
 2804 25 4 0.000000 0.000000 0.000000 0.000000 0.000000 0.000000 0.000000 0.000000 0.000000 0.000000 0.000000 0.000000 0.000000 0.000000 0.000000
 2815 25 5 0.000000 0.000000 0.000000 0.000000 0.000000 0.000000 0.000000 0.000000 0.000000 0.000000 0.000000 0.000000 0.000000 0.000000 0.000000
 2826 25 6 0.000000 0.000000 0.000000 0.000000 0.000000 0.000000 0.000000 0.000000 0.000000 0.000000 0.000000 0.000000 0.000000 0.000000 0.000000
 2837 25 7 0.000000 0.000000 0.000000 0.000000 0.000000 0.000000 0.000000 0.000000 0.000000 0.000000 0.000000 0.000000 0.000000 0.000000 0.000000
 2848 25 8 0.000000 0.000000 0.000000 0.000000 0.000000 0.000000 0.000000 0.000000 0.000000 0.000000 0.000000 0.000000 0.000000 0.000000 0.000000
 2859 25 9 0.000000 0.000000 0.000000 0.000000 0.000000 0.000000 0.000000 0.000000 0.000000 0.000000 0.000000 0.000000 0.000000 0.000000 0.000000
 2870 26 0 0.000000 0.000000 0.000000 0.000000 0.000000 0.000000 0.000000 0.000000 0.000000 0.000000 0.000000 0.000000 0.000000 0.000000 0.000000
 2881 26 1 0.000000 0.000000 0.000000 0.000000 0.000000 0.000000 0.000000 0.000000 0.000000 0.000000 0.000000 0.000000 0.000000 0.000000 0.000000
 2892 26 2 0.000000 0.000000 0.000000 0.000000 0.000000 0.000000 0.000000 0.000000 0.000000 0.000000 0.000000 0.000000 0.000000 0.000000 0.000000
 2903 26 3 0.000000 0.000000 0.000000 0.000000 0.000000 0.000000 0.000000 0.000000 0.000000 0.000000 0.000000 0.000000 0.000000 0.000000 0.000000
 2914 26 4 0.000000 0.000000 0.000000 0.000000 0.000000 0.000000 0.000000 0.000000 0.000000 0.000000 0.000000 0.000000 0.000000 0.000000 0.000000
 2925 26 5 0.000000 0.000000 0.000000 0.000000 0.000000 0.000000 0.000000 0.000000 0.000000 0.000000 0.000000 0.000000 0.000000 0.000000 0.000000
 2936 26 6 0.000000 0.000000 0.000000 0.000000 0.000000 0.000000 0.000000 0.000000 0.000000 0.000000 0.000000 0.000000 0.000000 0.000000 0.000000
 2947 26 7 0.000000 0.000000 0.000000 0.000000 0.000000 0.000000 0.000000 0.000000 0.000000 0.000000 0.000000 0.000000 0.000000 0.000000 0.000000
 2958 26 8 0.000000 0.000000 0.000000 0.000000 0.000000 0.000000 0.000000 0.000000 0.000000 0.000000 0.000000 0.000000 0.000000 0.000000 0.000000
 2969 26 9 0.000000 0.000000 0.000000 0.000000 0.000000 0.000000 0.000000 0.000000 0.000000 0.000000 0.000000 0.000000 0.000000 0.000000 0.000000
 2980 27 0 0.000000 0.000000 0.000000 0.000000 0.000000 0.000000 0.000000 0.000000 0.000000 0.000000 0.000000 0.000000 0.000000 0.000000 0.000000
 2991 27 1 0.000000 0.000000 0.000000 0.000000 0.000000 0.000000 0.000000 0.000000 0.000000 0.000000 0.000000 0.000000 0.000000 0.000000 0.000000
 3002 27 2 0.000000 0.000000 0.000000 0.000000 0.000000 0.000000 0.000000 0.000000 0.000000 0.000000 0.000000 0.000000 0.000000 0.000000 0.000000
 3013 27 3 0.000000 0.000000 0.000000 0.000000 0.000000 0.000000 0.000000 0.000000 0.000000 0.000000 0.000000 0.000000 0.000000 0.000000 0.000000
 3024 27 4 0.000000 0.000000 0.000000 0.000000 0.000000 0.000000 0.000000 0.000000 0.000000 0.000000 0.000000 0.000000 0.000000 0.000000 0.000000
 3035 27 5 0.000000 0.000000 0.000000 0.000000 0.000000 0.000000 0.000000 0.000000 0.000000 0.000000 0.000000 0.000000 0.000000 0.000000 0.000000
 3046 27 6 0.000000 0.000000 0.000000 0.000000 0.000000 0.000000 0.000000 0.000000 0.000000 0.000000 0.000000 0.000000 0.000000 0.000000 0.000000
 3057 27 7 0.000000 0.000000 0.000000 0.000000 0.000000 0.000000 0.000000 0.000000 0.000000 0.000000 0.000000 0.000000 0.000000 0.000000 0.000000
 3068 27 8 0.000000 0.000000 0.000000 0.000000 0.000000 0.000000 0.000000 0.000000 0.000000 0.000000 0.000000 0.000000 0.000000 0.000000 0.000000
 3079 27 9 0.000000 0.000000 0.000000 0.000000 0.000000 0.000000 0.000000 0.000000 0.000000 0.000000 0.000000 0.000000 0.000000 0.000000 0.000000
 3090 28 0 0.000000 0.000000 0.000000 0.000000 0.000000 0.000000 0.000000 0.000000 0.000000 0.000000 0.000000 0.000000 0.000000 0.000000 0.000000
 3101 28 1 0.000000 0.000000 0.000000 0.000000 0.000000 0.000000 0.000000 0.000000 0.000000 0.000000 0.000000 0.000000 0.000000 0.000000 0.000000
 3112 28 2 0.000000 0.000000 0.000000 0.000000 0.000000 0.000000 0.000000 0.000000 0.000000 0.000000 0.000000 0.000000 0.000000 0.000000 0.000000
 3123 28 3 0.000000 0.000000 0.000000 0.000000 0.000000 0.000000 0.000000 0.000000 0.000000 0.000000 0.000000 0.000000 0.000000 0.000000 0.000000
 3134 28 4 0.000000 0.000000 0.000000 0.000000 0.000000 0.000000 0.000000 0.000000 0.000000 0.000000 0.000000 0.000000 0.000000 0.000000 0.000000
 3145 28 5 0.000000 0.000000 0.000000 0.000000 0.000000 0.000000 0.000000 0.000000 0.000000 0.000000 0.000000 0.000000 0.000000 0.000000 0.000000
 3156 28 6 0.000000 0.000000 0.000000 0.000000 0.000000 0.000000 0.000000 0.000000 0.000000 0.000000 0.000000 0.000000 0.000000 0.000000 0.000000
 3167 28 7 0.000000 0.000000 0.000000 0.000000 0.000000 0.000000 0.000000 0.000000 0.000000 0.000000 0.000000 0.000000 0.000000 0.000000 0.000000
 3178 28 8 0.000000 0.000000 0.000000 0.000000 0.000000 0.000000 0.000000 0.000000 0.000000 0.000000 0.000000 0.000000 0.000000 0.000000 0.000000
 3189 28 9 0.000000 0.000000 0.000000 0.000000 0.000000 0.000000 0.000000 0.000000 0.000000 0.000000 0.000000 0.000000 0.000000 0.000000 0.000000
 3200 29 0 0.000000 0.000000 0.000000 0.000000 0.000000 0.000000 0.000000 0.000000 0.000000 0.000000 0.000000 0.000000 0.000000 0.000000 0.000000
 3211 29 1 0.000000 0.000000 0.000000 0.000000 0.000000 0.000000 0.000000 0.000000 0.000000 0.000000 0.000000 0.000000 0.000000 0.000000 0.000000
 3222 29 2 0.000000 0.000000 0.000000 0.000000 0.000000 0.000000 0.000000 0.000000 0.000000 0.000000 0.000000 0.000000 0.000000 0.000000 0.000000
 3233 29 3 0.000000 0.000000 0.000000 0.000000 0.000000 0.000000 0.000000 0.000000 0.000000 0.000000 0.000000 0.000000 0.000000 0.000000 0.000000
 3244 29 4 0.000000 0.000000 0.000000 0.000000 0.000000 0.000000 0.000000 0.000000 0.000000 0.000000 0.000000 0.000000 0.000000 0.000000 0.000000
 3255 29 5 0.000000 0.000000 0.000000 0.000000 0.000000 0.000000 0.000000 0.000000 0.000000 0.000000 0.000000 0.000000 0.000000 0.000000 0.000000
 3266 29 6 0.000000 0.000000 0.000000 0.000000 0.000000 0.000000 0.000000 0.000000 0.000000 0.000000 0.000000 0.000000 0.000000 0.000000 0.000000
 3277 29 7 0.000000 0.000000 0.000000 0.000000 0.000000 0.000000 0.000000 0.000000 0.000000 0.000000 0.000000 0.000000 0.000000 0.000000 0.000000
 3288 29 8 0.000000 0.000000 0.000000 0.000000 0.000000 0.000000 0.000000 0.000000 0.000000 0.000000 0.000000 0.000000 0.000000 0.000000 0.000000
 3299 29 9 0.000000 0.000000 0.000000 0.000000 0.000000 0.000000 0.000000 0.000000 0.000000 0.000000 0.000000 0.000000 0.000000 0.000000 0.000000
 3310 30 0 0.000000 0.000000 0.000000 0.000000 0.000000 0.000000 0.000000 0.000000 0.000000 0.000000 0.000000 0.000000 0.000000 0.000000 0.000000
 3321 30 1 0.000000 0.000000 0.000000 0.000000 0.000000 0.000000 0.000000 0.000000 0.000000 0.000000 0.000000 0.000000 0.000000 0.000000 0.000000
 3332 30 2 0.000000 0.000000 0.000000 0.000000 0.000000 0.000000 0.000000 0.000000 0.000000 0.000000 0.000000 0.000000 0.000000 0.000000 0.000000
 3343 30 3 0.000000 0.000000 0.000000 0.000000 0.000000 0.000000 0.000000 0.000000 0.000000 0.000000 0.000000 0.000000 0.000000 0.000000 0.000000
 3354 30 4 0.000000 0.000000 0.000000 0.000000 0.000000 0.000000 0.000000 0.000000 0.000000 0.000000 0.000000 0.000000 0.000000 0.000000 0.000000
 3365 30 5 0.000000 0.000000 0.000000 0.000000 0.000000 0.000000 0.000000 0.000000 0.000000 0.000000 0.000000 0.000000 0.000000 0.000000 0.000000
 3376 30 6 0.000000 0.000000 0.000000 0.000000 0.000000 0.000000 0.000000 0.000000 0.000000 0.000000 0.000000 0.000000 0.000000 0.000000 0.000000
 3387 30 7 0.000000 0.000000 0.000000 0.000000 0.000000 0.000000 0.000000 0.000000 0.000000 0.000000 0.000000 0.000000 0.000000 0.000000 0.000000
 3398 30 8 0.000000 0.000000 0.000000 0.000000 0.000000 0.000000 0.000000 0.000000 0.000000 0.000000 0.000000 0.000000 0.000000 0.000000 0.000000
 3409 30 9 0.000000 0.000000 0.000000 0.000000 0.000000 0.000000 0.000000 0.000000 0.000000 0.000000 0.000000 0.000000 0.000000 0.000000 0.000000
 3420 31 0 0.000000 0.000000 0.000000 0.000000 0.000000 0.000000 0.000000 0.000000 0.000000 0.000000 0.000000 0.000000 0.000000 0.000000 0.000000
 3431 31 1 0.000000 0.000000 0.000000 0.000000 0.000000 0.000000 0.000000 0.000000 0.000000 0.000000 0.000000 0.000000 0.000000 0.000000 0.000000
 3442 31 2 0.000000 0.000000 0.000000 0.000000 0.000000 0.000000 0.000000 0.000000 0.000000 0.000000 0.000000 0.000000 0.000000 0.000000 0.000000
 3453 31 3 0.000000 0.000000 0.000000 0.000000 0.000000 0.000000 0.000000 0.000000 0.000000 0.000000 0.000000 0.000000 0.000000 0.000000 0.000000
 3464 31 4 0.000000 0.000000 0.000000 0.000000 0.000000 0.000000 0.000000 0.000000 0.000000 0.000000 0.000000 0.000000 0.000000 0.000000 0.000000
 3475 31 5 0.000000 0.000000 0.000000 0.000000 0.000000 0.000000 0.000000 0.000000 0.000000 0.000000 0.000000 0.000000 0.000000 0.000000 0.000000
 3486 31 6 0.000000 0.000000 0.000000 0.000000 0.000000 0.000000 0.000000 0.000000 0.000000 0.000000 0.000000 0.000000 0.000000 0.000000 0.000000
 3497 31 7 0.000000 0.000000 0.000000 0.000000 0.000000 0.000000 0.000000 0.000000 0.000000 0.000000 0.000000 0.000000 0.000000 0.000000 0.000000
 3508 31 8 0.000000 0.000000 0.000000 0.000000 0.000000 0.000000 0.000000 0.000000 0.000000 0.000000 0.000000 0.000000 0.000000 0.000000 0.000000
 3519 31 9 0.000000 0.000000 0.000000 0.000000 0.000000 0.000000 0.000000 0.000000 0.000000 0.000000 0.000000 0.000000 0.000000 0.000000 0.000000
 3530 32 0 0.000000 0.000000 0.000000 0.000000 0.000000 0.000000 0.000000 0.000000 0.000000 0.000000 0.000000 0.000000 0.000000 0.000000 0.000000
 3541 32 1 0.000000 0.000000 0.000000 0.000000 0.000000 0.000000 0.000000 0.000000 0.000000 0.000000 0.000000 0.000000 0.000000 0.000000 0.000000
 3552 32 2 0.000000 0.000000 0.000000 0.000000 0.000000 0.000000 0.000000 0.000000 0.000000 0.000000 0.000000 0.000000 0.000000 0.000000 0.000000
 3563 32 3 0.000000 0.000000 0.000000 0.000000 0.000000 0.000000 0.000000 0.000000 0.000000 0.000000 0.000000 0.000000 0.000000 0.000000 0.000000
 3574 32 4 0.000000 0.000000 0.000000 0.000000 0.000000 0.000000 0.000000 0.000000 0.000000 0.000000 0.000000 0.000000 0.000000 0.000000 0.000000
 3585 32 5 0.000000 0.000000 0.000000 0.000000 0.000000 0.000000 0.000000 0.000000 0.000000 0.000000 0.000000 0.000000 0.000000 0.000000 0.000000
 3596 32 6 0.000000 0.000000 0.000000 0.000000 0.000000 0.000000 0.000000 0.000000 0.000000 0.000000 0.000000 0.000000 0.000000 0.000000 0.000000
 3607 32 7 0.000000 0.000000 0.000000 0.000000 0.000000 0.000000 0.000000 0.000000 0.000000 0.000000 0.000000 0.000000 0.000000 0.000000 0.000000
 3618 32 8 0.000000 0.000000 0.000000 0.000000 0.000000 0.000000 0.000000 0.000000 0.000000 0.000000 0.000000 0.000000 0.000000 0.000000 0.000000
 3629 32 9 0.000000 0.000000 0.000000 0.000000 0.000000 0.000000 0.000000 0.000000 0.000000 0.000000 0.000000 0.000000 0.000000 0.000000 0.000000
 3640 33 0 0.000000 0.000000 0.000000 0.000000 0.000000 0.000000 0.000000 0.000000 0.000000 0.000000 0.000000 0.000000 0.000000 0.000000 0.000000
 3651 33 1 0.000000 0.000000 0.000000 0.000000 0.000000 0.000000 0.000000 0.000000 0.000000 0.000000 0.000000 0.000000 0.000000 0.000000 0.000000
 3662 33 2 0.000000 0.000000 0.000000 0.000000 0.000000 0.000000 0.000000 0.000000 0.000000 0.000000 0.000000 0.000000 0.000000 0.000000 0.000000
 3673 33 3 0.000000 0.000000 0.000000 0.000000 0.000000 0.000000 0.000000 0.000000 0.000000 0.000000 0.000000 0.000000 0.000000 0.000000 0.000000
 3684 33 4 0.000000 0.000000 0.000000 0.000000 0.000000 0.000000 0.000000 0.000000 0.000000 0.000000 0.000000 0.000000 0.000000 0.000000 0.000000
 3695 33 5 0.000000 0.000000 0.000000 0.000000 0.000000 0.000000 0.000000 0.000000 0.000000 0.000000 0.000000 0.000000 0.000000 0.000000 0.000000
 3706 33 6 0.000000 0.000000 0.000000 0.000000 0.000000 0.000000 0.000000 0.000000 0.000000 0.000000 0.000000 0.000000 0.000000 0.000000 0.000000
 3717 33 7 0.000000 0.000000 0.000000 0.000000 0.000000 0.000000 0.000000 0.000000 0.000000 0.000000 0.000000 0.000000 0.000000 0.000000 0.000000
 3728 33 8 0.000000 0.000000 0.000000 0.000000 0.000000 0.000000 0.000000 0.000000 0.000000 0.000000 0.000000 0.000000 0.000000 0.000000 0.000000
 3739 33 9 0.000000 0.000000 0.000000 0.000000 0.000000 0.000000 0.000000 0.000000 0.000000 0.000000 0.000000 0.000000 0.000000 0.000000 0.000000
 3750 34 0 0.000000 0.000000 0.000000 0.000000 0.000000 0.000000 0.000000 0.000000 0.000000 0.000000 0.000000 0.000000 0.000000 0.000000 0.000000
 3761 34 1 0.000000 0.000000 0.000000 0.000000 0.000000 0.000000 0.000000 0.000000 0.000000 0.000000 0.000000 0.000000 0.000000 0.000000 0.000000
 3772 34 2 0.000000 0.000000 0.000000 0.000000 0.000000 0.000000 0.000000 0.000000 0.000000 0.000000 0.000000 0.000000 0.000000 0.000000 0.000000
 3783 34 3 0.000000 0.000000 0.000000 0.000000 0.000000 0.000000 0.000000 0.000000 0.000000 0.000000 0.000000 0.000000 0.000000 0.000000 0.000000
 3794 34 4 0.000000 0.000000 0.000000 0.000000 0.000000 0.000000 0.000000 0.000000 0.000000 0.000000 0.000000 0.000000 0.000000 0.000000 0.000000
 3805 34 5 0.000000 0.000000 0.000000 0.000000 0.000000 0.000000 0.000000 0.000000 0.000000 0.000000 0.000000 0.000000 0.000000 0.000000 0.000000
 3816 34 6 0.000000 0.000000 0.000000 0.000000 0.000000 0.000000 0.000000 0.000000 0.000000 0.000000 0.000000 0.000000 0.000000 0.000000 0.000000
 3827 34 7 0.000000 0.000000 0.000000 0.000000 0.000000 0.000000 0.000000 0.000000 0.000000 0.000000 0.000000 0.000000 0.000000 0.000000 0.000000
 3838 34 8 0.000000 0.000000 0.000000 0.000000 0.000000 0.000000 0.000000 0.000000 0.000000 0.000000 0.000000 0.000000 0.000000 0.000000 0.000000
 3849 34 9 0.000000 0.000000 0.000000 0.000000 0.000000 0.000000 0.000000 0.000000 0.000000 0.000000 0.000000 0.000000 0.000000 0.000000 0.000000
 3860 35 0 0.000000 0.000000 0.000000 0.000000 0.000000 0.000000 0.000000 0.000000 0.000000 0.000000 0.000000 0.000000 0.000000 0.000000 0.000000
 3871 35 1 0.000000 0.000000 0.000000 0.000000 0.000000 0.000000 0.000000 0.000000 0.000000 0.000000 0.000000 0.000000 0.000000 0.000000 0.000000
 3882 35 2 0.000000 0.000000 0.000000 0.000000 0.000000 0.000000 0.000000 0.000000 0.000000 0.000000 0.000000 0.000000 0.000000 0.000000 0.000000
 3893 35 3 0.000000 0.000000 0.000000 0.000000 0.000000 0.000000 0.000000 0.000000 0.000000 0.000000 0.000000 0.000000 0.000000 0.000000 0.000000
 3904 35 4 0.000000 0.000000 0.000000 0.000000 0.000000 0.000000 0.000000 0.000000 0.000000 0.000000 0.000000 0.000000 0.000000 0.000000 0.000000
 3915 35 5 0.000000 0.000000 0.000000 0.000000 0.000000 0.000000 0.000000 0.000000 0.000000 0.000000 0.000000 0.000000 0.000000 0.000000 0.000000
 3926 35 6 0.000000 0.000000 0.000000 0.000000 0.000000 0.000000 0.000000 0.000000 0.000000 0.000000 0.000000 0.000000 0.000000 0.000000 0.000000
 3937 35 7 0.000000 0.000000 0.000000 0.000000 0.000000 0.000000 0.000000 0.000000 0.000000 0.000000 0.000000 0.000000 0.000000 0.000000 0.000000
 3948 35 8 0.000000 0.000000 0.000000 0.000000 0.000000 0.000000 0.000000 0.000000 0.000000 0.000000 0.000000 0.000000 0.000000 0.000000 0.000000
 3959 35 9 0.000000 0.000000 0.000000 0.000000 0.000000 0.000000 0.000000 0.000000 0.000000 0.000000 0.000000 0.000000 0.000000 0.000000 0.000000
 3970 36 0 0.000000 0.000000 0.000000 0.000000 0.000000 0.000000 0.000000 0.000000 0.000000 0.000000 0.000000 0.000000 0.000000 0.000000 0.000000
 3981 36 1 0.000000 0.000000 0.000000 0.000000 0.000000 0.000000 0.000000 0.000000 0.000000 0.000000 0.000000 0.000000 0.000000 0.000000 0.000000
 3992 36 2 0.000000 0.000000 0.000000 0.000000 0.000000 0.000000 0.000000 0.000000 0.000000 0.000000 0.000000 0.000000 0.000000 0.000000 0.000000
 4003 36 3 0.000000 0.000000 0.000000 0.000000 0.000000 0.000000 0.000000 0.000000 0.000000 0.000000 0.000000 0.000000 0.000000 0.000000 0.000000
 4014 36 4 0.000000 0.000000 0.000000 0.000000 0.000000 0.000000 0.000000 0.000000 0.000000 0.000000 0.000000 0.000000 0.000000 0.000000 0.000000
 4025 36 5 0.000000 0.000000 0.000000 0.000000 0.000000 0.000000 0.000000 0.000000 0.000000 0.000000 0.000000 0.000000 0.000000 0.000000 0.000000
 4036 36 6 0.000000 0.000000 0.000000 0.000000 0.000000 0.000000 0.000000 0.000000 0.000000 0.000000 0.000000 0.000000 0.000000 0.000000 0.000000
 4047 36 7 0.000000 0.000000 0.000000 0.000000 0.000000 0.000000 0.000000 0.000000 0.000000 0.000000 0.000000 0.000000 0.000000 0.000000 0.000000
 4058 36 8 0.000000 0.000000 0.000000 0.000000 0.000000 0.000000 0.000000 0.000000 0.000000 0.000000 0.000000 0.000000 0.000000 0.000000 0.000000
 4069 36 9 0.000000 0.000000 0.000000 0.000000 0.000000 0.000000 0.000000 0.000000 0.000000 0.000000 0.000000 0.000000 0.000000 0.000000 0.000000
 4080 37 0 0.000000 0.000000 0.000000 0.000000 0.000000 0.000000 0.000000 0.000000 0.000000 0.000000 0.000000 0.000000 0.000000 0.000000 0.000000
 4091 37 1 0.000000 0.000000 0.000000 0.000000 0.000000 0.000000 0.000000 0.000000 0.000000 0.000000 0.000000 0.000000 0.000000 0.000000 0.000000
 4102 37 2 0.000000 0.000000 0.000000 0.000000 0.000000 0.000000 0.000000 0.000000 0.000000 0.000000 0.000000 0.000000 0.000000 0.000000 0.000000
 4113 37 3 0.000000 0.000000 0.000000 0.000000 0.000000 0.000000 0.000000 0.000000 0.000000 0.000000 0.000000 0.000000 0.000000 0.000000 0.000000
 4124 37 4 0.000000 0.000000 0.000000 0.000000 0.000000 0.000000 0.000000 0.000000 0.000000 0.000000 0.000000 0.000000 0.000000 0.000000 0.000000
 4135 37 5 0.000000 0.000000 0.000000 0.000000 0.000000 0.000000 0.000000 0.000000 0.000000 0.000000 0.000000 0.000000 0.000000 0.000000 0.000000
 4146 37 6 0.000000 0.000000 0.000000 0.000000 0.000000 0.000000 0.000000 0.000000 0.000000 0.000000 0.000000 0.000000 0.000000 0.000000 0.000000
 4157 37 7 0.000000 0.000000 0.000000 0.000000 0.000000 0.000000 0.000000 0.000000 0.000000 0.000000 0.000000 0.000000 0.000000 0.000000 0.000000
 4168 37 8 0.000000 0.000000 0.000000 0.000000 0.000000 0.000000 0.000000 0.000000 0.000000 0.000000 0.000000 0.000000 0.000000 0.000000 0.000000
 4179 37 9 0.000000 0.000000 0.000000 0.000000 0.000000 0.000000 0.000000 0.000000 0.000000 0.000000 0.000000 0.000000 0.000000 0.000000 0.000000
 4190 38 0 0.000000 0.000000 0.000000 0.000000 0.000000 0.000000 0.000000 0.000000 0.000000 0.000000 0.000000 0.000000 0.000000 0.000000 0.000000
 4201 38 1 0.000000 0.000000 0.000000 0.000000 0.000000 0.000000 0.000000 0.000000 0.000000 0.000000 0.000000 0.000000 0.000000 0.000000 0.000000
 4212 38 2 0.000000 0.000000 0.000000 0.000000 0.000000 0.000000 0.000000 0.000000 0.000000 0.000000 0.000000 0.000000 0.000000 0.000000 0.000000
 4223 38 3 0.000000 0.000000 0.000000 0.000000 0.000000 0.000000 0.000000 0.000000 0.000000 0.000000 0.000000 0.000000 0.000000 0.000000 0.000000
 4234 38 4 0.000000 0.000000 0.000000 0.000000 0.000000 0.000000 0.000000 0.000000 0.000000 0.000000 0.000000 0.000000 0.000000 0.000000 0.000000
 4245 38 5 0.000000 0.000000 0.000000 0.000000 0.000000 0.000000 0.000000 0.000000 0.000000 0.000000 0.000000 0.000000 0.000000 0.000000 0.000000
 4256 38 6 0.000000 0.000000 0.000000 0.000000 0.000000 0.000000 0.000000 0.000000 0.000000 0.000000 0.000000 0.000000 0.000000 0.000000 0.000000
 4267 38 7 0.000000 0.000000 0.000000 0.000000 0.000000 0.000000 0.000000 0.000000 0.000000 0.000000 0.000000 0.000000 0.000000 0.000000 0.000000
 4278 38 8 0.000000 0.000000 0.000000 0.000000 0.000000 0.000000 0.000000 0.000000 0.000000 0.000000 0.000000 0.000000 0.000000 0.000000 0.000000
 4289 38 9 0.000000 0.000000 0.000000 0.000000 0.000000 0.000000 0.000000 0.000000 0.000000 0.000000 0.000000 0.000000 0.000000 0.000000 0.000000
 4300 39 0 0.000000 0.000000 0.000000 0.000000 0.000000 0.000000 0.000000 0.000000 0.000000 0.000000 0.000000 0.000000 0.000000 0.000000 0.000000
 4311 39 1 0.000000 0.000000 0.000000 0.000000 0.000000 0.000000 0.000000 0.000000 0.000000 0.000000 0.000000 0.000000 0.000000 0.000000 0.000000
 4322 39 2 0.000000 0.000000 0.000000 0.000000 0.000000 0.000000 0.000000 0.000000 0.000000 0.000000 0.000000 0.000000 0.000000 0.000000 0.000000
 4333 39 3 0.000000 0.000000 0.000000 0.000000 0.000000 0.000000 0.000000 0.000000 0.000000 0.000000 0.000000 0.000000 0.000000 0.000000 0.000000
 4344 39 4 0.000000 0.000000 0.000000 0.000000 0.000000 0.000000 0.000000 0.000000 0.000000 0.000000 0.000000 0.000000 0.000000 0.000000 0.000000
 4355 39 5 0.000000 0.000000 0.000000 0.000000 0.000000 0.000000 0.000000 0.000000 0.000000 0.000000 0.000000 0.000000 0.000000 0.000000 0.000000
 4366 39 6 0.000000 0.000000 0.000000 0.000000 0.000000 0.000000 0.000000 0.000000 0.000000 0.000000 0.000000 0.000000 0.000000 0.000000 0.000000
 4377 39 7 0.000000 0.000000 0.000000 0.000000 0.000000 0.000000 0.000000 0.000000 0.000000 0.000000 0.000000 0.000000 0.000000 0.000000 0.000000
 4388 39 8 0.000000 0.000000 0.000000 0.000000 0.000000 0.000000 0.000000 0.000000 0.000000 0.000000 0.000000 0.000000 0.000000 0.000000 0.000000
 4399 39 9 0.000000 0.000000 0.000000 0.000000 0.000000 0.000000 0.000000 0.000000 0.000000 0.000000 0.000000 0.000000 0.000000 0.000000 0.000000
 4410 40 0 0.000000 0.000000 0.000000 0.000000 0.000000 0.000000 0.000000 0.000000 0.000000 0.000000 0.000000 0.000000 0.000000 0.000000 0.000000
 4421 40 1 0.000000 0.000000 0.000000 0.000000 0.000000 0.000000 0.000000 0.000000 0.000000 0.000000 0.000000 0.000000 0.000000 0.000000 0.000000
 4432 40 2 0.000000 0.000000 0.000000 0.000000 0.000000 0.000000 0.000000 0.000000 0.000000 0.000000 0.000000 0.000000 0.000000 0.000000 0.000000
 4443 40 3 0.000000 0.000000 0.000000 0.000000 0.000000 0.000000 0.000000 0.000000 0.000000 0.000000 0.000000 0.000000 0.000000 0.000000 0.000000
 4454 40 4 0.000000 0.000000 0.000000 0.000000 0.000000 0.000000 0.000000 0.000000 0.000000 0.000000 0.000000 0.000000 0.000000 0.000000 0.000000
 4465 40 5 0.000000 0.000000 0.000000 0.000000 0.000000 0.000000 0.000000 0.000000 0.000000 0.000000 0.000000 0.000000 0.000000 0.000000 0.000000
 4476 40 6 0.000000 0.000000 0.000000 0.000000 0.000000 0.000000 0.000000 0.000000 0.000000 0.000000 0.000000 0.000000 0.000000 0.000000 0.000000
 4487 40 7 0.000000 0.000000 0.000000 0.000000 0.000000 0.000000 0.000000 0.000000 0.000000 0.000000 0.000000 0.000000 0.000000 0.000000 0.000000
 4498 40 8 0.000000 0.000000 0.000000 0.000000 0.000000 0.000000 0.000000 0.000000 0.000000 0.000000 0.000000 0.000000 0.000000 0.000000 0.000000
 4509 40 9 0.000000 0.000000 0.000000 0.000000 0.000000 0.000000 0.000000 0.000000 0.000000 0.000000 0.000000 0.000000 0.000000 0.000000 0.000000
 4520 41 0 0.000000 0.000000 0.000000 0.000000 0.000000 0.000000 0.000000 0.000000 0.000000 0.000000 0.000000 0.000000 0.000000 0.000000 0.000000
 4531 41 1 0.000000 0.000000 0.000000 0.000000 0.000000 0.000000 0.000000 0.000000 0.000000 0.000000 0.000000 0.000000 0.000000 0.000000 0.000000
 4542 41 2 0.000000 0.000000 0.000000 0.000000 0.000000 0.000000 0.000000 0.000000 0.000000 0.000000 0.000000 0.000000 0.000000 0.000000 0.000000
 4553 41 3 0.000000 0.000000 0.000000 0.000000 0.000000 0.000000 0.000000 0.000000 0.000000 0.000000 0.000000 0.000000 0.000000 0.000000 0.000000
 4564 41 4 0.000000 0.000000 0.000000 0.000000 0.000000 0.000000 0.000000 0.000000 0.000000 0.000000 0.000000 0.000000 0.000000 0.000000 0.000000
 4575 41 5 0.000000 0.000000 0.000000 0.000000 0.000000 0.000000 0.000000 0.000000 0.000000 0.000000 0.000000 0.000000 0.000000 0.000000 0.000000
 4586 41 6 0.000000 0.000000 0.000000 0.000000 0.000000 0.000000 0.000000 0.000000 0.000000 0.000000 0.000000 0.000000 0.000000 0.000000 0.000000
 4597 41 7 0.000000 0.000000 0.000000 0.000000 0.000000 0.000000 0.000000 0.000000 0.000000 0.000000 0.000000 0.000000 0.000000 0.000000 0.000000
 4608 41 8 0.000000 0.000000 0.000000 0.000000 0.000000 0.000000 0.000000 0.000000 0.000000 0.000000 0.000000 0.000000 0.000000 0.000000 0.000000
 4619 41 9 0.000000 0.000000 0.000000 0.000000 0.000000 0.000000 0.000000 0.000000 0.000000 0.000000 0.000000 0.000000 0.000000 0.000000 0.000000
 4630 42 0 0.000000 0.000000 0.000000 0.000000 0.000000 0.000000 0.000000 0.000000 0.000000 0.000000 0.000000 0.000000 0.000000 0.000000 0.000000
 4641 42 1 0.000000 0.000000 0.000000 0.000000 0.000000 0.000000 0.000000 0.000000 0.000000 0.000000 0.000000 0.000000 0.000000 0.000000 0.000000
 4652 42 2 0.000000 0.000000 0.000000 0.000000 0.000000 0.000000 0.000000 0.000000 0.000000 0.000000 0.000000 0.000000 0.000000 0.000000 0.000000
 4663 42 3 0.000000 0.000000 0.000000 0.000000 0.000000 0.000000 0.000000 0.000000 0.000000 0.000000 0.000000 0.000000 0.000000 0.000000 0.000000
 4674 42 4 0.000000 0.000000 0.000000 0.000000 0.000000 0.000000 0.000000 0.000000 0.000000 0.000000 0.000000 0.000000 0.000000 0.000000 0.000000
 4685 42 5 0.000000 0.000000 0.000000 0.000000 0.000000 0.000000 0.000000 0.000000 0.000000 0.000000 0.000000 0.000000 0.000000 0.000000 0.000000
 4696 42 6 0.000000 0.000000 0.000000 0.000000 0.000000 0.000000 0.000000 0.000000 0.000000 0.000000 0.000000 0.000000 0.000000 0.000000 0.000000
 4707 42 7 0.000000 0.000000 0.000000 0.000000 0.000000 0.000000 0.000000 0.000000 0.000000 0.000000 0.000000 0.000000 0.000000 0.000000 0.000000
 4718 42 8 0.000000 0.000000 0.000000 0.000000 0.000000 0.000000 0.000000 0.000000 0.000000 0.000000 0.000000 0.000000 0.000000 0.000000 0.000000
 4729 42 9 0.000000 0.000000 0.000000 0.000000 0.000000 0.000000 0.000000 0.000000 0.000000 0.000000 0.000000 0.000000 0.000000 0.000000 0.000000
 4740 43 0 0.000000 0.000000 0.000000 0.000000 0.000000 0.000000 0.000000 0.000000 0.000000 0.000000 0.000000 0.000000 0.000000 0.000000 0.000000
 4751 43 1 0.000000 0.000000 0.000000 0.000000 0.000000 0.000000 0.000000 0.000000 0.000000 0.000000 0.000000 0.000000 0.000000 0.000000 0.000000
 4762 43 2 0.000000 0.000000 0.000000 0.000000 0.000000 0.000000 0.000000 0.000000 0.000000 0.000000 0.000000 0.000000 0.000000 0.000000 0.000000
 4773 43 3 0.000000 0.000000 0.000000 0.000000 0.000000 0.000000 0.000000 0.000000 0.000000 0.000000 0.000000 0.000000 0.000000 0.000000 0.000000
 4784 43 4 0.000000 0.000000 0.000000 0.000000 0.000000 0.000000 0.000000 0.000000 0.000000 0.000000 0.000000 0.000000 0.000000 0.000000 0.000000
 4795 43 5 0.000000 0.000000 0.000000 0.000000 0.000000 0.000000 0.000000 0.000000 0.000000 0.000000 0.000000 0.000000 0.000000 0.000000 0.000000
 4806 43 6 0.000000 0.000000 0.000000 0.000000 0.000000 0.000000 0.000000 0.000000 0.000000 0.000000 0.000000 0.000000 0.000000 0.000000 0.000000
 4817 43 7 0.000000 0.000000 0.000000 0.000000 0.000000 0.000000 0.000000 0.000000 0.000000 0.000000 0.000000 0.000000 0.000000 0.000000 0.000000
 4828 43 8 0.000000 0.000000 0.000000 0.000000 0.000000 0.000000 0.000000 0.000000 0.000000 0.000000 0.000000 0.000000 0.000000 0.000000 0.000000
 4839 43 9 0.000000 0.000000 0.000000 0.000000 0.000000 0.000000 0.000000 0.000000 0.000000 0.000000 0.000000 0.000000 0.000000 0.000000 0.000000
 4850 44 0 0.000000 0.000000 0.000000 0.000000 0.000000 0.000000 0.000000 0.000000 0.000000 0.000000 0.000000 0.000000 0.000000 0.000000 0.000000
 4861 44 1 0.000000 0.000000 0.000000 0.000000 0.000000 0.000000 0.000000 0.000000 0.000000 0.000000 0.000000 0.000000 0.000000 0.000000 0.000000
 4872 44 2 0.000000 0.000000 0.000000 0.000000 0.000000 0.000000 0.000000 0.000000 0.000000 0.000000 0.000000 0.000000 0.000000 0.000000 0.000000
 4883 44 3 0.000000 0.000000 0.000000 0.000000 0.000000 0.000000 0.000000 0.000000 0.000000 0.000000 0.000000 0.000000 0.000000 0.000000 0.000000
 4894 44 4 0.000000 0.000000 0.000000 0.000000 0.000000 0.000000 0.000000 0.000000 0.000000 0.000000 0.000000 0.000000 0.000000 0.000000 0.000000
 4905 44 5 0.000000 0.000000 0.000000 0.000000 0.000000 0.000000 0.000000 0.000000 0.000000 0.000000 0.000000 0.000000 0.000000 0.000000 0.000000
 4916 44 6 0.000000 0.000000 0.000000 0.000000 0.000000 0.000000 0.000000 0.000000 0.000000 0.000000 0.000000 0.000000 0.000000 0.000000 0.000000
 4927 44 7 0.000000 0.000000 0.000000 0.000000 0.000000 0.000000 0.000000 0.000000 0.000000 0.000000 0.000000 0.000000 0.000000 0.000000 0.000000
 4938 44 8 0.000000 0.000000 0.000000 0.000000 0.000000 0.000000 0.000000 0.000000 0.000000 0.000000 0.000000 0.000000 0.000000 0.000000 0.000000
 4949 44 9 0.000000 0.000000 0.000000 0.000000 0.000000 0.000000 0.000000 0.000000 0.000000 0.000000 0.000000 0.000000 0.000000 0.000000 0.000000
 4960 45 0 0.000000 0.000000 0.000000 0.000000 0.000000 0.000000 0.000000 0.000000 0.000000 0.000000 0.000000 0.000000 0.000000 0.000000 0.000000
 4971 45 1 0.000000 0.000000 0.000000 0.000000 0.000000 0.000000 0.000000 0.000000 0.000000 0.000000 0.000000 0.000000 0.000000 0.000000 0.000000
 4982 45 2 0.000000 0.000000 0.000000 0.000000 0.000000 0.000000 0.000000 0.000000 0.000000 0.000000 0.000000 0.000000 0.000000 0.000000 0.000000
 4993 45 3 0.000000 0.000000 0.000000 0.000000 0.000000 0.000000 0.000000 0.000000 0.000000 0.000000 0.000000 0.000000 0.000000 0.000000 0.000000
 5004 45 4 0.000000 0.000000 0.000000 0.000000 0.000000 0.000000 0.000000 0.000000 0.000000 0.000000 0.000000 0.000000 0.000000 0.000000 0.000000
 5015 45 5 0.000000 0.000000 0.000000 0.000000 0.000000 0.000000 0.000000 0.000000 0.000000 0.000000 0.000000 0.000000 0.000000 0.000000 0.000000
 5026 45 6 0.000000 0.000000 0.000000 0.000000 0.000000 0.000000 0.000000 0.000000 0.000000 0.000000 0.000000 0.000000 0.000000 0.000000 0.000000
 5037 45 7 0.000000 0.000000 0.000000 0.000000 0.000000 0.000000 0.000000 0.000000 0.000000 0.000000 0.000000 0.000000 0.000000 0.000000 0.000000
 5048 45 8 0.000000 0.000000 0.000000 0.000000 0.000000 0.000000 0.000000 0.000000 0.000000 0.000000 0.000000 0.000000 0.000000 0.000000 0.000000
 5059 45 9 0.000000 0.000000 0.000000 0.000000 0.000000 0.000000 0.000000 0.000000 0.000000 0.000000 0.000000 0.000000 0.000000 0.000000 0.000000
 5070 46 0 0.000000 0.000000 0.000000 0.000000 0.000000 0.000000 0.000000 0.000000 0.000000 0.000000 0.000000 0.000000 0.000000 0.000000 0.000000
 5081 46 1 0.000000 0.000000 0.000000 0.000000 0.000000 0.000000 0.000000 0.000000 0.000000 0.000000 0.000000 0.000000 0.000000 0.000000 0.000000
 5092 46 2 0.000000 0.000000 0.000000 0.000000 0.000000 0.000000 0.000000 0.000000 0.000000 0.000000 0.000000 0.000000 0.000000 0.000000 0.000000
 5103 46 3 0.000000 0.000000 0.000000 0.000000 0.000000 0.000000 0.000000 0.000000 0.000000 0.000000 0.000000 0.000000 0.000000 0.000000 0.000000
 5114 46 4 0.000000 0.000000 0.000000 0.000000 0.000000 0.000000 0.000000 0.000000 0.000000 0.000000 0.000000 0.000000 0.000000 0.000000 0.000000
 5125 46 5 0.000000 0.000000 0.000000 0.000000 0.000000 0.000000 0.000000 0.000000 0.000000 0.000000 0.000000 0.000000 0.000000 0.000000 0.000000
 5136 46 6 0.000000 0.000000 0.000000 0.000000 0.000000 0.000000 0.000000 0.000000 0.000000 0.000000 0.000000 0.000000 0.000000 0.000000 0.000000
 5147 46 7 0.000000 0.000000 0.000000 0.000000 0.000000 0.000000 0.000000 0.000000 0.000000 0.000000 0.000000 0.000000 0.000000 0.000000 0.000000
 5158 46 8 0.000000 0.000000 0.000000 0.000000 0.000000 0.000000 0.000000 0.000000 0.000000 0.000000 0.000000 0.000000 0.000000 0.000000 0.000000
 5169 46 9 0.000000 0.000000 0.000000 0.000000 0.000000 0.000000 0.000000 0.000000 0.000000 0.000000 0.000000 0.000000 0.000000 0.000000 0.000000
 5180 47 0 0.000000 0.000000 0.000000 0.000000 0.000000 0.000000 0.000000 0.000000 0.000000 0.000000 0.000000 0.000000 0.000000 0.000000 0.000000
 5191 47 1 0.000000 0.000000 0.000000 0.000000 0.000000 0.000000 0.000000 0.000000 0.000000 0.000000 0.000000 0.000000 0.000000 0.000000 0.000000
 5202 47 2 0.000000 0.000000 0.000000 0.000000 0.000000 0.000000 0.000000 0.000000 0.000000 0.000000 0.000000 0.000000 0.000000 0.000000 0.000000
 5213 47 3 0.000000 0.000000 0.000000 0.000000 0.000000 0.000000 0.000000 0.000000 0.000000 0.000000 0.000000 0.000000 0.000000 0.000000 0.000000
 5224 47 4 0.000000 0.000000 0.000000 0.000000 0.000000 0.000000 0.000000 0.000000 0.000000 0.000000 0.000000 0.000000 0.000000 0.000000 0.000000
 5235 47 5 0.000000 0.000000 0.000000 0.000000 0.000000 0.000000 0.000000 0.000000 0.000000 0.000000 0.000000 0.000000 0.000000 0.000000 0.000000
 5246 47 6 0.000000 0.000000 0.000000 0.000000 0.000000 0.000000 0.000000 0.000000 0.000000 0.000000 0.000000 0.000000 0.000000 0.000000 0.000000
 5257 47 7 0.000000 0.000000 0.000000 0.000000 0.000000 0.000000 0.000000 0.000000 0.000000 0.000000 0.000000 0.000000 0.000000 0.000000 0.000000
 5268 47 8 0.000000 0.000000 0.000000 0.000000 0.000000 0.000000 0.000000 0.000000 0.000000 0.000000 0.000000 0.000000 0.000000 0.000000 0.000000
 5279 47 9 0.000000 0.000000 0.000000 0.000000 0.000000 0.000000 0.000000 0.000000 0.000000 0.000000 0.000000 0.000000 0.000000 0.000000 0.000000
 5290 48 0 0.000000 0.000000 0.000000 0.000000 0.000000 0.000000 0.000000 0.000000 0.000000 0.000000 0.000000 0.000000 0.000000 0.000000 0.000000
 5301 48 1 0.000000 0.000000 0.000000 0.000000 0.000000 0.000000 0.000000 0.000000 0.000000 0.000000 0.000000 0.000000 0.000000 0.000000 0.000000
 5312 48 2 0.000000 0.000000 0.000000 0.000000 0.000000 0.000000 0.000000 0.000000 0.000000 0.000000 0.000000 0.000000 0.000000 0.000000 0.000000
 5323 48 3 0.000000 0.000000 0.000000 0.000000 0.000000 0.000000 0.000000 0.000000 0.000000 0.000000 0.000000 0.000000 0.000000 0.000000 0.000000
 5334 48 4 0.000000 0.000000 0.000000 0.000000 0.000000 0.000000 0.000000 0.000000 0.000000 0.000000 0.000000 0.000000 0.000000 0.000000 0.000000
 5345 48 5 0.000000 0.000000 0.000000 0.000000 0.000000 0.000000 0.000000 0.000000 0.000000 0.000000 0.000000 0.000000 0.000000 0.000000 0.000000
 5356 48 6 0.000000 0.000000 0.000000 0.000000 0.000000 0.000000 0.000000 0.000000 0.000000 0.000000 0.000000 0.000000 0.000000 0.000000 0.000000
 5367 48 7 0.000000 0.000000 0.000000 0.000000 0.000000 0.000000 0.000000 0.000000 0.000000 0.000000 0.000000 0.000000 0.000000 0.000000 0.000000
 5378 48 8 0.000000 0.000000 0.000000 0.000000 0.000000 0.000000 0.000000 0.000000 0.000000 0.000000 0.000000 0.000000 0.000000 0.000000 0.000000
 5389 48 9 0.000000 0.000000 0.000000 0.000000 0.000000 0.000000 0.000000 0.000000 0.000000 0.000000 0.000000 0.000000 0.000000 0.000000 0.000000
 5400 49 0 0.000000 0.000000 0.000000 0.000000 0.000000 0.000000 0.000000 0.000000 0.000000 0.000000 0.000000 0.000000 0.000000 0.000000 0.000000
 5411 49 1 0.000000 0.000000 0.000000 0.000000 0.000000 0.000000 0.000000 0.000000 0.000000 0.000000 0.000000 0.000000 0.000000 0.000000 0.000000
 5422 49 2 0.000000 0.000000 0.000000 0.000000 0.000000 0.000000 0.000000 0.000000 0.000000 0.000000 0.000000 0.000000 0.000000 0.000000 0.000000
 5433 49 3 0.000000 0.000000 0.000000 0.000000 0.000000 0.000000 0.000000 0.000000 0.000000 0.000000 0.000000 0.000000 0.000000 0.000000 0.000000
 5444 49 4 0.000000 0.000000 0.000000 0.000000 0.000000 0.000000 0.000000 0.000000 0.000000 0.000000 0.000000 0.000000 0.000000 0.000000 0.000000
 5455 49 5 0.000000 0.000000 0.000000 0.000000 0.000000 0.000000 0.000000 0.000000 0.000000 0.000000 0.000000 0.000000 0.000000 0.000000 0.000000
 5466 49 6 0.000000 0.000000 0.000000 0.000000 0.000000 0.000000 0.000000 0.000000 0.000000 0.000000 0.000000 0.000000 0.000000 0.000000 0.000000
 5477 49 7 0.000000 0.000000 0.000000 0.000000 0.000000 0.000000 0.000000 0.000000 0.000000 0.000000 0.000000 0.000000 0.000000 0.000000 0.000000
 5488 49 8 0.000000 0.000000 0.000000 0.000000 0.000000 0.000000 0.000000 0.000000 0.000000 0.000000 0.000000 0.000000 0.000000 0.000000 0.000000
 5499 49 9 0.000000 0.000000 0.000000 0.000000 0.000000 0.000000 0.000000 0.000000 0.000000 0.000000 0.000000 0.000000 0.000000 0.000000 0.000000
 5510 50 0 0.000000 0.000000 0.000000 0.000000 0.000000 0.000000 0.000000 0.000000 0.000000 0.000000 0.000000 0.000000 0.000000 0.000000 0.000000
 5521 50 1 0.000000 0.000000 0.000000 0.000000 0.000000 0.000000 0.000000 0.000000 0.000000 0.000000 0.000000 0.000000 0.000000 0.000000 0.000000
 5532 50 2 0.000000 0.000000 0.000000 0.000000 0.000000 0.000000 0.000000 0.000000 0.000000 0.000000 0.000000 0.000000 0.000000 0.000000 0.000000
 5543 50 3 0.000000 0.000000 0.000000 0.000000 0.000000 0.000000 0.000000 0.000000 0.000000 0.000000 0.000000 0.000000 0.000000 0.000000 0.000000
 5554 50 4 0.000000 0.000000 0.000000 0.000000 0.000000 0.000000 0.000000 0.000000 0.000000 0.000000 0.000000 0.000000 0.000000 0.000000 0.000000
 5565 50 5 0.000000 0.000000 0.000000 0.000000 0.000000 0.000000 0.000000 0.000000 0.000000 0.000000 0.000000 0.000000 0.000000 0.000000 0.000000
 5576 50 6 0.000000 0.000000 0.000000 0.000000 0.000000 0.000000 0.000000 0.000000 0.000000 0.000000 0.000000 0.000000 0.000000 0.000000 0.000000
 5587 50 7 0.000000 0.000000 0.000000 0.000000 0.000000 0.000000 0.000000 0.000000 0.000000 0.000000 0.000000 0.000000 0.000000 0.000000 0.000000
 5598 50 8 0.000000 0.000000 0.000000 0.000000 0.000000 0.000000 0.000000 0.000000 0.000000 0.000000 0.000000 0.000000 0.000000 0.000000 0.000000
 5609 50 9 0.000000 0.000000 0.000000 0.000000 0.000000 0.000000 0.000000 0.000000 0.000000 0.000000 0.000000 0.000000 0.000000 0.000000 0.000000