# Format <LP ID> <Group ID> <Router ID> <Link traffic per router port(s)># Router ports in the order: 8 local channels, 4 global channels
 8 0 0 0 643296 314864 51296 53448 44608 73064 100960 93464 89304 99848 91184
 17 0 1 715848 0 802880 616168 346160 339024 442744 282576 2283224 17720 16872 18992
 26 0 2 333928 773552 0 414424 352712 88840 112560 322232 547416 85088 79168 84352
 35 0 3 85944 582200 418576 0 523984 345544 93968 111024 280216 94232 88752 84312
 44 0 4 81664 325536 345384 545256 0 541432 371112 107024 276552 97496 87952 88240
 53 0 5 81160 313144 93400 346920 535728 0 412688 359400 258936 87592 82008 84304
 62 0 6 95352 412088 121632 96288 367728 418352 0 494688 162136 84248 85184 88536
 71 0 7 101456 270432 313136 108152 103584 360840 500768 0 91000 97296 93232 89744
 80 1 0 0 423544 593920 435152 444128 430592 467864 480072 2263304 106400 104608 108072
 89 1 1 354984 0 718448 352624 100520 101520 99160 112440 162704 180776 172104 167152
 98 1 2 629064 778520 0 882776 685960 402072 526392 484464 2447744 89016 93624 92216
 107 1 3 418392 402992 843128 0 499632 430880 193976 440936 640384 162872 151440 173536
 116 1 4 393704 149696 645272 497712 0 606688 442776 214424 367776 187920 179152 175864
 125 1 5 376968 146640 384640 426128 612528 0 605784 454064 321936 173408 182408 166848
 134 1 6 428640 169104 486544 184368 439088 599192 0 482880 245632 168216 179432 168144
 143 1 7 447640 198256 469144 424656 213672 448720 477168 0 169928 182912 178152 165736
 152 2 0 0 946336 212384 418520 200672 204800 216432 258056 529992 172560 191520 180296
 161 2 1 990016 0 441424 652280 439960 428296 459872 459632 2436344 121872 118936 117888
 170 2 2 111080 362368 0 730472 349328 93952 101960 104136 195696 185160 189392 195264
 179 2 3 443624 629928 777656 0 894664 667216 519640 443624 2421896 119712 105408 107928
 188 2 4 208136 417896 396320 845272 0 509624 459856 448592 660664 168984 174208 163624
 197 2 5 206224 407344 161816 634984 502472 0 619960 452368 351296 184072 179152 177880
 206 2 6 222920 439376 173544 483176 453600 607880 0 587024 258248 186952 177936 185640
 215 2 7 270088 444408 190528 419424 401488 457960 590688 0 187904 184488 186888 187688
 224 3 0 0 882248 673624 196264 419512 197448 221504 261192 270472 194208 186088 187232
 233 3 1 904976 0 949656 179544 403312 174592 200896 225416 633520 174256 188416 177584
 242 3 2 718584 995752 0 406848 621960 417208 429008 463872 2389472 117816 108832 116720
 251 3 3 107648 107376 346024 0 719424 356112 105888 110368 192992 193880 179968 188808
 260 3 4 436624 427848 615160 775168 0 867944 788304 478256 2432224 108816 112136 108088
 269 3 5 194752 169848 400000 404376 837848 0 513072 686288 637320 161936 173248 173160
 278 3 6 216784 206488 404704 169128 730080 516984 0 607224 275360 186320 191152 184992
 287 3 7 249816 216224 428584 207072 458344 671368 588720 0 198112 193576 188720 186712
 296 4 0 0 555024 672440 469144 209224 432088 225968 262736 285752 203368 201072 175632
 305 4 1 558192 0 662936 729704 185168 410480 193024 219264 358384 198824 192416 178592
 314 4 2 699712 664032 0 828592 149848 382992 184904 211456 665032 164488 181296 170016
 323 4 3 496328 799896 858400 0 409392 610848 443168 442320 2397808 110632 112688 122000
 332 4 4 113888 100984 101456 346696 0 712104 358048 108120 203296 198496 178456 197616
 341 4 5 458192 427032 403728 608648 772864 0 970224 756112 2425176 111048 107416 117448
 350 4 6 227248 196784 179352 403928 425344 931312 0 735496 537216 174976 174536 174872
 359 4 7 263120 231128 190384 427272 205840 723648 693280 0 182032 192616 191384 195528
 368 5 0 0 678112 469256 401688 468568 159784 408624 198712 249968 159512 159672 165576
 377 5 1 671040 0 510544 456944 481384 137680 395744 163840 335848 162072 150160 159176
 386 5 2 464752 500664 0 628256 639160 115992 374920 157192 344984 160512 160152 169424
 395 5 3 437944 468056 624016 0 839536 113584 378656 152704 614432 149176 135224 151432
 404 5 4 505768 541560 680392 864800 0 382192 603344 409512 2394488 81448 86856 77024
 413 5 5 81616 67296 60640 55840 314024 0 467904 315064 150968 152384 157232 158456
 422 5 6 421560 417984 394768 401328 612688 475008 0 746392 1825384 97216 102976 98096
 431 5 7 223720 170024 153136 156352 376936 371944 719240 0 158000 150696 143872 170096
 440 6 0 0 591048 397240 121648 325376 341728 75976 79456 163584 68592 75200 75648
 449 6 1 581232 0 572056 367344 119168 401160 58648 58920 239704 67928 74384 68448
 458 6 2 381832 555608 0 425648 359296 313920 39784 38488 258528 73424 82432 68784
 467 6 3 114968 361928 408648 0 559536 572424 36888 42432 267512 78552 74040 70296
 476 6 4 358248 126632 350992 529960 0 772744 33976 39968 542640 61040 64648 68024
 485 6 5 361760 455888 338816 613320 795896 0 39064 36608 1768712 18032 20624 24968
 494 6 6 41208 14424 11584 10016 7712 9920 0 0 68072 73728 68568 75216
 503 6 7 90296 56336 36168 36360 36264 38816 0 0 80368 72952 70216 70984
 512 7 0 0 84296 9248 0 0 0 0 0 85488 0 0 0
 521 7 1 73560 0 87440 10544 0 0 0 0 181360 0 0 0
 530 7 2 11928 88104 0 82360 9080 0 8 0 190776 0 0 0
 539 7 3 0 8960 84744 0 94040 11136 0 0 186120 0 0 0
 548 7 4 0 0 9328 82424 0 80008 13080 0 198504 0 0 0
 557 7 5 0 0 16 10792 85888 0 63888 0 163336 0 0 0
 566 7 6 0 0 0 0 9496 72192 0 0 76976 0 0 0
 575 7 7 0 0 0 0 0 0 0 0 0 0 0 0
 584 8 0 0 79608 11056 0 0 0 0 0 20504 0 0 0
 593 8 1 12360 0 83624 11264 40 0 0 0 165432 0 0 0
 602 8 2 8144 74488 0 80776 11056 0 16 0 187184 0 0 0
 611 8 3 0 11200 79464 0 95808 9264 0 0 199320 0 0 0
 620 8 4 0 16 13280 94720 0 84232 12936 0 203640 0 0 0
 629 8 5 0 0 8 12584 86496 0 62336 0 153304 0 0 0
 638 8 6 0 0 0 0 10008 59808 0 0 75288 0 0 0
 647 8 7 0 0 0 0 0 0 0 0 0 0 0 0
 656 9 0 0 9256 8216 0 0 0 0 0 93664 0 0 0
 665 9 1 83424 0 89568 10296 0 0 0 0 24760 0 0 0
 674 9 2 10240 15496 0 89424 8224 0 0 0 195840 0 0 0
 683 9 3 0 0 88104 0 78888 9528 0 0 202296 0 0 0
 692 9 4 0 8 9952 92696 0 87768 11080 0 184680 0 0 0
 701 9 5 0 0 0 9880 89856 0 65696 0 158680 0 0 0
 710 9 6 0 0 0 0 7712 61384 0 0 76776 0 0 0
 719 9 7 0 0 0 0 0 0 0 0 0 0 0 0
 728 10 0 0 85720 8 0 0 0 0 0 80256 0 0 0
 737 10 1 70760 0 11064 9424 8 0 0 0 186192 0 0 0
 746 10 2 9496 90464 0 79352 8464 8 0 0 23224 0 0 0
 755 10 3 0 9984 12120 0 85920 11936 0 0 174488 0 0 0
 764 10 4 0 24 32 75408 0 82672 8688 0 192496 0 0 0
 773 10 5 0 0 0 10304 88616 0 63472 0 159456 0 0 0
 782 10 6 0 0 0 0 9488 64840 0 0 72160 0 0 0
 791 10 7 0 0 0 0 0 0 0 0 0 0 0 0
 800 11 0 0 86544 8464 0 0 0 0 0 86472 0 0 0
 809 11 1 76936 0 87840 88 0 0 0 0 191024 0 0 0
 818 11 2 9512 92072 0 10984 8576 0 0 0 195152 0 0 0
 827 11 3 24 12408 87040 0 87936 9600 0 0 21152 0 0 0
 836 11 4 0 0 11808 10048 0 82064 7216 0 192496 0 0 0
 845 11 5 0 0 0 16 84648 0 66800 0 160144 0 0 0
 854 11 6 0 0 0 16 11336 68480 0 0 74016 0 0 0
 863 11 7 0 0 0 0 0 0 0 0 0 0 0 0
 872 12 0 0 88624 10032 0 0 0 0 0 101200 0 0 0
 881 12 1 92024 0 88248 11360 0 0 0 0 180624 0 0 0
 890 12 2 9168 83488 0 79448 24 0 0 0 186048 0 0 0
 899 12 3 0 8512 78736 0 12096 11584 8 0 196824 0 0 0
 908 12 4 8 0 9032 95264 0 85200 11552 0 22920 0 0 0
 917 12 5 0 0 0 10752 10800 0 62544 0 158888 0 0 0
 926 12 6 0 0 0 0 0 62104 0 0 74104 0 0 0
 935 12 7 0 0 0 0 0 0 0 0 0 0 0 0
 944 13 0 0 78000 10784 0 0 0 0 0 89040 0 0 0
 953 13 1 80408 0 86280 9272 0 0 0 0 171424 0 0 0
 962 13 2 8592 83696 0 82360 11064 0 0 0 182512 0 0 0
 971 13 3 32 9728 73912 0 79968 8 0 0 182488 0 0 0
 980 13 4 8 0 11536 80584 0 10656 10376 0 182976 0 0 0
 989 13 5 0 0 0 10272 82704 0 61312 0 19552 0 0 0
 998 13 6 0 0 0 0 9240 8888 0 0 71688 0 0 0
 1007 13 7 0 0 0 0 0 0 0 0 0 0 0 0
 1016 14 0 0 76512 9104 0 0 0 0 0 86736 0 0 0
 1025 14 1 80072 0 84128 7416 0 0 0 0 168992 0 0 0
 1034 14 2 6664 81424 0 88976 13112 8 0 0 179288 0 0 0
 1043 14 3 0 11056 77704 0 87264 10840 0 0 194608 0 0 0
 1052 14 4 0 0 8352 89208 0 80784 0 0 191104 0 0 0
 1061 14 5 0 0 0 9008 80976 0 8448 0 155912 0 0 0
 1070 14 6 0 0 0 0 9752 64280 0 0 8448 0 0 0
 1079 14 7 0 0 0 0 0 0 0 0 0 0 0 0
 1088 15 0 0 84784 13536 0 0 0 0 0 90568 0 0 0
 1097 15 1 80176 0 91168 12480 0 0 0 0 176648 0 0 0
 1106 15 2 10368 83424 0 83248 10896 16 0 0 200528 0 0 0
 1115 15 3 16 8424 85344 0 87008 14520 32 0 186040 0 0 0
 1124 15 4 8 16 10480 84096 0 88368 12080 0 187680 0 0 0
 1133 15 5 0 0 0 6216 80024 0 66208 0 167368 0 0 0
 1142 15 6 0 0 0 0 9752 64464 0 0 78320 0 0 0
 1151 15 7 0 0 0 0 0 0 0 0 0 0 0 0
 1160 16 0 0 93672 7704 0 0 0 0 0 23360 0 0 0
 1169 16 1 13288 0 83160 9944 8 0 0 0 196168 0 0 0
 1178 16 2 10064 90416 0 81744 11512 32 0 0 182120 0 0 0
 1187 16 3 8 12064 78024 0 90424 6864 0 0 192744 0 0 0
 1196 16 4 0 8 13224 91136 0 88336 9584 0 201880 0 0 0
 1205 16 5 0 8 0 9912 88064 0 64240 0 159872 0 0 0
 1214 16 6 0 0 8 8 11872 64640 0 0 73824 0 0 0
 1223 16 7 0 0 0 0 0 0 0 0 0 0 0 0
 1232 17 0 0 8968 8456 0 0 0 0 0 90344 0 0 0
 1241 17 1 79664 0 83096 10472 0 0 0 0 22016 0 0 0
 1250 17 2 10680 12536 0 87488 9424 0 0 0 192240 0 0 0
 1259 17 3 0 512 89840 0 91280 9304 0 0 198560 0 0 0
 1268 17 4 0 0 10848 91368 0 85096 7080 0 193240 0 0 0
 1277 17 5 0 0 0 9224 83304 0 58288 0 159904 0 0 0
 1286 17 6 0 0 0 8 9232 65504 0 0 65368 0 0 0
 1295 17 7 0 0 0 0 0 0 0 0 0 0 0 0
 1304 18 0 0 79680 0 8 0 0 0 0 88280 0 0 0
 1313 18 1 76248 0 9648 8584 16 0 0 0 171976 0 0 0
 1322 18 2 12032 82472 0 86456 9936 0 0 0 19480 0 0 0
 1331 18 3 0 9816 9312 0 83040 7952 0 0 195304 0 0 0
 1340 18 4 0 0 520 88512 0 85520 8728 0 193264 0 0 0
 1349 18 5 0 8 0 11744 85424 0 65176 0 162208 0 0 0
 1358 18 6 0 0 0 0 14848 68736 0 0 73904 0 0 0
 1367 18 7 0 0 0 0 0 0 0 0 0 0 0 0
 1376 19 0 0 80888 9408 8 0 0 0 0 79592 0 0 0
 1385 19 1 73352 0 80640 0 8 0 0 0 170832 0 0 0
 1394 19 2 6240 80712 0 9344 9528 16 8 0 180720 0 0 0
 1403 19 3 0 9208 80376 0 83848 9488 0 0 20648 0 0 0
 1412 19 4 0 24 10280 11296 0 81336 11232 0 189208 0 0 0
 1421 19 5 0 0 16 0 84792 0 52600 0 154328 0 0 0
 1430 19 6 0 0 0 0 11032 63488 0 0 63840 0 0 0
 1439 19 7 0 0 0 0 0 0 0 0 0 0 0 0
 1448 20 0 0 80184 9104 0 0 0 0 0 91920 0 0 0
 1457 20 1 83176 0 89200 10720 0 0 0 0 174848 0 0 0
 1466 20 2 8736 87192 0 80408 32 8 0 0 189784 0 0 0
 1475 20 3 0 7472 84296 0 12984 10112 0 0 187056 0 0 0
 1484 20 4 8 0 7184 86152 0 78136 8560 0 24384 0 0 0
 1493 20 5 0 0 0 9776 11368 0 65816 0 153688 0 0 0
 1502 20 6 0 0 0 0 0 65432 0 0 74376 0 0 0
 1511 20 7 0 0 0 0 0 0 0 0 0 0 0 0
 1520 21 0 0 74032 8992 0 0 0 0 0 91040 0 0 0
 1529 21 1 83160 0 93872 9512 0 8 0 0 170096 0 0 0
 1538 21 2 7840 84896 0 79480 7928 0 0 0 189880 0 0 0
 1547 21 3 40 11168 78000 0 85320 40 0 0 178392 0 0 0
 1556 21 4 0 0 9008 82232 0 8856 8936 0 190104 0 0 0
 1565 21 5 0 0 8 7168 87072 0 64992 0 20144 0 0 0
 1574 21 6 0 0 0 0 9784 11240 0 0 73928 0 0 0
 1583 21 7 0 0 0 0 0 0 0 0 0 0 0 0
 1592 22 0 0 73952 12864 16 0 0 0 0 84968 0 0 0
 1601 22 1 75584 0 92688 11816 0 0 0 0 167656 0 0 0
 1610 22 2 9352 83280 0 76960 9992 0 0 0 197944 0 0 0
 1619 22 3 32 10424 84936 0 90496 7528 0 0 179960 0 0 0
 1628 22 4 0 0 7448 77952 0 91112 816 0 195536 0 0 0
 1637 22 5 0 0 8 13200 85512 0 4096 0 157488 0 0 0
 1646 22 6 0 0 0 16 9536 58848 0 0 4912 0 0 0
 1655 22 7 0 0 0 0 0 0 0 0 0 0 0 0
 1664 23 0 0 81928 12912 0 8 0 0 0 90352 0 0 0
 1673 23 1 82736 0 86264 10944 8 0 0 0 187328 0 0 0
 1682 23 2 7616 93328 0 76568 11104 0 0 0 199088 0 0 0
 1691 23 3 0 12072 89536 0 78944 10608 0 0 183920 0 0 0
 1700 23 4 0 0 10352 86064 0 87968 9904 0 179104 0 0 0
 1709 23 5 0 0 24 10344 80016 0 55208 0 160488 0 0 0
 1718 23 6 0 0 0 0 9024 61912 0 0 65112 0 0 0
 1727 23 7 0 0 0 0 0 0 0 0 0 0 0 0
 1736 24 0 0 83280 10008 8 0 0 0 0 24288 0 0 0
 1745 24 1 15256 0 85408 9472 0 8 0 0 171056 0 0 0
 1754 24 2 9032 79056 0 88128 5968 8 0 0 192128 0 0 0
 1763 24 3 0 8720 86872 0 84288 10664 8 0 187016 0 0 0
 1772 24 4 0 0 9840 79744 0 81200 7784 0 195008 0 0 0
 1781 24 5 0 0 0 9632 90896 0 66936 0 154424 0 0 0
 1790 24 6 0 0 0 32 13856 62544 0 0 74728 0 0 0
 1799 24 7 0 0 0 0 0 0 0 0 0 0 0 0
 1808 25 0 0 10176 9048 0 0 0 0 0 87520 0 0 0
 1817 25 1 74344 0 84680 10840 0 0 0 0 25112 0 0 0
 1826 25 2 13176 14936 0 77776 13264 0 0 0 185968 0 0 0
 1835 25 3 0 0 84072 0 88032 8416 0 0 177904 0 0 0
 1844 25 4 0 0 8160 82000 0 81512 9328 0 191984 0 0 0
 1853 25 5 0 0 0 7288 83040 0 69648 0 152256 0 0 0
 1862 25 6 0 0 8 0 7648 62328 0 0 78976 0 0 0
 1871 25 7 0 0 0 0 0 0 0 0 0 0 0 0
 1880 26 0 0 85200 0 16 0 0 0 0 85392 0 0 0
 1889 26 1 74144 0 12888 6464 0 0 0 0 182368 0 0 0
 1898 26 2 11240 86992 0 93008 6872 0 0 0 23272 0 0 0
 1907 26 3 0 10168 10376 0 86272 11688 0 0 186152 0 0 0
 1916 26 4 8 8 0 77880 0 83552 9616 0 194264 0 0 0
 1925 26 5 0 0 0 8784 92712 0 69240 0 157448 0 0 0
 1934 26 6 0 0 8 0 8408 62208 0 0 78856 0 0 0
 1943 26 7 0 0 0 0 0 0 0 0 0 0 0 0
 1952 27 0 0 79320 6520 0 0 0 0 0 97936 0 0 0
 1961 27 1 88136 0 87288 0 16 0 0 0 170000 0 0 0
 1970 27 2 9792 80680 0 10144 9480 0 0 0 193360 0 0 0
 1979 27 3 0 9992 88376 0 84584 9240 0 0 20992 0 0 0
 1988 27 4 8 0 11168 10848 0 90416 10840 0 187024 0 0 0
 1997 27 5 0 8 8 0 84488 0 67800 0 162528 0 0 0
 2006 27 6 0 0 0 0 8456 62872 0 0 78640 0 0 0
 2015 27 7 0 0 0 0 0 0 0 0 0 0 0 0
 2024 28 0 0 79640 9480 8 0 0 0 0 96024 0 0 0
 2033 28 1 88312 0 81496 8952 0 0 0 0 171592 0 0 0
 2042 28 2 7704 81400 0 77320 0 16 8 0 182888 0 0 0
 2051 28 3 0 10552 81640 0 9816 9248 0 0 186264 0 0 0
 2060 28 4 8 0 10272 92984 0 89736 7608 0 23128 0 0 0
 2069 28 5 0 0 0 7000 13312 0 58392 0 167056 0 0 0
 2078 28 6 0 0 0 0 0 68056 0 0 66008 0 0 0
 2087 28 7 0 0 0 0 0 0 0 0 0 0 0 0
 2096 29 0 0 77984 8072 0 0 0 0 0 85520 0 0 0
 2105 29 1 75672 0 87592 5952 24 0 0 0 167568 0 0 0
 2114 29 2 9848 82928 0 78016 8688 8 0 0 187824 0 0 0
 2123 29 3 0 6632 82368 0 87272 8 0 0 183432 0 0 0
 2132 29 4 0 8 9792 89152 0 9632 9728 0 194560 0 0 0
 2141 29 5 0 8 0 10312 86184 0 64776 0 21960 0 0 0
 2150 29 6 0 8 0 0 12392 12312 0 0 74504 0 0 0
 2159 29 7 0 0 0 0 0 0 0 0 0 0 0 0
 2168 30 0 0 79472 9504 0 0 0 0 0 86440 0 0 0
 2177 30 1 74576 0 84536 11552 0 0 0 0 176936 0 0 0
 2186 30 2 11832 86960 0 81304 8456 8 0 0 187824 0 0 0
 2195 30 3 32 10488 82152 0 85592 8312 0 0 188120 0 0 0
 2204 30 4 0 8 11632 82696 0 84720 256 0 186928 0 0 0
 2213 30 5 0 8 0 12568 82008 0 4864 0 158816 0 0 0
 2222 30 6 0 0 0 0 10872 65776 0 0 5120 0 0 0
 2231 30 7 0 0 0 0 0 0 0 0 0 0 0 0
 2240 31 0 0 79336 11576 0 0 0 0 0 83280 0 0 0
 2249 31 1 74168 0 82616 10320 0 0 0 0 173896 0 0 0
 2258 31 2 9080 83008 0 86120 11480 0 0 0 191368 0 0 0
 2267 31 3 24 11536 88936 0 76312 11160 0 0 193600 0 0 0
 2276 31 4 8 8 8224 84552 0 92672 11504 0 190896 0 0 0
 2285 31 5 0 8 0 12608 93880 0 66312 0 166472 0 0 0
 2294 31 6 0 0 16 0 9224 62640 0 0 77816 0 0 0
 2303 31 7 0 0 0 0 0 0 0 0 0 0 0 0
 2312 32 0 0 85288 8384 0 0 0 0 0 84856 0 0 0
 2321 32 1 75120 0 80400 9616 24 0 0 0 183224 0 0 0
 2330 32 2 9736 88664 0 90816 10008 0 0 0 187640 0 0 0
 2339 32 3 0 9256 89096 0 84112 12104 8 0 203688 0 0 0
 2348 32 4 0 16 9760 93744 0 88432 13024 0 180520 0 0 0
 2357 32 5 0 0 0 9504 78680 0 64360 0 161296 0 0 0
 2366 32 6 0 0 0 8 7696 60760 0 0 77392 0 0 0
 2375 32 7 0 0 0 0 0 0 0 0 0 0 0 0