# Format <LP id> <Terminal ID> <Total Data Size> <Aggregate packet latency> <# Flits/Packets finished> <Avg hops> <Busy Time>
 4 0 376640 626.047925 1148 2.777838 0.000000
 5 1 509344 801.472846 1730 2.513858 0.000000
 6 2 504080 463.949879 1452 2.412427 0.000000
 7 3 508416 642.473405 1736 2.682664 0.000000
 13 4 499104 762.846991 1334 2.400088 0.000000
 14 5 376096 521.915724 1060 2.539593 0.000000
 15 6 506112 687.368793 1552 2.439113 0.000000
 16 7 627488 910.521109 1896 2.349869 0.000000
 22 8 644368 475.199092 2292 2.593624 0.000000
 23 9 632960 554.666035 2114 2.399633 0.000000
 24 10 631376 537.547505 2054 2.377494 0.000000
 25 11 505728 628.904564 1422 2.593697 0.000000
 31 12 514288 451.813974 1930 2.719639 0.000000
 32 13 641152 1174.505014 2124 2.396917 0.000000
 33 14 637696 798.288289 2162 2.402644 0.000000
 34 15 636384 613.075903 2154 2.558343 0.000000
 40 16 637152 1014.691436 2090 2.587983 0.000000
 41 17 505984 494.634688 1520 2.616137 0.000000
 42 18 508816 714.333265 1658 2.604552 0.000000
 43 19 639504 818.505575 2336 2.625928 0.000000
 49 20 636144 521.481164 2162 2.550873 0.000000
 50 21 632640 821.475612 1806 2.338156 0.000000
 51 22 640768 1039.312355 2244 2.418326 0.000000
 52 23 506448 563.074941 1642 2.637811 0.000000
 58 24 504944 555.736066 1566 2.598000 0.000000
 59 25 640272 883.423250 1786 2.341031 0.000000
 60 26 634688 1015.592798 2132 2.847130 0.000000
 61 27 641440 666.101937 2350 3.040113 0.000000
 67 28 634000 873.788230 1990 2.933460 0.000000
 68 29 508944 560.078032 1586 3.118765 0.000000
 69 30 381808 719.533548 1334 2.700393 0.000000
 70 31 511040 681.071463 1680 3.083397 0.000000
 76 32 504320 738.697015 1562 3.530924 0.000000
 77 33 509392 531.930609 1698 2.832827 0.000000
 78 34 510896 1436.952737 1586 2.828968 0.000000
 79 35 380608 587.337719 1202 3.339791 0.000000
 85 36 503856 1010.335286 1530 3.309659 0.000000
 86 37 637328 610.655311 2106 2.961328 0.000000
 87 38 631024 1011.668121 1982 2.940915 0.000000
 88 39 629600 793.707018 1816 3.101610 0.000000
 94 40 631264 1251.521991 2176 2.911131 0.000000
 95 41 510400 722.744336 1692 3.098939 0.000000
 96 42 637632 980.645398 2096 2.958078 0.000000
 97 43 767184 552.968911 2356 2.801596 0.000000
 103 44 766272 1330.490955 2314 2.933998 0.000000
 104 45 778928 602.700297 3262 2.954195 0.000000
 105 46 763616 1505.491357 2296 2.792703 0.000000
 106 47 639328 932.983043 2124 3.104482 0.000000
 112 48 633024 1283.697300 1942 3.080593 0.000000
 113 49 776336 546.633435 3158 2.915169 0.000000
 114 50 765152 1237.200901 2346 2.838667 0.000000
 115 51 772240 740.704626 2418 2.954807 0.000000
 121 52 773616 713.160464 2818 3.021965 0.000000
 122 53 629184 1385.376722 1802 3.063938 0.000000
 123 54 634832 838.746147 1814 3.059277 0.000000
 124 55 769408 1202.465869 2662 2.988867 0.000000
 130 56 778736 774.131157 2928 3.025552 0.000000
 131 57 772368 1192.994694 2952 2.901893 0.000000
 132 58 765120 619.232538 2660 3.218657 0.000000
 133 59 640976 930.661365 2326 3.570326 0.000000
 139 60 640624 1127.754029 2042 3.583385 0.000000
 140 61 765296 1482.711506 2268 3.228929 0.000000
 141 62 766448 761.428338 2772 3.228146 0.000000
 142 63 767264 708.575442 2382 3.652116 0.000000
 148 64 774688 1686.292582 3064 3.560287 0.000000
 149 65 641824 642.318908 2236 3.402289 0.000000
 150 66 507984 739.592062 1624 3.781740 0.000000
 151 67 638336 818.761808 1794 3.499665 0.000000
 157 68 643408 995.668172 2676 3.377979 0.000000
 158 69 634800 799.685965 1898 3.161564 0.000000
 159 70 635232 595.228095 1974 2.764145 0.000000
 160 71 506944 1061.800663 1600 3.070807 0.000000
 166 72 509232 782.480380 1744 3.304024 0.000000
 167 73 634512 738.800854 2310 2.983026 0.000000
 168 74 638704 1204.318046 2298 2.989914 0.000000
 169 75 625712 721.211406 1774 3.071575 0.000000
 175 76 633456 843.511201 2040 2.927595 0.000000
 176 77 504640 587.074835 1492 3.045455 0.000000
 177 78 636368 703.121431 2052 2.936414 0.000000
 178 79 760672 2302.395335 2264 2.768053 0.000000
 184 80 763632 871.756773 2348 2.938503 0.000000
 185 81 769008 1918.276609 2774 2.868837 0.000000
 186 82 776752 899.983185 2844 2.871650 0.000000
 187 83 637888 978.505232 2186 3.086814 0.000000
 193 84 640720 544.431776 2172 3.126794 0.000000
 194 85 769600 1049.490358 3010 2.930449 0.000000
 195 86 763456 1808.106234 2402 2.828926 0.000000
 196 87 772496 544.044696 2856 3.014319 0.000000
 202 88 760736 2358.427152 2334 2.952419 0.000000
 203 89 647008 610.525200 2510 3.125000 0.000000
 204 90 647088 758.429344 2736 3.562436 0.000000
 205 91 781072 1477.719536 2978 3.421244 0.000000
 211 92 771440 853.893553 3018 3.407533 0.000000
 212 93 773728 730.692059 2776 3.278309 0.000000
 213 94 768016 942.554387 2832 3.248352 0.000000
 214 95 633264 1134.044581 1856 3.513926 0.000000
 220 96 635920 1017.871158 2098 3.528852 0.000000
 221 97 772064 715.049152 2774 3.251912 0.000000
 222 98 760960 1310.725953 2358 3.239049 0.000000
 223 99 772544 1527.399614 2896 3.397299 0.000000
 229 100 762112 910.598170 2314 3.335942 0.000000
 230 101 639840 870.203923 2136 3.568017 0.000000
 231 102 508272 609.870274 1720 3.297074 0.000000
 232 103 634592 948.727552 1834 3.038333 0.000000
 238 104 634768 735.585860 2280 2.988102 0.000000
 239 105 638688 643.746586 2184 2.828963 0.000000
 240 106 634496 1271.526421 2138 2.797949 0.000000
 241 107 508544 565.717621 1632 3.091972 0.000000
 247 108 509184 563.714067 1650 3.300000 0.000000
 248 109 640960 699.591149 2358 3.029462 0.000000
 249 110 634720 879.273838 1992 2.952908 0.000000
 250 111 628912 613.249768 1978 3.110580 0.000000
 256 112 638640 1454.239454 2224 2.946208 0.000000
 257 113 501456 699.042805 1402 3.054077 0.000000
 258 114 625424 1340.059659 1766 2.885959 0.000000
 259 115 774992 706.600900 2808 2.862536 0.000000
 265 116 778064 1233.009108 3036 3.029874 0.000000
 266 117 774752 546.650953 3324 2.942056 0.000000
 267 118 763280 859.256331 2348 2.788308 0.000000
 268 119 635792 1231.366258 1976 3.050702 0.000000
 274 120 640064 536.556690 2420 3.135248 0.000000
 275 121 761152 1022.092650 2802 2.905103 0.000000
 276 122 760592 728.867283 2418 3.226604 0.000000
 277 123 763600 1027.701194 2814 3.406087 0.000000
 283 124 764192 798.409344 2582 3.411290 0.000000
 284 125 635120 997.876717 2070 3.587616 0.000000
 285 126 632624 670.091290 1868 3.543421 0.000000
 286 127 766112 906.823475 2752 3.730991 0.000000
 292 128 759072 1235.106049 2394 3.727681 0.000000
 293 129 764544 753.871198 2772 3.255283 0.000000
 294 130 771520 1215.325748 2970 3.294307 0.000000
 295 131 637808 577.821965 2376 3.587670 0.000000
 301 132 640032 1136.238639 2284 3.566262 0.000000
 302 133 776096 730.797028 3178 3.280009 0.000000
 303 134 771792 847.097194 2842 2.918276 0.000000
 304 135 774640 861.284948 2996 3.025000 0.000000
 310 136 764448 971.373582 2310 2.926375 0.000000
 311 137 639344 1060.966184 2286 3.101793 0.000000
 312 138 512400 595.676558 1680 3.290076 0.000000
 313 139 639760 731.531329 2170 3.107931 0.000000
 319 140 627840 642.369603 1782 2.882834 0.000000
 320 141 637680 795.184737 2194 2.822935 0.000000
 321 142 633632 545.810172 2064 2.766687 0.000000
 322 143 507376 654.991932 1452 3.056580 0.000000
 328 144 506832 689.217173 1824 3.336489 0.000000
 329 145 623216 852.083115 1838 2.904412 0.000000
 330 146 633424 904.134455 2278 3.006702 0.000000
 331 147 630288 1349.700166 1782 3.078716 0.000000
 337 148 637168 797.499917 2030 2.928304 0.000000
 338 149 504672 670.907248 1646 3.082171 0.000000
 339 150 630656 652.522707 1992 2.925269 0.000000
 340 151 777776 1005.871823 2884 2.889692 0.000000
 346 152 769392 679.200747 2380 2.935680 0.000000
 347 153 761440 1693.173322 2318 2.821004 0.000000
 348 154 774096 1175.312787 2718 3.225705 0.000000
 349 155 638448 979.520211 1852 3.572978 0.000000
 355 156 641120 1063.074159 2220 3.572690 0.000000
 356 157 766896 913.900695 2386 3.231135 0.000000
 357 158 769104 1489.591923 2842 3.263817 0.000000
 358 159 762720 892.656611 2366 3.723257 0.000000
 364 160 765936 1725.138851 2384 3.703010 0.000000
 365 161 637120 978.996855 2132 3.516403 0.000000
 366 162 631472 1199.535973 1844 3.614618 0.000000
 367 163 762880 688.685444 2290 3.400108 0.000000
 373 164 778800 1071.894864 3064 3.390695 0.000000
 374 165 771280 1255.884843 2988 3.241529 0.000000
 375 166 767568 1043.490448 2710 2.888432 0.000000
 376 167 635488 709.594577 2068 3.091975 0.000000
 382 168 639088 852.326366 2064 3.113313 0.000000
 383 169 767088 1544.839293 2572 2.858729 0.000000
 384 170 765984 925.868957 2810 2.865586 0.000000
 385 171 760480 1304.593062 2292 2.934524 0.000000
 391 172 777584 1372.025489 3016 2.992996 0.000000
 392 173 637296 712.598662 1954 3.038462 0.000000
 393 174 507552 612.626656 1542 3.276793 0.000000
 394 175 634432 935.934214 2002 3.050601 0.000000
 400 176 644672 527.351144 2494 2.980120 0.000000
 401 177 646480 656.583817 2560 2.820204 0.000000
 402 178 640416 703.445329 2190 2.804489 0.000000
 403 179 512752 596.928886 1866 3.087143 0.000000
 409 180 382880 465.760047 1338 2.852451 0.000000
 410 181 507920 747.884435 1544 2.418277 0.000000
 411 182 509360 489.096559 1628 2.464258 0.000000
 412 183 513280 517.711906 1932 2.745492 0.000000
 418 184 506064 833.896101 1666 2.590944 0.000000
 419 185 382592 467.753783 1402 2.691399 0.000000
 420 186 507952 814.048437 1678 3.072574 0.000000
 421 187 641696 639.399224 2482 2.981908 0.000000
 427 188 630832 725.210978 1796 3.043214 0.000000
 428 189 629440 1090.219837 1792 2.873645 0.000000
 429 190 639088 754.221629 2302 2.913495 0.000000
 430 191 508336 604.103382 1628 3.179767 0.000000
 436 192 508896 688.217083 1618 3.213339 0.000000
 437 193 640592 836.388396 2182 2.887011 0.000000
 438 194 635280 689.049937 2084 2.899263 0.000000
 439 195 639520 704.935045 2256 3.080513 0.000000
 445 196 632848 662.523317 1888 3.053385 0.000000
 446 197 514784 690.974344 1798 3.285036 0.000000
 447 198 509904 500.924000 1842 2.710375 0.000000
 448 199 644064 899.026541 2202 2.605542 0.000000
 454 200 642576 602.433900 2298 2.607883 0.000000
 455 201 638592 950.849813 2204 2.443820 0.000000
 456 202 643440 477.659750 2710 2.553755 0.000000
 457 203 507328 970.220641 1598 2.630896 0.000000
 463 204 511472 802.205145 1832 2.694024 0.000000
 464 205 636992 524.689532 1996 2.371771 0.000000
 465 206 637472 741.764809 2280 2.452202 0.000000
 466 207 635696 1410.168750 1904 2.526554 0.000000
 472 208 639808 843.451433 2082 2.563116 0.000000
 473 209 508368 673.748630 1506 2.585037 0.000000
 474 210 379488 591.390240 1154 2.716971 0.000000
 475 211 506912 742.522080 1638 2.621590 0.000000
 481 212 510896 936.308183 1774 2.474321 0.000000
 482 213 507728 405.061252 1680 2.260353 0.000000
 483 214 507904 700.267561 1480 2.218212 0.000000
 484 215 382176 901.429981 1158 2.520364 0.000000
 490 216 0 nan 0 nan 0.000000
 491 217 0 nan 0 nan 0.000000
 492 218 0 nan 0 nan 0.000000
 493 219 0 nan 0 nan 0.000000
 499 220 0 nan 0 nan 0.000000
 500 221 0 nan 0 nan 0.000000
 501 222 0 nan 0 nan 0.000000
 502 223 0 nan 0 nan 0.000000
 508 224 0 nan 0 nan 0.000000
 509 225 0 nan 0 nan 0.000000
 510 226 0 nan 0 nan 0.000000
 511 227 0 nan 0 nan 0.000000
 517 228 0 nan 0 nan 0.000000
 518 229 0 nan 0 nan 0.000000
 519 230 0 nan 0 nan 0.000000
 520 231 0 nan 0 nan 0.000000
 526 232 0 nan 0 nan 0.000000
 527 233 0 nan 0 nan 0.000000
 528 234 0 nan 0 nan 0.000000
 529 235 0 nan 0 nan 0.000000
 535 236 0 nan 0 nan 0.000000
 536 237 0 nan 0 nan 0.000000
 537 238 0 nan 0 nan 0.000000
 538 239 0 nan 0 nan 0.000000
 544 240 0 nan 0 nan 0.000000
 545 241 0 nan 0 nan 0.000000
 546 242 0 nan 0 nan 0.000000
 547 243 0 nan 0 nan 0.000000
 553 244 0 nan 0 nan 0.000000
 554 245 0 nan 0 nan 0.000000
 555 246 0 nan 0 nan 0.000000
 556 247 0 nan 0 nan 0.000000
 562 248 0 nan 0 nan 0.000000
 563 249 0 nan 0 nan 0.000000
 564 250 0 nan 0 nan 0.000000
 565 251 0 nan 0 nan 0.000000
 571 252 0 nan 0 nan 0.000000
 572 253 0 nan 0 nan 0.000000
 573 254 0 nan 0 nan 0.000000
 574 255 0 nan 0 nan 0.000000
 580 256 0 nan 0 nan 0.000000
 581 257 0 nan 0 nan 0.000000
 582 258 0 nan 0 nan 0.000000
 583 259 0 nan 0 nan 0.000000
 589 260 0 nan 0 nan 0.000000
 590 261 0 nan 0 nan 0.000000
 591 262 0 nan 0 nan 0.000000
 592 263 0 nan 0 nan 0.000000
 598 264 0 nan 0 nan 0.000000
 599 265 0 nan 0 nan 0.000000
 600 266 0 nan 0 nan 0.000000
 601 267 0 nan 0 nan 0.000000
 607 268 0 nan 0 nan 0.000000
 608 269 0 nan 0 nan 0.000000
 609 270 0 nan 0 nan 0.000000
 610 271 0 nan 0 nan 0.000000
 616 272 0 nan 0 nan 0.000000
 617 273 0 nan 0 nan 0.000000
 618 274 0 nan 0 nan 0.000000
 619 275 0 nan 0 nan 0.000000
 625 276 0 nan 0 nan 0.000000
 626 277 0 nan 0 nan 0.000000
 627 278 0 nan 0 nan 0.000000
 628 279 0 nan 0 nan 0.000000
 634 280 0 nan 0 nan 0.000000
 635 281 0 nan 0 nan 0.000000
 636 282 0 nan 0 nan 0.000000
 637 283 0 nan 0 nan 0.000000
 643 284 0 nan 0 nan 0.000000
 644 285 0 nan 0 nan 0.000000
 645 286 0 nan 0 nan 0.000000
 646 287 0 nan 0 nan 0.000000
 652 288 0 nan 0 nan 0.000000
 653 289 0 nan 0 nan 0.000000
 654 290 0 nan 0 nan 0.000000
 655 291 0 nan 0 nan 0.000000
 661 292 0 nan 0 nan 0.000000
 662 293 0 nan 0 nan 0.000000
 663 294 0 nan 0 nan 0.000000
 664 295 0 nan 0 nan 0.000000
 670 296 0 nan 0 nan 0.000000
 671 297 0 nan 0 nan 0.000000
 672 298 0 nan 0 nan 0.000000
 673 299 0 nan 0 nan 0.000000
 679 300 0 nan 0 nan 0.000000
 680 301 0 nan 0 nan 0.000000
 681 302 0 nan 0 nan 0.000000
 682 303 0 nan 0 nan 0.000000
 688 304 0 nan 0 nan 0.000000
 689 305 0 nan 0 nan 0.000000
 690 306 0 nan 0 nan 0.000000
 691 307 0 nan 0 nan 0.000000
 697 308 0 nan 0 nan 0.000000
 698 309 0 nan 0 nan 0.000000
 699 310 0 nan 0 nan 0.000000
 700 311 0 nan 0 nan 0.000000
 706 312 0 nan 0 nan 0.000000
 707 313 0 nan 0 nan 0.000000
 708 314 0 nan 0 nan 0.000000
 709 315 0 nan 0 nan 0.000000
 715 316 0 nan 0 nan 0.000000
 716 317 0 nan 0 nan 0.000000
 717 318 0 nan 0 nan 0.000000
 718 319 0 nan 0 nan 0.000000
 724 320 0 nan 0 nan 0.000000
 725 321 0 nan 0 nan 0.000000
 726 322 0 nan 0 nan 0.000000
 727 323 0 nan 0 nan 0.000000
 733 324 0 nan 0 nan 0.000000
 734 325 0 nan 0 nan 0.000000
 735 326 0 nan 0 nan 0.000000
 736 327 0 nan 0 nan 0.000000
 742 328 0 nan 0 nan 0.000000
 743 329 0 nan 0 nan 0.000000
 744 330 0 nan 0 nan 0.000000
 745 331 0 nan 0 nan 0.000000
 751 332 0 nan 0 nan 0.000000
 752 333 0 nan 0 nan 0.000000
 753 334 0 nan 0 nan 0.000000
 754 335 0 nan 0 nan 0.000000
 760 336 0 nan 0 nan 0.000000
 761 337 0 nan 0 nan 0.000000
 762 338 0 nan 0 nan 0.000000
 763 339 0 nan 0 nan 0.000000
 769 340 0 nan 0 nan 0.000000
 770 341 0 nan 0 nan 0.000000
 771 342 0 nan 0 nan 0.000000
 772 343 0 nan 0 nan 0.000000
 778 344 0 nan 0 nan 0.000000
 779 345 0 nan 0 nan 0.000000
 780 346 0 nan 0 nan 0.000000
 781 347 0 nan 0 nan 0.000000
 787 348 0 nan 0 nan 0.000000
 788 349 0 nan 0 nan 0.000000
 789 350 0 nan 0 nan 0.000000
 790 351 0 nan 0 nan 0.000000
 796 352 0 nan 0 nan 0.000000
 797 353 0 nan 0 nan 0.000000
 798 354 0 nan 0 nan 0.000000
 799 355 0 nan 0 nan 0.000000
 805 356 0 nan 0 nan 0.000000
 806 357 0 nan 0 nan 0.000000
 807 358 0 nan 0 nan 0.000000
 808 359 0 nan 0 nan 0.000000
 814 360 0 nan 0 nan 0.000000
 815 361 0 nan 0 nan 0.000000
 816 362 0 nan 0 nan 0.000000
 817 363 0 nan 0 nan 0.000000
 823 364 0 nan 0 nan 0.000000
 824 365 0 nan 0 nan 0.000000
 825 366 0 nan 0 nan 0.000000
 826 367 0 nan 0 nan 0.000000
 832 368 0 nan 0 nan 0.000000
 833 369 0 nan 0 nan 0.000000
 834 370 0 nan 0 nan 0.000000
 835 371 0 nan 0 nan 0.000000
 841 372 0 nan 0 nan 0.000000
 842 373 0 nan 0 nan 0.000000
 843 374 0 nan 0 nan 0.000000
 844 375 0 nan 0 nan 0.000000
 850 376 0 nan 0 nan 0.000000
 851 377 0 nan 0 nan 0.000000
 852 378 0 nan 0 nan 0.000000
 853 379 0 nan 0 nan 0.000000
 859 380 0 nan 0 nan 0.000000
 860 381 0 nan 0 nan 0.000000
 861 382 0 nan 0 nan 0.000000
 862 383 0 nan 0 nan 0.000000
 868 384 0 nan 0 nan 0.000000
 869 385 0 nan 0 nan 0.000000
 870 386 0 nan 0 nan 0.000000
 871 387 0 nan 0 nan 0.000000
 877 388 0 nan 0 nan 0.000000
 878 389 0 nan 0 nan 0.000000
 879 390 0 nan 0 nan 0.000000
 880 391 0 nan 0 nan 0.000000
 886 392 0 nan 0 nan 0.000000
 887 393 0 nan 0 nan 0.000000
 888 394 0 nan 0 nan 0.000000
 889 395 0 nan 0 nan 0.000000
 895 396 0 nan 0 nan 0.000000
 896 397 0 nan 0 nan 0.000000
 897 398 0 nan 0 nan 0.000000
 898 399 0 nan 0 nan 0.000000
 904 400 0 nan 0 nan 0.000000
 905 401 0 nan 0 nan 0.000000
 906 402 0 nan 0 nan 0.000000
 907 403 0 nan 0 nan 0.000000
 913 404 0 nan 0 nan 0.000000
 914 405 0 nan 0 nan 0.000000
 915 406 0 nan 0 nan 0.000000
 916 407 0 nan 0 nan 0.000000
 922 408 0 nan 0 nan 0.000000
 923 409 0 nan 0 nan 0.000000
 924 410 0 nan 0 nan 0.000000
 925 411 0 nan 0 nan 0.000000
 931 412 0 nan 0 nan 0.000000
 932 413 0 nan 0 nan 0.000000
 933 414 0 nan 0 nan 0.000000
 934 415 0 nan 0 nan 0.000000
 940 416 0 nan 0 nan 0.000000
 941 417 0 nan 0 nan 0.000000
 942 418 0 nan 0 nan 0.000000
 943 419 0 nan 0 nan 0.000000
 949 420 0 nan 0 nan 0.000000
 950 421 0 nan 0 nan 0.000000
 951 422 0 nan 0 nan 0.000000
 952 423 0 nan 0 nan 0.000000
 958 424 0 nan 0 nan 0.000000
 959 425 0 nan 0 nan 0.000000
 960 426 0 nan 0 nan 0.000000
 961 427 0 nan 0 nan 0.000000
 967 428 0 nan 0 nan 0.000000
 968 429 0 nan 0 nan 0.000000
 969 430 0 nan 0 nan 0.000000
 970 431 0 nan 0 nan 0.000000
 976 432 0 nan 0 nan 0.000000
 977 433 0 nan 0 nan 0.000000
 978 434 0 nan 0 nan 0.000000
 979 435 0 nan 0 nan 0.000000
 985 436 0 nan 0 nan 0.000000
 986 437 0 nan 0 nan 0.000000
 987 438 0 nan 0 nan 0.000000
 988 439 0 nan 0 nan 0.000000
 994 440 0 nan 0 nan 0.000000
 995 441 0 nan 0 nan 0.000000
 996 442 0 nan 0 nan 0.000000
 997 443 0 nan 0 nan 0.000000
 1003 444 0 nan 0 nan 0.000000
 1004 445 0 nan 0 nan 0.000000
 1005 446 0 nan 0 nan 0.000000
 1006 447 0 nan 0 nan 0.000000
 1012 448 0 nan 0 nan 0.000000
 1013 449 0 nan 0 nan 0.000000
 1014 450 0 nan 0 nan 0.000000
 1015 451 0 nan 0 nan 0.000000
 1021 452 0 nan 0 nan 0.000000
 1022 453 0 nan 0 nan 0.000000
 1023 454 0 nan 0 nan 0.000000
 1024 455 0 nan 0 nan 0.000000
 1030 456 0 nan 0 nan 0.000000
 1031 457 0 nan 0 nan 0.000000
 1032 458 0 nan 0 nan 0.000000
 1033 459 0 nan 0 nan 0.000000
 1039 460 0 nan 0 nan 0.000000
 1040 461 0 nan 0 nan 0.000000
 1041 462 0 nan 0 nan 0.000000
 1042 463 0 nan 0 nan 0.000000
 1048 464 0 nan 0 nan 0.000000
 1049 465 0 nan 0 nan 0.000000
 1050 466 0 nan 0 nan 0.000000
 1051 467 0 nan 0 nan 0.000000
 1057 468 0 nan 0 nan 0.000000
 1058 469 0 nan 0 nan 0.000000
 1059 470 0 nan 0 nan 0.000000
 1060 471 0 nan 0 nan 0.000000
 1066 472 0 nan 0 nan 0.000000
 1067 473 0 nan 0 nan 0.000000
 1068 474 0 nan 0 nan 0.000000
 1069 475 0 nan 0 nan 0.000000
 1075 476 0 nan 0 nan 0.000000
 1076 477 0 nan 0 nan 0.000000
 1077 478 0 nan 0 nan 0.000000
 1078 479 0 nan 0 nan 0.000000
 1084 480 0 nan 0 nan 0.000000
 1085 481 0 nan 0 nan 0.000000
 1086 482 0 nan 0 nan 0.000000
 1087 483 0 nan 0 nan 0.000000
 1093 484 0 nan 0 nan 0.000000
 1094 485 0 nan 0 nan 0.000000
 1095 486 0 nan 0 nan 0.000000
 1096 487 0 nan 0 nan 0.000000
 1102 488 0 nan 0 nan 0.000000
 1103 489 0 nan 0 nan 0.000000
 1104 490 0 nan 0 nan 0.000000
 1105 491 0 nan 0 nan 0.000000
 1111 492 0 nan 0 nan 0.000000
 1112 493 0 nan 0 nan 0.000000
 1113 494 0 nan 0 nan 0.000000
 1114 495 0 nan 0 nan 0.000000
 1120 496 0 nan 0 nan 0.000000
 1121 497 0 nan 0 nan 0.000000
 1122 498 0 nan 0 nan 0.000000
 1123 499 0 nan 0 nan 0.000000
 1129 500 0 nan 0 nan 0.000000
 1130 501 0 nan 0 nan 0.000000
 1131 502 0 nan 0 nan 0.000000
 1132 503 0 nan 0 nan 0.000000
 1138 504 0 nan 0 nan 0.000000
 1139 505 0 nan 0 nan 0.000000
 1140 506 0 nan 0 nan 0.000000
 1141 507 0 nan 0 nan 0.000000
 1147 508 0 nan 0 nan 0.000000
 1148 509 0 nan 0 nan 0.000000
 1149 510 0 nan 0 nan 0.000000
 1150 511 0 nan 0 nan 0.000000
 1156 512 0 nan 0 nan 0.000000
 1157 513 0 nan 0 nan 0.000000
 1158 514 0 nan 0 nan 0.000000
 1159 515 0 nan 0 nan 0.000000
 1165 516 0 nan 0 nan 0.000000
 1166 517 0 nan 0 nan 0.000000
 1167 518 0 nan 0 nan 0.000000
 1168 519 0 nan 0 nan 0.000000
 1174 520 0 nan 0 nan 0.000000
 1175 521 0 nan 0 nan 0.000000
 1176 522 0 nan 0 nan 0.000000
 1177 523 0 nan 0 nan 0.000000
 1183 524 0 nan 0 nan 0.000000
 1184 525 0 nan 0 nan 0.000000
 1185 526 0 nan 0 nan 0.000000
 1186 527 0 nan 0 nan 0.000000
 1192 528 0 nan 0 nan 0.000000
 1193 529 0 nan 0 nan 0.000000
 1194 530 0 nan 0 nan 0.000000
 1195 531 0 nan 0 nan 0.000000
 1201 532 0 nan 0 nan 0.000000
 1202 533 0 nan 0 nan 0.000000
 1203 534 0 nan 0 nan 0.000000
 1204 535 0 nan 0 nan 0.000000
 1210 536 0 nan 0 nan 0.000000
 1211 537 0 nan 0 nan 0.000000
 1212 538 0 nan 0 nan 0.000000
 1213 539 0 nan 0 nan 0.000000
 1219 540 0 nan 0 nan 0.000000
 1220 541 0 nan 0 nan 0.000000
 1221 542 0 nan 0 nan 0.000000
 1222 543 0 nan 0 nan 0.000000
 1228 544 0 nan 0 nan 0.000000
 1229 545 0 nan 0 nan 0.000000
 1230 546 0 nan 0 nan 0.000000
 1231 547 0 nan 0 nan 0.000000
 1237 548 0 nan 0 nan 0.000000
 1238 549 0 nan 0 nan 0.000000
 1239 550 0 nan 0 nan 0.000000
 1240 551 0 nan 0 nan 0.000000
 1246 552 0 nan 0 nan 0.000000
 1247 553 0 nan 0 nan 0.000000
 1248 554 0 nan 0 nan 0.000000
 1249 555 0 nan 0 nan 0.000000
 1255 556 0 nan 0 nan 0.000000
 1256 557 0 nan 0 nan 0.000000
 1257 558 0 nan 0 nan 0.000000
 1258 559 0 nan 0 nan 0.000000
 1264 560 0 nan 0 nan 0.000000
 1265 561 0 nan 0 nan 0.000000
 1266 562 0 nan 0 nan 0.000000
 1267 563 0 nan 0 nan 0.000000
 1273 564 0 nan 0 nan 0.000000
 1274 565 0 nan 0 nan 0.000000
 1275 566 0 nan 0 nan 0.000000
 1276 567 0 nan 0 nan 0.000000
 1282 568 0 nan 0 nan 0.000000
 1283 569 0 nan 0 nan 0.000000
 1284 570 0 nan 0 nan 0.000000
 1285 571 0 nan 0 nan 0.000000
 1291 572 0 nan 0 nan 0.000000
 1292 573 0 nan 0 nan 0.000000
 1293 574 0 nan 0 nan 0.000000
 1294 575 0 nan 0 nan 0.000000
 1300 576 0 nan 0 nan 0.000000
 1301 577 0 nan 0 nan 0.000000
 1302 578 0 nan 0 nan 0.000000
 1303 579 0 nan 0 nan 0.000000
 1309 580 0 nan 0 nan 0.000000
 1310 581 0 nan 0 nan 0.000000
 1311 582 0 nan 0 nan 0.000000
 1312 583 0 nan 0 nan 0.000000
 1318 584 0 nan 0 nan 0.000000
 1319 585 0 nan 0 nan 0.000000
 1320 586 0 nan 0 nan 0.000000
 1321 587 0 nan 0 nan 0.000000
 1327 588 0 nan 0 nan 0.000000
 1328 589 0 nan 0 nan 0.000000
 1329 590 0 nan 0 nan 0.000000
 1330 591 0 nan 0 nan 0.000000
 1336 592 0 nan 0 nan 0.000000
 1337 593 0 nan 0 nan 0.000000
 1338 594 0 nan 0 nan 0.000000
 1339 595 0 nan 0 nan 0.000000
 1345 596 0 nan 0 nan 0.000000
 1346 597 0 nan 0 nan 0.000000
 1347 598 0 nan 0 nan 0.000000
 1348 599 0 nan 0 nan 0.000000
 1354 600 0 nan 0 nan 0.000000
 1355 601 0 nan 0 nan 0.000000
 1356 602 0 nan 0 nan 0.000000
 1357 603 0 nan 0 nan 0.000000
 1363 604 0 nan 0 nan 0.000000
 1364 605 0 nan 0 nan 0.000000
 1365 606 0 nan 0 nan 0.000000
 1366 607 0 nan 0 nan 0.000000
 1372 608 0 nan 0 nan 0.000000
 1373 609 0 nan 0 nan 0.000000
 1374 610 0 nan 0 nan 0.000000
 1375 611 0 nan 0 nan 0.000000
 1381 612 0 nan 0 nan 0.000000
 1382 613 0 nan 0 nan 0.000000
 1383 614 0 nan 0 nan 0.000000
 1384 615 0 nan 0 nan 0.000000
 1390 616 0 nan 0 nan 0.000000
 1391 617 0 nan 0 nan 0.000000
 1392 618 0 nan 0 nan 0.000000
 1393 619 0 nan 0 nan 0.000000
 1399 620 0 nan 0 nan 0.000000
 1400 621 0 nan 0 nan 0.000000
 1401 622 0 nan 0 nan 0.000000
 1402 623 0 nan 0 nan 0.000000
 1408 624 0 nan 0 nan 0.000000
 1409 625 0 nan 0 nan 0.000000
 1410 626 0 nan 0 nan 0.000000
 1411 627 0 nan 0 nan 0.000000
 1417 628 0 nan 0 nan 0.000000
 1418 629 0 nan 0 nan 0.000000
 1419 630 0 nan 0 nan 0.000000
 1420 631 0 nan 0 nan 0.000000
 1426 632 0 nan 0 nan 0.000000
 1427 633 0 nan 0 nan 0.000000
 1428 634 0 nan 0 nan 0.000000
 1429 635 0 nan 0 nan 0.000000
 1435 636 0 nan 0 nan 0.000000
 1436 637 0 nan 0 nan 0.000000
 1437 638 0 nan 0 nan 0.000000
 1438 639 0 nan 0 nan 0.000000
 1444 640 0 nan 0 nan 0.000000
 1445 641 0 nan 0 nan 0.000000
 1446 642 0 nan 0 nan 0.000000
 1447 643 0 nan 0 nan 0.000000
 1453 644 0 nan 0 nan 0.000000
 1454 645 0 nan 0 nan 0.000000
 1455 646 0 nan 0 nan 0.000000
 1456 647 0 nan 0 nan 0.000000
 1462 648 0 nan 0 nan 0.000000
 1463 649 0 nan 0 nan 0.000000
 1464 650 0 nan 0 nan 0.000000
 1465 651 0 nan 0 nan 0.000000
 1471 652 0 nan 0 nan 0.000000
 1472 653 0 nan 0 nan 0.000000
 1473 654 0 nan 0 nan 0.000000
 1474 655 0 nan 0 nan 0.000000
 1480 656 0 nan 0 nan 0.000000
 1481 657 0 nan 0 nan 0.000000
 1482 658 0 nan 0 nan 0.000000
 1483 659 0 nan 0 nan 0.000000
 1489 660 0 nan 0 nan 0.000000
 1490 661 0 nan 0 nan 0.000000
 1491 662 0 nan 0 nan 0.000000
 1492 663 0 nan 0 nan 0.000000
 1498 664 0 nan 0 nan 0.000000
 1499 665 0 nan 0 nan 0.000000
 1500 666 0 nan 0 nan 0.000000
 1501 667 0 nan 0 nan 0.000000
 1507 668 0 nan 0 nan 0.000000
 1508 669 0 nan 0 nan 0.000000
 1509 670 0 nan 0 nan 0.000000
 1510 671 0 nan 0 nan 0.000000
 1516 672 0 nan 0 nan 0.000000
 1517 673 0 nan 0 nan 0.000000
 1518 674 0 nan 0 nan 0.000000
 1519 675 0 nan 0 nan 0.000000
 1525 676 0 nan 0 nan 0.000000
 1526 677 0 nan 0 nan 0.000000
 1527 678 0 nan 0 nan 0.000000
 1528 679 0 nan 0 nan 0.000000
 1534 680 0 nan 0 nan 0.000000
 1535 681 0 nan 0 nan 0.000000
 1536 682 0 nan 0 nan 0.000000
 1537 683 0 nan 0 nan 0.000000
 1543 684 0 nan 0 nan 0.000000
 1544 685 0 nan 0 nan 0.000000
 1545 686 0 nan 0 nan 0.000000
 1546 687 0 nan 0 nan 0.000000
 1552 688 0 nan 0 nan 0.000000
 1553 689 0 nan 0 nan 0.000000
 1554 690 0 nan 0 nan 0.000000
 1555 691 0 nan 0 nan 0.000000
 1561 692 0 nan 0 nan 0.000000
 1562 693 0 nan 0 nan 0.000000
 1563 694 0 nan 0 nan 0.000000
 1564 695 0 nan 0 nan 0.000000
 1570 696 0 nan 0 nan 0.000000
 1571 697 0 nan 0 nan 0.000000
 1572 698 0 nan 0 nan 0.000000
 1573 699 0 nan 0 nan 0.000000
 1579 700 0 nan 0 nan 0.000000
 1580 701 0 nan 0 nan 0.000000
 1581 702 0 nan 0 nan 0.000000
 1582 703 0 nan 0 nan 0.000000
 1588 704 0 nan 0 nan 0.000000
 1589 705 0 nan 0 nan 0.000000
 1590 706 0 nan 0 nan 0.000000
 1591 707 0 nan 0 nan 0.000000
 1597 708 0 nan 0 nan 0.000000
 1598 709 0 nan 0 nan 0.000000
 1599 710 0 nan 0 nan 0.000000
 1600 711 0 nan 0 nan 0.000000
 1606 712 0 nan 0 nan 0.000000
 1607 713 0 nan 0 nan 0.000000
 1608 714 0 nan 0 nan 0.000000
 1609 715 0 nan 0 nan 0.000000
 1615 716 0 nan 0 nan 0.000000
 1616 717 0 nan 0 nan 0.000000
 1617 718 0 nan 0 nan 0.000000
 1618 719 0 nan 0 nan 0.000000
 1624 720 0 nan 0 nan 0.000000
 1625 721 0 nan 0 nan 0.000000
 1626 722 0 nan 0 nan 0.000000
 1627 723 0 nan 0 nan 0.000000
 1633 724 0 nan 0 nan 0.000000
 1634 725 0 nan 0 nan 0.000000
 1635 726 0 nan 0 nan 0.000000
 1636 727 0 nan 0 nan 0.000000
 1642 728 0 nan 0 nan 0.000000
 1643 729 0 nan 0 nan 0.000000
 1644 730 0 nan 0 nan 0.000000
 1645 731 0 nan 0 nan 0.000000
 1651 732 0 nan 0 nan 0.000000
 1652 733 0 nan 0 nan 0.000000
 1653 734 0 nan 0 nan 0.000000
 1654 735 0 nan 0 nan 0.000000
 1660 736 0 nan 0 nan 0.000000
 1661 737 0 nan 0 nan 0.000000
 1662 738 0 nan 0 nan 0.000000
 1663 739 0 nan 0 nan 0.000000
 1669 740 0 nan 0 nan 0.000000
 1670 741 0 nan 0 nan 0.000000
 1671 742 0 nan 0 nan 0.000000
 1672 743 0 nan 0 nan 0.000000
 1678 744 0 nan 0 nan 0.000000
 1679 745 0 nan 0 nan 0.000000
 1680 746 0 nan 0 nan 0.000000
 1681 747 0 nan 0 nan 0.000000
 1687 748 0 nan 0 nan 0.000000
 1688 749 0 nan 0 nan 0.000000
 1689 750 0 nan 0 nan 0.000000
 1690 751 0 nan 0 nan 0.000000
 1696 752 0 nan 0 nan 0.000000
 1697 753 0 nan 0 nan 0.000000
 1698 754 0 nan 0 nan 0.000000
 1699 755 0 nan 0 nan 0.000000
 1705 756 0 nan 0 nan 0.000000
 1706 757 0 nan 0 nan 0.000000
 1707 758 0 nan 0 nan 0.000000
 1708 759 0 nan 0 nan 0.000000
 1714 760 0 nan 0 nan 0.000000
 1715 761 0 nan 0 nan 0.000000
 1716 762 0 nan 0 nan 0.000000
 1717 763 0 nan 0 nan 0.000000
 1723 764 0 nan 0 nan 0.000000
 1724 765 0 nan 0 nan 0.000000
 1725 766 0 nan 0 nan 0.000000
 1726 767 0 nan 0 nan 0.000000
 1732 768 0 nan 0 nan 0.000000
 1733 769 0 nan 0 nan 0.000000
 1734 770 0 nan 0 nan 0.000000
 1735 771 0 nan 0 nan 0.000000
 1741 772 0 nan 0 nan 0.000000
 1742 773 0 nan 0 nan 0.000000
 1743 774 0 nan 0 nan 0.000000
 1744 775 0 nan 0 nan 0.000000
 1750 776 0 nan 0 nan 0.000000
 1751 777 0 nan 0 nan 0.000000
 1752 778 0 nan 0 nan 0.000000
 1753 779 0 nan 0 nan 0.000000
 1759 780 0 nan 0 nan 0.000000
 1760 781 0 nan 0 nan 0.000000
 1761 782 0 nan 0 nan 0.000000
 1762 783 0 nan 0 nan 0.000000
 1768 784 0 nan 0 nan 0.000000
 1769 785 0 nan 0 nan 0.000000
 1770 786 0 nan 0 nan 0.000000
 1771 787 0 nan 0 nan 0.000000
 1777 788 0 nan 0 nan 0.000000
 1778 789 0 nan 0 nan 0.000000
 1779 790 0 nan 0 nan 0.000000
 1780 791 0 nan 0 nan 0.000000
 1786 792 0 nan 0 nan 0.000000
 1787 793 0 nan 0 nan 0.000000
 1788 794 0 nan 0 nan 0.000000
 1789 795 0 nan 0 nan 0.000000
 1795 796 0 nan 0 nan 0.000000
 1796 797 0 nan 0 nan 0.000000
 1797 798 0 nan 0 nan 0.000000
 1798 799 0 nan 0 nan 0.000000
 1804 800 0 nan 0 nan 0.000000
 1805 801 0 nan 0 nan 0.000000
 1806 802 0 nan 0 nan 0.000000
 1807 803 0 nan 0 nan 0.000000
 1813 804 0 nan 0 nan 0.000000
 1814 805 0 nan 0 nan 0.000000
 1815 806 0 nan 0 nan 0.000000
 1816 807 0 nan 0 nan 0.000000
 1822 808 0 nan 0 nan 0.000000
 1823 809 0 nan 0 nan 0.000000
 1824 810 0 nan 0 nan 0.000000
 1825 811 0 nan 0 nan 0.000000
 1831 812 0 nan 0 nan 0.000000
 1832 813 0 nan 0 nan 0.000000
 1833 814 0 nan 0 nan 0.000000
 1834 815 0 nan 0 nan 0.000000
 1840 816 0 nan 0 nan 0.000000
 1841 817 0 nan 0 nan 0.000000
 1842 818 0 nan 0 nan 0.000000
 1843 819 0 nan 0 nan 0.000000
 1849 820 0 nan 0 nan 0.000000
 1850 821 0 nan 0 nan 0.000000
 1851 822 0 nan 0 nan 0.000000
 1852 823 0 nan 0 nan 0.000000
 1858 824 0 nan 0 nan 0.000000
 1859 825 0 nan 0 nan 0.000000
 1860 826 0 nan 0 nan 0.000000
 1861 827 0 nan 0 nan 0.000000
 1867 828 0 nan 0 nan 0.000000
 1868 829 0 nan 0 nan 0.000000
 1869 830 0 nan 0 nan 0.000000
 1870 831 0 nan 0 nan 0.000000
 1876 832 0 nan 0 nan 0.000000
 1877 833 0 nan 0 nan 0.000000
 1878 834 0 nan 0 nan 0.000000
 1879 835 0 nan 0 nan 0.000000
 1885 836 0 nan 0 nan 0.000000
 1886 837 0 nan 0 nan 0.000000
 1887 838 0 nan 0 nan 0.000000
 1888 839 0 nan 0 nan 0.000000
 1894 840 0 nan 0 nan 0.000000
 1895 841 0 nan 0 nan 0.000000
 1896 842 0 nan 0 nan 0.000000
 1897 843 0 nan 0 nan 0.000000
 1903 844 0 nan 0 nan 0.000000
 1904 845 0 nan 0 nan 0.000000
 1905 846 0 nan 0 nan 0.000000
 1906 847 0 nan 0 nan 0.000000
 1912 848 0 nan 0 nan 0.000000
 1913 849 0 nan 0 nan 0.000000
 1914 850 0 nan 0 nan 0.000000
 1915 851 0 nan 0 nan 0.000000
 1921 852 0 nan 0 nan 0.000000
 1922 853 0 nan 0 nan 0.000000
 1923 854 0 nan 0 nan 0.000000
 1924 855 0 nan 0 nan 0.000000
 1930 856 0 nan 0 nan 0.000000
 1931 857 0 nan 0 nan 0.000000
 1932 858 0 nan 0 nan 0.000000
 1933 859 0 nan 0 nan 0.000000
 1939 860 0 nan 0 nan 0.000000
 1940 861 0 nan 0 nan 0.000000
 1941 862 0 nan 0 nan 0.000000
 1942 863 0 nan 0 nan 0.000000
 1948 864 0 nan 0 nan 0.000000
 1949 865 0 nan 0 nan 0.000000
 1950 866 0 nan 0 nan 0.000000
 1951 867 0 nan 0 nan 0.000000
 1957 868 0 nan 0 nan 0.000000
 1958 869 0 nan 0 nan 0.000000
 1959 870 0 nan 0 nan 0.000000
 1960 871 0 nan 0 nan 0.000000
 1966 872 0 nan 0 nan 0.000000
 1967 873 0 nan 0 nan 0.000000
 1968 874 0 nan 0 nan 0.000000
 1969 875 0 nan 0 nan 0.000000
 1975 876 0 nan 0 nan 0.000000
 1976 877 0 nan 0 nan 0.000000
 1977 878 0 nan 0 nan 0.000000
 1978 879 0 nan 0 nan 0.000000
 1984 880 0 nan 0 nan 0.000000
 1985 881 0 nan 0 nan 0.000000
 1986 882 0 nan 0 nan 0.000000
 1987 883 0 nan 0 nan 0.000000
 1993 884 0 nan 0 nan 0.000000
 1994 885 0 nan 0 nan 0.000000
 1995 886 0 nan 0 nan 0.000000
 1996 887 0 nan 0 nan 0.000000
 2002 888 0 nan 0 nan 0.000000
 2003 889 0 nan 0 nan 0.000000
 2004 890 0 nan 0 nan 0.000000
 2005 891 0 nan 0 nan 0.000000
 2011 892 0 nan 0 nan 0.000000
 2012 893 0 nan 0 nan 0.000000
 2013 894 0 nan 0 nan 0.000000
 2014 895 0 nan 0 nan 0.000000
 2020 896 0 nan 0 nan 0.000000
 2021 897 0 nan 0 nan 0.000000
 2022 898 0 nan 0 nan 0.000000
 2023 899 0 nan 0 nan 0.000000
 2029 900 0 nan 0 nan 0.000000
 2030 901 0 nan 0 nan 0.000000
 2031 902 0 nan 0 nan 0.000000
 2032 903 0 nan 0 nan 0.000000
 2038 904 0 nan 0 nan 0.000000
 2039 905 0 nan 0 nan 0.000000
 2040 906 0 nan 0 nan 0.000000
 2041 907 0 nan 0 nan 0.000000
 2047 908 0 nan 0 nan 0.000000
 2048 909 0 nan 0 nan 0.000000
 2049 910 0 nan 0 nan 0.000000
 2050 911 0 nan 0 nan 0.000000
 2056 912 0 nan 0 nan 0.000000
 2057 913 0 nan 0 nan 0.000000
 2058 914 0 nan 0 nan 0.000000
 2059 915 0 nan 0 nan 0.000000
 2065 916 0 nan 0 nan 0.000000
 2066 917 0 nan 0 nan 0.000000
 2067 918 0 nan 0 nan 0.000000
 2068 919 0 nan 0 nan 0.000000
 2074 920 0 nan 0 nan 0.000000
 2075 921 0 nan 0 nan 0.000000
 2076 922 0 nan 0 nan 0.000000
 2077 923 0 nan 0 nan 0.000000
 2083 924 0 nan 0 nan 0.000000
 2084 925 0 nan 0 nan 0.000000
 2085 926 0 nan 0 nan 0.000000
 2086 927 0 nan 0 nan 0.000000
 2092 928 0 nan 0 nan 0.000000
 2093 929 0 nan 0 nan 0.000000
 2094 930 0 nan 0 nan 0.000000
 2095 931 0 nan 0 nan 0.000000
 2101 932 0 nan 0 nan 0.000000
 2102 933 0 nan 0 nan 0.000000
 2103 934 0 nan 0 nan 0.000000
 2104 935 0 nan 0 nan 0.000000
 2110 936 0 nan 0 nan 0.000000
 2111 937 0 nan 0 nan 0.000000
 2112 938 0 nan 0 nan 0.000000
 2113 939 0 nan 0 nan 0.000000
 2119 940 0 nan 0 nan 0.000000
 2120 941 0 nan 0 nan 0.000000
 2121 942 0 nan 0 nan 0.000000
 2122 943 0 nan 0 nan 0.000000
 2128 944 0 nan 0 nan 0.000000
 2129 945 0 nan 0 nan 0.000000
 2130 946 0 nan 0 nan 0.000000
 2131 947 0 nan 0 nan 0.000000
 2137 948 0 nan 0 nan 0.000000
 2138 949 0 nan 0 nan 0.000000
 2139 950 0 nan 0 nan 0.000000
 2140 951 0 nan 0 nan 0.000000
 2146 952 0 nan 0 nan 0.000000
 2147 953 0 nan 0 nan 0.000000
 2148 954 0 nan 0 nan 0.000000
 2149 955 0 nan 0 nan 0.000000
 2155 956 0 nan 0 nan 0.000000
 2156 957 0 nan 0 nan 0.000000
 2157 958 0 nan 0 nan 0.000000
 2158 959 0 nan 0 nan 0.000000
 2164 960 0 nan 0 nan 0.000000
 2165 961 0 nan 0 nan 0.000000
 2166 962 0 nan 0 nan 0.000000
 2167 963 0 nan 0 nan 0.000000
 2173 964 0 nan 0 nan 0.000000
 2174 965 0 nan 0 nan 0.000000
 2175 966 0 nan 0 nan 0.000000
 2176 967 0 nan 0 nan 0.000000
 2182 968 0 nan 0 nan 0.000000
 2183 969 0 nan 0 nan 0.000000
 2184 970 0 nan 0 nan 0.000000
 2185 971 0 nan 0 nan 0.000000
 2191 972 0 nan 0 nan 0.000000
 2192 973 0 nan 0 nan 0.000000
 2193 974 0 nan 0 nan 0.000000
 2194 975 0 nan 0 nan 0.000000
 2200 976 0 nan 0 nan 0.000000
 2201 977 0 nan 0 nan 0.000000
 2202 978 0 nan 0 nan 0.000000
 2203 979 0 nan 0 nan 0.000000
 2209 980 0 nan 0 nan 0.000000
 2210 981 0 nan 0 nan 0.000000
 2211 982 0 nan 0 nan 0.000000
 2212 983 0 nan 0 nan 0.000000
 2218 984 0 nan 0 nan 0.000000
 2219 985 0 nan 0 nan 0.000000
 2220 986 0 nan 0 nan 0.000000
 2221 987 0 nan 0 nan 0.000000
 2227 988 0 nan 0 nan 0.000000
 2228 989 0 nan 0 nan 0.000000
 2229 990 0 nan 0 nan 0.000000
 2230 991 0 nan 0 nan 0.000000
 2236 992 0 nan 0 nan 0.000000
 2237 993 0 nan 0 nan 0.000000
 2238 994 0 nan 0 nan 0.000000
 2239 995 0 nan 0 nan 0.000000
 2245 996 0 nan 0 nan 0.000000
 2246 997 0 nan 0 nan 0.000000
 2247 998 0 nan 0 nan 0.000000
 2248 999 0 nan 0 nan 0.000000
 2254 1000 0 nan 0 nan 0.000000
 2255 1001 0 nan 0 nan 0.000000
 2256 1002 0 nan 0 nan 0.000000
 2257 1003 0 nan 0 nan 0.000000
 2263 1004 0 nan 0 nan 0.000000
 2264 1005 0 nan 0 nan 0.000000
 2265 1006 0 nan 0 nan 0.000000
 2266 1007 0 nan 0 nan 0.000000
 2272 1008 0 nan 0 nan 0.000000
 2273 1009 0 nan 0 nan 0.000000
 2274 1010 0 nan 0 nan 0.000000
 2275 1011 0 nan 0 nan 0.000000
 2281 1012 0 nan 0 nan 0.000000
 2282 1013 0 nan 0 nan 0.000000
 2283 1014 0 nan 0 nan 0.000000
 2284 1015 0 nan 0 nan 0.000000
 2290 1016 0 nan 0 nan 0.000000
 2291 1017 0 nan 0 nan 0.000000
 2292 1018 0 nan 0 nan 0.000000
 2293 1019 0 nan 0 nan 0.000000
 2299 1020 0 nan 0 nan 0.000000
 2300 1021 0 nan 0 nan 0.000000
 2301 1022 0 nan 0 nan 0.000000
 2302 1023 0 nan 0 nan 0.000000
 2308 1024 0 nan 0 nan 0.000000
 2309 1025 0 nan 0 nan 0.000000
 2310 1026 0 nan 0 nan 0.000000
 2311 1027 0 nan 0 nan 0.000000
 2317 1028 0 nan 0 nan 0.000000
 2318 1029 0 nan 0 nan 0.000000
 2319 1030 0 nan 0 nan 0.000000
 2320 1031 0 nan 0 nan 0.000000
 2326 1032 0 nan 0 nan 0.000000
 2327 1033 0 nan 0 nan 0.000000
 2328 1034 0 nan 0 nan 0.000000
 2329 1035 0 nan 0 nan 0.000000
 2335 1036 0 nan 0 nan 0.000000
 2336 1037 0 nan 0 nan 0.000000
 2337 1038 0 nan 0 nan 0.000000
 2338 1039 0 nan 0 nan 0.000000
 2344 1040 0 nan 0 nan 0.000000
 2345 1041 0 nan 0 nan 0.000000
 2346 1042 0 nan 0 nan 0.000000
 2347 1043 0 nan 0 nan 0.000000
 2353 1044 0 nan 0 nan 0.000000
 2354 1045 0 nan 0 nan 0.000000
 2355 1046 0 nan 0 nan 0.000000
 2356 1047 0 nan 0 nan 0.000000
 2362 1048 0 nan 0 nan 0.000000
 2363 1049 0 nan 0 nan 0.000000
 2364 1050 0 nan 0 nan 0.000000
 2365 1051 0 nan 0 nan 0.000000
 2371 1052 0 nan 0 nan 0.000000
 2372 1053 0 nan 0 nan 0.000000
 2373 1054 0 nan 0 nan 0.000000
 2374 1055 0 nan 0 nan 0.000000