# Format <LP ID> <Terminal ID> <Job ID> <Local Rank> <Total sends> <Total Recvs> <Bytes sent> <Bytes recvd> <Send time> <Comm. time> <Compute time> <Avg msg time> <Max Msg Time>
 0 0 0 0 478 478 379712 374336 7029875.465475 14742892.747533 816695890.000000 0.000000 0.000000
 1 1 0 1 832 832 502384 506272 55802602.421622 64454597.768443 767042391.000000 0.000000 0.000000
 2 2 0 2 566 566 503792 501008 66476925.687279 72643580.927560 758872619.000000 0.000000 0.000000
 3 3 0 3 840 840 510816 505344 285520737.390910 157131169.132740 674363699.000000 0.000000 0.000000
 9 4 0 4 464 464 506304 496032 34584376.527700 66785982.497638 764652252.000000 0.000000 0.000000
 10 5 0 5 386 386 376528 373792 10384128.057766 66319420.022723 765071214.000000 0.000000 0.000000
 11 6 0 6 654 654 509232 503040 200891488.650590 117439022.485573 714060173.000000 0.000000 0.000000
 12 7 0 7 790 790 629648 623648 117773873.756188 70374760.068919 761131215.000000 0.000000 0.000000
 18 8 0 8 1194 1194 641632 640528 29799904.256028 68307633.280576 763194045.000000 0.000000 0.000000
 19 9 0 9 1010 1010 628592 629120 13825801.693557 66534007.391621 764960474.000000 0.000000 0.000000
 20 10 0 10 956 956 630464 627536 5478932.799075 59727509.043473 771801106.000000 0.000000 0.000000
 21 11 0 11 528 528 502080 502656 115713780.793586 117955991.781806 713495802.000000 0.000000 0.000000
 27 12 0 12 1026 1026 507040 511216 178899347.240244 74330423.832262 758145711.000000 0.000000 0.000000
 28 13 0 13 1004 1004 633712 637312 215769236.074763 118594583.714187 712912094.000000 0.000000 0.000000
 29 14 0 14 1066 1066 637216 633856 9423712.894451 63719090.051681 767783111.000000 0.000000 0.000000
 30 15 0 15 1042 1042 635520 632544 188592535.064814 117064778.359878 714392356.000000 0.000000 0.000000
 36 16 0 16 978 978 631728 633312 6292527.546219 60839275.890288 770608169.000000 0.000000 0.000000
 37 17 0 17 628 628 509008 502912 240432898.600403 159135519.965405 672336136.000000 0.000000 0.000000
 38 18 0 18 756 756 510544 505744 84342171.263574 62913726.579194 768560535.000000 0.000000 0.000000
 39 19 0 19 1224 1224 637680 635664 256814571.449508 118049891.989139 713454762.000000 0.000000 0.000000
 45 20 0 20 1058 1058 637728 632304 86450705.546496 60240617.789452 771238388.000000 0.000000 0.000000
 46 21 0 21 708 708 633792 628800 334996208.540365 158612903.609405 672831064.000000 0.000000 0.000000
 47 22 0 22 1132 1132 633472 636928 61348198.179543 74171369.779226 757269167.000000 0.000000 0.000000
 48 23 0 23 740 740 503136 503376 10197622.366357 65320421.997375 766109427.000000 0.000000 0.000000
 54 24 0 24 664 664 502160 501872 54822944.234129 36421419.093594 795023928.000000 0.000000 0.000000
 55 25 0 25 674 674 633744 636432 102972172.633063 125600812.289597 705883225.000000 0.000000 0.000000
 56 26 0 26 1028 1028 634352 630848 155871622.667337 118002570.910336 713451020.000000 0.000000 0.000000
 57 27 0 27 1236 1236 639520 637600 14715013.820006 50435967.316621 780946680.000000 0.000000 0.000000
 63 28 0 28 878 878 636640 630160 170591301.965645 123456075.531482 707976179.000000 0.000000 0.000000
 64 29 0 29 690 690 509184 505872 330719834.496847 227453402.030431 603902049.000000 0.000000 0.000000
 65 30 0 30 646 646 382720 379504 44138380.315510 72035839.115330 759209355.000000 0.000000 0.000000
 66 31 0 31 768 768 502352 507968 301562617.545204 158661502.253632 672645071.000000 0.000000 0.000000
 72 32 0 32 670 670 502448 501248 81117265.736935 121650808.633690 709736060.000000 0.000000 0.000000
 73 33 0 33 794 794 508528 506320 444172225.802062 226839170.096460 604497546.000000 0.000000 0.000000
 74 34 0 34 676 676 505280 507824 55762285.850457 73986727.696030 757365393.000000 0.000000 0.000000
 75 35 0 35 516 516 376432 378304 125798723.433691 184822788.576090 647057523.000000 0.000000 0.000000
 81 36 0 36 650 650 506832 500784 498455415.485312 223590476.551900 607997547.000000 0.000000 0.000000
 82 37 0 37 1008 1008 624176 633488 103201403.904435 74995390.478829 756644398.000000 0.000000 0.000000
 83 38 0 38 886 886 634528 627184 487809526.804575 186367746.585224 646090548.000000 0.000000 0.000000
 84 39 0 39 726 726 627344 625760 421668021.191544 180391324.623696 651129057.000000 0.000000 0.000000
 90 40 0 40 1080 1080 633088 627424 135728993.156974 114453751.531177 717076821.000000 0.000000 0.000000
 91 41 0 41 804 804 508528 507328 388957741.836078 225566017.837702 605888360.000000 0.000000 0.000000
 92 42 0 42 996 996 631104 633792 395672597.434051 159163308.326509 673316533.000000 0.000000 0.000000
 93 43 0 43 1044 1044 757920 762576 329658557.881603 123889828.240242 707812452.000000 0.000000 0.000000
 99 44 0 44 1010 1010 763248 761664 31474981.771074 72669088.025286 758853698.000000 0.000000 0.000000
 100 45 0 45 1952 1952 772496 774320 498024717.954817 223620767.302028 608106236.000000 0.000000 0.000000
 101 46 0 46 998 998 754928 759008 254402367.853364 178995207.198471 652706295.000000 0.000000 0.000000
 102 47 0 47 1016 1016 634240 635488 220286927.922351 159911486.439284 672233209.000000 0.000000 0.000000
 108 48 0 48 858 858 633072 629184 61551189.899931 61281278.593350 771205243.000000 0.000000 0.000000
 109 49 0 49 1852 1852 770576 771728 799704812.718897 239381877.548220 593100174.000000 0.000000 0.000000
 110 50 0 50 1036 1036 756224 760544 469941113.339553 231489772.926804 600243037.000000 0.000000 0.000000
 111 51 0 51 1096 1096 759184 767632 459441626.932641 242193145.742983 589437937.000000 0.000000 0.000000
 117 52 0 52 1508 1508 764976 769008 298886813.943048 227348623.424632 604362413.000000 0.000000 0.000000
 118 53 0 53 704 704 623760 625344 485214151.787449 182458459.905793 649109675.000000 0.000000 0.000000
 119 54 0 54 708 708 631088 630992 11961366.153675 14043786.831073 818440668.000000 0.000000 0.000000
 120 55 0 55 1344 1344 765184 764800 33879314.508904 35110237.473498 796594149.000000 0.000000 0.000000
 126 56 0 56 1614 1614 762800 774128 308157137.999294 183043408.398101 648604208.000000 0.000000 0.000000
 127 57 0 57 1642 1642 774336 767760 609172209.128994 184379636.588094 647085551.000000 0.000000 0.000000
 128 58 0 58 1346 1346 758496 760512 368303376.437639 243330149.845120 588195262.000000 0.000000 0.000000
 129 59 0 59 1214 1214 640496 637136 124627852.670221 180049584.671792 651468909.000000 0.000000 0.000000
 135 60 0 60 926 926 635488 636784 502931561.367889 237123102.208733 594362798.000000 0.000000 0.000000
 136 61 0 61 954 954 760448 760688 490292781.222712 235598443.024605 595896548.000000 0.000000 0.000000
 137 62 0 62 1460 1460 760976 761840 587788926.047248 236732265.680447 594755941.000000 0.000000 0.000000
 138 63 0 63 1066 1066 761504 762656 458301984.718275 235642156.993139 595813770.000000 0.000000 0.000000
 144 64 0 64 1752 1752 771520 770080 518564105.634847 226047943.975267 605386612.000000 0.000000 0.000000
 145 65 0 65 1130 1130 629584 637984 342149484.452322 242947245.009317 588934979.000000 0.000000 0.000000
 146 66 0 66 718 718 503712 504912 361085831.020142 229869431.064954 601548077.000000 0.000000 0.000000
 147 67 0 67 670 670 625856 634496 395986816.508166 234286012.565236 597204964.000000 0.000000 0.000000
 153 68 0 68 1562 1562 647200 639568 19700175.256765 45074205.918797 786384479.000000 0.000000 0.000000
 154 69 0 69 780 780 627696 630960 338412159.275222 228512340.020795 602841595.000000 0.000000 0.000000
 155 70 0 70 884 884 632112 631392 294434678.322379 242188215.814279 589696219.000000 0.000000 0.000000
 156 71 0 71 704 704 503200 503872 247432728.153181 226808218.081166 605078384.000000 0.000000 0.000000
 162 72 0 72 848 848 512208 506160 268355472.563212 157254987.444493 674390039.000000 0.000000 0.000000
 163 73 0 73 1212 1212 630768 630672 11770847.617778 28420129.606951 804040071.000000 0.000000 0.000000
 164 74 0 74 1194 1194 637120 634864 355003345.866522 151835480.095045 680632112.000000 0.000000 0.000000
 165 75 0 75 682 682 631424 621872 142749498.853105 161850624.683030 670611911.000000 0.000000 0.000000
 171 76 0 76 944 944 628368 629616 22408194.246178 43151934.551837 788551505.000000 0.000000 0.000000
 172 77 0 77 602 602 504448 501568 379153934.324523 233886130.809267 598260518.000000 0.000000 0.000000
 173 78 0 78 942 942 634640 632528 58552940.198589 50254645.977863 781769533.000000 0.000000 0.000000
 174 79 0 79 968 968 758752 756064 902637192.138020 227550187.843605 604163049.000000 0.000000 0.000000
 180 80 0 80 1024 1024 757440 759024 83725744.701466 55753433.658863 776711502.000000 0.000000 0.000000
 181 81 0 81 1454 1454 762912 764400 195689259.471881 181606026.017259 650131936.000000 0.000000 0.000000
 182 82 0 82 1544 1544 769936 772144 450743965.617155 224705132.375367 607443728.000000 0.000000 0.000000
 183 83 0 83 1078 1078 633808 634048 652026230.925039 230478002.028179 601675330.000000 0.000000 0.000000
 189 84 0 84 1054 1054 632272 636880 406355742.930666 189508653.086287 642978458.000000 0.000000 0.000000
 190 85 0 85 1702 1702 763456 764992 422761013.645989 117278034.651082 714458894.000000 0.000000 0.000000
 191 86 0 86 1096 1096 769744 758848 387876979.861131 224200906.431525 607542806.000000 0.000000 0.000000
 192 87 0 87 1548 1548 765776 767888 909258481.656004 227304820.317244 604435671.000000 0.000000 0.000000
 198 88 0 88 1014 1014 752480 756128 190468206.303976 220395850.423521 611326093.000000 0.000000 0.000000
 199 89 0 89 1390 1390 643456 643168 309955244.585891 241100661.686846 591050605.000000 0.000000 0.000000
 200 90 0 90 1628 1628 639792 643248 189067848.675905 185557685.087479 646148561.000000 0.000000 0.000000
 201 91 0 91 1666 1666 772480 776464 578290864.095217 228035846.484223 603679498.000000 0.000000 0.000000
 207 92 0 92 1722 1722 764720 766832 158695120.464469 176609499.478357 655132148.000000 0.000000 0.000000
 208 93 0 93 1458 1458 764800 769120 189859538.503511 189576284.099368 642073414.000000 0.000000 0.000000
 209 94 0 94 1538 1538 762832 763408 562481879.868219 239417595.968019 592299966.000000 0.000000 0.000000
 210 95 0 95 740 740 628560 629424 358616644.299827 231930415.336541 599639680.000000 0.000000 0.000000
 216 96 0 96 992 992 636784 632080 476522961.914520 177581690.814609 653838124.000000 0.000000 0.000000
 217 97 0 97 1456 1456 759536 767456 163949174.497689 116888447.232041 714825174.000000 0.000000 0.000000
 218 98 0 98 1050 1050 757648 756352 5451551.989620 37372654.419137 794279802.000000 0.000000 0.000000
 219 99 0 99 1584 1584 773504 767936 23202734.379562 50006251.192904 781391453.000000 0.000000 0.000000
 225 100 0 100 1012 1012 752656 757504 105888763.005029 126785378.853130 704744694.000000 0.000000 0.000000
 226 101 0 101 1028 1028 637200 636000 70407920.844095 118636757.166660 712886368.000000 0.000000 0.000000
 227 102 0 102 822 822 504432 505200 96065622.397031 163848955.270224 667511375.000000 0.000000 0.000000
 228 103 0 103 724 724 630896 630752 293252204.963500 120373784.342555 711045200.000000 0.000000 0.000000
 234 104 0 104 1170 1170 635392 630928 379140179.729981 163921628.411157 667463315.000000 0.000000 0.000000
 235 105 0 105 1080 1080 627600 634848 58877515.098017 72557439.861359 758838194.000000 0.000000 0.000000
 236 106 0 106 1034 1034 628688 630656 280838842.726192 181367658.991704 650005248.000000 0.000000 0.000000
 237 107 0 107 736 736 504896 505472 63160884.394349 124690784.086086 707196409.000000 0.000000 0.000000
 243 108 0 108 748 748 505968 506112 289159234.477064 226762509.113116 605263629.000000 0.000000 0.000000
 244 109 0 109 1266 1266 640096 637120 469959379.396459 224153867.608521 607495798.000000 0.000000 0.000000
 245 110 0 110 882 882 626944 630880 85742943.449789 59723854.237331 772744375.000000 0.000000 0.000000
 246 111 0 111 884 884 630400 625072 459758891.691748 230428137.893793 601125781.000000 0.000000 0.000000
 252 112 0 112 1132 1132 637584 634800 202815280.285542 117532109.565282 713952281.000000 0.000000 0.000000
 253 113 0 113 496 496 503952 498384 29779707.222497 51958136.114883 779481022.000000 0.000000 0.000000
 254 114 0 114 668 668 625664 621584 341020795.576590 220995363.679109 611037454.000000 0.000000 0.000000
 255 115 0 115 1482 1482 762320 770384 369438937.583706 125767969.024706 706682779.000000 0.000000 0.000000
 261 116 0 116 1732 1732 776432 773456 322596467.803747 171431671.880227 661025762.000000 0.000000 0.000000
 262 117 0 117 2020 2020 764192 770144 290859963.565759 179494985.350601 652957976.000000 0.000000 0.000000
 263 118 0 118 1038 1038 756176 758672 61465942.880931 78466981.293774 753241457.000000 0.000000 0.000000
 264 119 0 119 854 854 633344 631952 404241471.134673 185684773.598350 646469194.000000 0.000000 0.000000
 270 120 0 120 1318 1318 641840 636224 494983743.348923 183531315.872504 648499433.000000 0.000000 0.000000
 271 121 0 121 1494 1494 762304 756544 461198786.656194 237825682.770680 593871454.000000 0.000000 0.000000
 272 122 0 122 1114 1114 760736 755984 629365744.114522 188067616.338007 644387748.000000 0.000000 0.000000
 273 123 0 123 1504 1504 760528 758992 162842929.715624 187049254.705835 644587222.000000 0.000000 0.000000
 279 124 0 124 1284 1284 761312 759584 11698873.944021 41686829.728144 790035750.000000 0.000000 0.000000
 280 125 0 125 962 962 636848 631280 22103395.082853 56264898.563998 775307858.000000 0.000000 0.000000
 281 126 0 126 772 772 632336 628784 749158247.526242 242440294.699957 589054438.000000 0.000000 0.000000
 282 127 0 127 1444 1444 766352 761504 264595287.193685 239935547.408506 591780388.000000 0.000000 0.000000
 288 128 0 128 1086 1086 754992 754464 342706679.307947 242191383.959147 589463426.000000 0.000000 0.000000
 289 129 0 129 1474 1474 763632 759936 1018471335.748123 239232037.244084 592297471.000000 0.000000 0.000000
 290 130 0 130 1666 1666 765712 766912 208558377.425377 231786931.256744 599745434.000000 0.000000 0.000000
 291 131 0 131 1270 1270 636032 633968 213099957.712439 229135208.104463 602390332.000000 0.000000 0.000000
 297 132 0 132 1168 1168 634896 636192 428949615.128664 228092034.234256 603346439.000000 0.000000 0.000000
 298 133 0 133 1854 1854 761120 771488 68492876.269909 54501957.075939 776995561.000000 0.000000 0.000000
 299 134 0 134 1530 1530 769872 767184 22342717.933039 43522075.063269 787986704.000000 0.000000 0.000000
 300 135 0 135 1688 1688 763888 770032 418202790.362427 180536260.117211 650966543.000000 0.000000 0.000000
 306 136 0 136 1006 1006 760800 759840 624806856.485650 234911286.784847 596597563.000000 0.000000 0.000000
 307 137 0 137 1182 1182 634784 635504 176924768.539350 225222668.967953 606212316.000000 0.000000 0.000000
 308 138 0 138 774 774 507168 509328 502590045.128594 238662998.976606 592713543.000000 0.000000 0.000000
 309 139 0 139 1064 1064 636640 635920 478426745.212186 231029277.380731 600411601.000000 0.000000 0.000000
 315 140 0 140 676 676 622560 624000 315953786.986258 229392067.981966 602050026.000000 0.000000 0.000000
 316 141 0 141 1082 1082 628464 633840 451225556.675022 241625288.059549 589812591.000000 0.000000 0.000000
 317 142 0 142 958 958 630512 629792 518338265.670521 235316871.590896 596116442.000000 0.000000 0.000000
 318 143 0 143 544 544 503920 504304 163272012.567927 241904652.456281 589481718.000000 0.000000 0.000000
 324 144 0 144 942 942 510096 503760 14001286.426983 47947290.828481 783548375.000000 0.000000 0.000000
 325 145 0 145 754 754 622736 619376 286085321.815432 239932743.565790 591829365.000000 0.000000 0.000000
 326 146 0 146 1178 1178 634096 629584 241471886.243995 227714786.777709 603890369.000000 0.000000 0.000000
 327 147 0 147 682 682 628752 626448 308410580.699004 238501583.122193 593112403.000000 0.000000 0.000000
 333 148 0 148 930 930 627856 633328 418662188.763737 235255900.344832 596289517.000000 0.000000 0.000000
 334 149 0 149 748 748 505344 501600 253714874.834325 227449230.340975 604039512.000000 0.000000 0.000000
 335 150 0 150 904 904 632336 626816 288469832.531291 239525816.476432 592507592.000000 0.000000 0.000000
 336 151 0 151 1574 1574 765968 773168 475928231.771728 240978015.343527 590793095.000000 0.000000 0.000000
 342 152 0 152 1064 1064 754272 764784 349195335.136367 239660604.935523 592797465.000000 0.000000 0.000000
 343 153 0 153 1022 1022 759280 756832 7823078.246545 54393827.829536 777229183.000000 0.000000 0.000000
 344 154 0 154 1392 1392 762240 769488 427685400.707512 237468877.755414 594149660.000000 0.000000 0.000000
 345 155 0 155 732 732 634656 634608 659177061.588254 229585290.150813 601962336.000000 0.000000 0.000000
 351 156 0 156 1096 1096 634208 637280 301107106.203534 239089957.276917 592446573.000000 0.000000 0.000000
 352 157 0 157 1082 1082 768768 762288 250975713.087241 238699913.773724 593069125.000000 0.000000 0.000000
 353 158 0 158 1540 1540 765264 764496 697602935.986248 236251619.217286 595390790.000000 0.000000 0.000000
 354 159 0 159 1070 1070 763200 758112 345062194.921765 244317309.222878 587318306.000000 0.000000 0.000000
 360 160 0 160 1070 1070 762960 761328 202758412.666919 232577329.791944 598975361.000000 0.000000 0.000000
 361 161 0 161 1002 1002 632368 633280 350770685.872137 234644672.556235 596894113.000000 0.000000 0.000000
 362 162 0 162 736 736 629648 627632 266934279.640492 226391703.847825 605129250.000000 0.000000 0.000000
 363 163 0 163 972 972 751936 758272 755821623.187930 234086305.618949 597453030.000000 0.000000 0.000000
 369 164 0 164 1762 1762 769920 774192 372609579.377550 240581237.759243 591059447.000000 0.000000 0.000000
 370 165 0 165 1684 1684 764032 766672 325577520.473147 233549163.095598 597993650.000000 0.000000 0.000000
 371 166 0 166 1410 1410 760896 762960 518830739.817505 239122115.112050 592421474.000000 0.000000 0.000000
 372 167 0 167 948 948 629584 631648 260571247.773665 236648745.422725 594846172.000000 0.000000 0.000000
 378 168 0 168 954 954 636928 635248 6510372.036761 28957247.979077 802504146.000000 0.000000 0.000000
 379 169 0 169 1270 1270 764064 762480 734116063.890621 223634734.111413 607848660.000000 0.000000 0.000000
 380 170 0 170 1506 1506 759744 761376 25158905.568707 44574392.945825 786953171.000000 0.000000 0.000000
 381 171 0 171 980 980 753952 755872 6446847.945038 38055961.996341 793469188.000000 0.000000 0.000000
 387 172 0 172 1702 1702 767456 772976 100770204.928544 121025473.039934 710474154.000000 0.000000 0.000000
 388 173 0 173 846 846 628224 633456 243486693.034220 236473844.954823 594977703.000000 0.000000 0.000000
 389 174 0 174 644 644 504432 504480 451539104.498859 239662628.691709 591771534.000000 0.000000 0.000000
 390 175 0 175 898 898 629008 630592 173199991.417732 77632550.160428 753831248.000000 0.000000 0.000000
 396 176 0 176 1394 1394 646064 640832 395840140.669695 182053586.208361 649868608.000000 0.000000 0.000000
 397 177 0 177 1448 1448 639376 642640 150580675.983549 179544216.575787 651926151.000000 0.000000 0.000000
 398 178 0 178 1090 1090 632064 636576 250132014.004586 184421599.045273 647025429.000000 0.000000 0.000000
 399 179 0 179 964 964 511216 509680 237640726.335430 227072559.167170 604859591.000000 0.000000 0.000000
 405 180 0 180 654 654 386480 380576 305288899.753317 235895109.386714 595556320.000000 0.000000 0.000000
 406 181 0 181 654 654 503696 504848 407951381.682209 183001029.432942 648476104.000000 0.000000 0.000000
 407 182 0 182 734 734 505232 506288 162117375.026985 188517285.539622 643060515.000000 0.000000 0.000000
 408 183 0 183 1032 1032 513760 510208 217662928.810676 161159469.797333 670314894.000000 0.000000 0.000000
 414 184 0 184 778 778 507072 502992 188617552.197186 231439470.739269 600051984.000000 0.000000 0.000000
 415 185 0 185 726 726 379568 380288 155481580.187637 161505586.740070 669876580.000000 0.000000 0.000000
 416 186 0 186 784 784 508000 504880 148044585.555943 182716376.654258 648781901.000000 0.000000 0.000000
 417 187 0 187 1380 1380 636608 637856 409022176.903325 233212429.689708 598559271.000000 0.000000 0.000000
 423 188 0 188 690 690 625216 626992 390561623.925085 162771243.771223 668844185.000000 0.000000 0.000000
 424 189 0 189 682 682 624640 625600 321843591.420833 231003164.276499 600620482.000000 0.000000 0.000000
 425 190 0 190 1206 1206 640240 635248 633605456.032192 228446594.345884 603103811.000000 0.000000 0.000000
 426 191 0 191 728 728 501328 505264 184168663.880396 229832068.846951 601626445.000000 0.000000 0.000000
 432 192 0 192 722 722 504384 505824 6421950.067284 40209804.156127 791313461.000000 0.000000 0.000000
 433 193 0 193 1064 1064 630992 636752 40133818.110113 74237389.013682 757304220.000000 0.000000 0.000000
 434 194 0 194 972 972 633456 631440 364902123.198430 227920367.095802 603722631.000000 0.000000 0.000000
 435 195 0 195 1156 1156 639328 635680 331926550.301560 228738457.613060 602806714.000000 0.000000 0.000000
 441 196 0 196 788 788 623344 629008 237346732.038511 237489156.630610 594057012.000000 0.000000 0.000000
 442 197 0 197 884 884 509120 511712 72071654.502338 121735663.106798 709675798.000000 0.000000 0.000000
 443 198 0 198 950 950 506496 506832 195254679.794614 164850296.017752 666599174.000000 0.000000 0.000000
 444 199 0 199 1086 1086 637728 640224 202186617.166400 161433508.131369 670052538.000000 0.000000 0.000000
 450 200 0 200 1188 1188 639888 638736 292331732.600115 120899311.747101 710630907.000000 0.000000 0.000000
 451 201 0 201 1102 1102 635808 634752 128074557.996031 120540717.027137 710987086.000000 0.000000 0.000000
 452 202 0 202 1612 1612 640704 639600 416014118.312859 226783150.165906 604719130.000000 0.000000 0.000000
 453 203 0 203 694 694 506704 504256 5889404.923119 119754467.788532 711680562.000000 0.000000 0.000000
 459 204 0 204 934 934 504896 508400 98786230.070570 124177356.918310 707237879.000000 0.000000 0.000000
 460 205 0 205 896 896 633104 633152 484431571.491914 187466128.703147 644000311.000000 0.000000 0.000000
 461 206 0 206 1174 1174 626864 633632 457715436.801922 183310441.634111 648613665.000000 0.000000 0.000000
 462 207 0 207 804 804 630752 631856 43743448.491951 77510115.007384 753962904.000000 0.000000 0.000000
 468 208 0 208 970 970 635776 635968 125675110.453349 117882621.328054 713569390.000000 0.000000 0.000000
 469 209 0 209 606 606 507216 505296 270522030.526523 232071874.963367 599862227.000000 0.000000 0.000000
 470 210 0 210 464 464 377376 377184 295780690.915438 162384253.181166 668963302.000000 0.000000 0.000000
 471 211 0 211 736 736 501488 503840 272717379.939254 186980449.944841 644945966.000000 0.000000 0.000000
 477 212 0 212 866 866 503504 507824 18379972.073430 48437870.349820 783490615.000000 0.000000 0.000000
 478 213 0 213 776 776 501200 504656 443150694.712215 237541813.733705 594386814.000000 0.000000 0.000000
 479 214 0 214 576 576 500176 504832 274117494.782639 235389883.667232 596546427.000000 0.000000 0.000000
 480 215 0 215 468 468 375408 379872 262566181.094006 227077844.715548 604858323.000000 0.000000 0.000000