# Format <LP id> <Terminal ID> <Total Data Size> <Aggregate packet latency> <# Flits/Packets finished> <Avg hops> <Busy Time>
 3 0 3061376 1407.096243 6904 3.178375 0.000000
 4 1 3039904 2714.340411 6748 3.546922 0.000000
 5 2 3039904 1796.989424 6748 3.715445 0.000000
 10 3 3039904 1926.088663 6748 3.715922 0.000000
 11 4 3061376 1500.947073 6904 3.701035 0.000000
 12 5 3039904 1859.996110 6748 3.280022 0.000000
 17 6 3039904 2231.457809 6748 3.147288 0.000000
 18 7 3039904 1604.147911 6748 3.537458 0.000000
 19 8 3061376 1404.219811 6904 4.244943 0.000000
 24 9 3007488 884.853543 6488 2.955042 0.000000
 25 10 3007488 1275.500392 6488 3.111500 0.000000
 26 11 3007488 906.475669 6488 3.109708 0.000000
 31 12 3007488 2381.984040 6488 3.827741 0.000000
 32 13 3007488 1394.015403 6488 3.109546 0.000000
 33 14 3039904 1311.926229 6748 3.128837 0.000000
 38 15 3007488 1047.989538 6488 3.667698 0.000000
 39 16 3039904 1289.713927 6748 3.543900 0.000000
 40 17 3007488 1184.708088 6488 4.242059 0.000000
 45 18 3007488 1100.578846 6488 4.257778 0.000000
 46 19 3039904 1802.441026 6748 4.780420 0.000000
 47 20 3039904 951.897472 6748 3.534834 0.000000
 52 21 3007488 951.013778 6488 3.526307 0.000000
 53 22 3039904 1057.679552 6748 4.287021 0.000000
 54 23 3039904 942.076207 6748 3.684746 0.000000
 59 24 3061376 1365.840713 6904 4.389603 0.000000
 60 25 3039904 1088.892913 6748 3.693733 0.000000
 61 26 3039904 1697.761204 6748 3.713138 0.000000
 66 27 3039904 1799.076492 6748 4.289486 0.000000
 67 28 3061376 1407.713759 6904 4.819351 0.000000
 68 29 3007488 1760.010828 6488 3.809497 0.000000
 73 30 3007488 867.225247 6488 3.640088 0.000000
 74 31 3007488 874.908155 6488 3.680730 0.000000
 75 32 3007488 1157.409568 6488 3.517918 0.000000
 80 33 3007488 1183.442284 6488 3.472145 0.000000
 81 34 3039904 1882.192731 6748 4.242962 0.000000
 82 35 3007488 1231.201340 6488 4.253299 0.000000
 87 36 3039904 2409.081721 6748 4.929617 0.000000
 88 37 3007488 1463.690315 6488 4.236358 0.000000
 89 38 3007488 855.492216 6488 3.684395 0.000000
 94 39 3039904 1502.989611 6748 4.271433 0.000000
 95 40 3039904 852.897602 6748 3.732861 0.000000
 96 41 3007488 1028.608501 6488 3.852908 0.000000
 101 42 3039904 1079.759030 6748 3.677509 0.000000
 102 43 3039904 1178.454049 6748 3.729680 0.000000
 103 44 3061376 1178.121887 6904 4.135565 0.000000
 108 45 3007488 1563.629499 6488 4.075501 0.000000
 109 46 3007488 998.484980 6488 3.692458 0.000000
 110 47 3007488 1045.562271 6488 3.657680 0.000000
 115 48 3007488 1918.288252 6488 3.846962 0.000000
 116 49 3007488 1290.050338 6488 3.679182 0.000000
 117 50 3039904 2152.145337 6748 4.273580 0.000000
 122 51 3007488 1712.134245 6488 3.680078 0.000000
 123 52 3039904 2093.629661 6748 4.234532 0.000000
 124 53 3007488 1397.653104 6488 4.942743 0.000000
 129 54 3007488 1265.301391 6488 4.258430 0.000000
 130 55 3039904 1359.687085 6748 4.835056 0.000000
 131 56 3039904 1545.097583 6748 3.567997 0.000000
 136 57 3007488 1193.955755 6488 3.529239 0.000000
 137 58 3039904 2096.664778 6748 4.295133 0.000000
 138 59 3039904 1311.192146 6748 3.725624 0.000000
 143 60 3061376 1063.487469 6904 4.449192 0.000000
 144 61 2963712 1147.416150 6072 3.602082 0.000000
 145 62 2963712 1164.885702 6072 3.019130 0.000000
 150 63 2963712 878.160230 6072 3.613425 0.000000
 151 64 2963712 748.521086 6072 3.019384 0.000000
 152 65 2963712 925.288707 6072 3.786017 0.000000
 157 66 2963712 1052.423828 6072 3.608346 0.000000
 158 67 2963712 1035.591305 6072 3.613255 0.000000
 159 68 2963712 1119.430487 6072 3.442272 0.000000
 164 69 2963712 1062.064281 6072 3.449467 0.000000
 165 70 3007488 1455.011676 6488 4.838736 0.000000
 166 71 2963712 1027.970900 6072 4.199678 0.000000
 171 72 3007488 1510.497887 6488 4.408943 0.000000
 172 73 2963712 1011.475105 6072 4.201964 0.000000
 173 74 3007488 1966.519938 6488 4.262258 0.000000
 178 75 2963712 1426.962171 6072 3.617064 0.000000
 179 76 3007488 2557.347368 6488 3.679264 0.000000
 180 77 2963712 995.833792 6072 3.777129 0.000000
 185 78 2963712 1007.724791 6072 3.015321 0.000000
 186 79 3007488 1163.195710 6488 3.681056 0.000000
 187 80 3007488 1153.725085 6488 2.951621 0.000000
 192 81 2963712 1083.995212 6072 3.439479 0.000000
 193 82 2963712 750.249581 6072 3.009650 0.000000
 194 83 3007488 1008.625396 6488 3.688712 0.000000
 199 84 3007488 1089.957343 6488 3.840935 0.000000
 200 85 2963712 775.337337 6072 3.018029 0.000000
 201 86 3007488 1077.792716 6488 3.689119 0.000000
 206 87 3007488 1090.050871 6488 3.696205 0.000000
 207 88 3039904 1057.290473 6748 4.281533 0.000000
 208 89 2963712 1098.784124 6072 3.774166 0.000000
 213 90 3007488 1253.829922 6488 4.833035 0.000000
 214 91 3007488 1092.604947 6488 4.820981 0.000000
 215 92 3039904 1094.821157 6748 4.126054 0.000000
 220 93 2963712 1011.862318 6072 3.440918 0.000000
 221 94 2963712 953.262174 6072 3.016337 0.000000
 222 95 2963712 1009.470244 6072 3.607584 0.000000
 227 96 2963712 868.709401 6072 3.178771 0.000000
 228 97 3007488 937.651142 6488 3.684313 0.000000
 229 98 3007488 816.470126 6488 3.111907 0.000000
 234 99 3007488 954.106199 6488 3.681300 0.000000
 235 100 3007488 1237.678077 6488 3.113699 0.000000
 236 101 2963712 1016.043362 6072 3.183088 0.000000
 241 102 3007488 1354.742148 6488 3.682766 0.000000
 242 103 2963712 875.432405 6072 3.018114 0.000000
 243 104 3007488 1129.486010 6488 4.089754 0.000000
 248 105 3007488 879.488921 6488 2.951539 0.000000
 249 106 3039904 1017.492403 6748 4.281136 0.000000
 250 107 3007488 1032.734900 6488 3.686350 0.000000
 255 108 3039904 1379.104088 6748 4.820741 0.000000
 256 109 2963712 1011.577955 6072 3.612832 0.000000
 257 110 2963712 937.463298 6072 3.016590 0.000000
 262 111 3007488 1129.257758 6488 3.687571 0.000000
 263 112 3007488 745.479124 6488 3.107591 0.000000
 264 113 3007488 920.801095 6488 3.681300 0.000000
 269 114 3007488 903.277957 6488 3.097491 0.000000
 270 115 3039904 1567.504540 6748 3.702720 0.000000
 271 116 3039904 1086.408106 6748 2.997216 0.000000
 276 117 2963712 934.357888 6072 2.852463 0.000000
 277 118 3007488 1589.711663 6488 3.690015 0.000000
 278 119 3007488 1190.343191 6488 3.115165 0.000000
 283 120 3039904 923.971065 6748 3.892397 0.000000
 284 121 3007488 1132.328849 6488 3.105473 0.000000
 285 122 3039904 794.995708 6748 3.155559 0.000000
 290 123 3039904 1178.260779 6748 3.157706 0.000000
 291 124 3061376 1000.687045 6904 3.730359 0.000000
 292 125 0 nan 0 nan 0.000000
 297 126 0 nan 0 nan 0.000000
 298 127 0 nan 0 nan 0.000000
 299 128 0 nan 0 nan 0.000000
 304 129 0 nan 0 nan 0.000000
 305 130 0 nan 0 nan 0.000000
 306 131 0 nan 0 nan 0.000000
 311 132 0 nan 0 nan 0.000000
 312 133 0 nan 0 nan 0.000000
 313 134 0 nan 0 nan 0.000000
 318 135 0 nan 0 nan 0.000000
 319 136 0 nan 0 nan 0.000000
 320 137 0 nan 0 nan 0.000000
 325 138 0 nan 0 nan 0.000000
 326 139 0 nan 0 nan 0.000000
 327 140 0 nan 0 nan 0.000000
 332 141 0 nan 0 nan 0.000000
 333 142 0 nan 0 nan 0.000000
 334 143 0 nan 0 nan 0.000000
 339 144 0 nan 0 nan 0.000000
 340 145 0 nan 0 nan 0.000000
 341 146 0 nan 0 nan 0.000000
 346 147 0 nan 0 nan 0.000000
 347 148 0 nan 0 nan 0.000000
 348 149 0 nan 0 nan 0.000000
 353 150 0 nan 0 nan 0.000000
 354 151 0 nan 0 nan 0.000000
 355 152 0 nan 0 nan 0.000000
 360 153 0 nan 0 nan 0.000000
 361 154 0 nan 0 nan 0.000000
 362 155 0 nan 0 nan 0.000000
 367 156 0 nan 0 nan 0.000000
 368 157 0 nan 0 nan 0.000000
 369 158 0 nan 0 nan 0.000000
 374 159 0 nan 0 nan 0.000000
 375 160 0 nan 0 nan 0.000000
 376 161 0 nan 0 nan 0.000000
 381 162 0 nan 0 nan 0.000000
 382 163 0 nan 0 nan 0.000000
 383 164 0 nan 0 nan 0.000000
 388 165 0 nan 0 nan 0.000000
 389 166 0 nan 0 nan 0.000000
 390 167 0 nan 0 nan 0.000000
 395 168 0 nan 0 nan 0.000000
 396 169 0 nan 0 nan 0.000000
 397 170 0 nan 0 nan 0.000000
 402 171 0 nan 0 nan 0.000000
 403 172 0 nan 0 nan 0.000000
 404 173 0 nan 0 nan 0.000000
 409 174 0 nan 0 nan 0.000000
 410 175 0 nan 0 nan 0.000000
 411 176 0 nan 0 nan 0.000000
 416 177 0 nan 0 nan 0.000000
 417 178 0 nan 0 nan 0.000000
 418 179 0 nan 0 nan 0.000000
 423 180 0 nan 0 nan 0.000000
 424 181 0 nan 0 nan 0.000000
 425 182 0 nan 0 nan 0.000000
 430 183 0 nan 0 nan 0.000000
 431 184 0 nan 0 nan 0.000000
 432 185 0 nan 0 nan 0.000000
 437 186 0 nan 0 nan 0.000000
 438 187 0 nan 0 nan 0.000000
 439 188 0 nan 0 nan 0.000000
 444 189 0 nan 0 nan 0.000000
 445 190 0 nan 0 nan 0.000000
 446 191 0 nan 0 nan 0.000000
 451 192 0 nan 0 nan 0.000000
 452 193 0 nan 0 nan 0.000000
 453 194 0 nan 0 nan 0.000000
 458 195 0 nan 0 nan 0.000000
 459 196 0 nan 0 nan 0.000000
 460 197 0 nan 0 nan 0.000000
 465 198 0 nan 0 nan 0.000000
 466 199 0 nan 0 nan 0.000000
 467 200 0 nan 0 nan 0.000000
 472 201 0 nan 0 nan 0.000000
 473 202 0 nan 0 nan 0.000000
 474 203 0 nan 0 nan 0.000000
 479 204 0 nan 0 nan 0.000000
 480 205 0 nan 0 nan 0.000000
 481 206 0 nan 0 nan 0.000000
 486 207 0 nan 0 nan 0.000000
 487 208 0 nan 0 nan 0.000000
 488 209 0 nan 0 nan 0.000000
 493 210 0 nan 0 nan 0.000000
 494 211 0 nan 0 nan 0.000000
 495 212 0 nan 0 nan 0.000000
 500 213 0 nan 0 nan 0.000000
 501 214 0 nan 0 nan 0.000000
 502 215 0 nan 0 nan 0.000000
 507 216 0 nan 0 nan 0.000000
 508 217 0 nan 0 nan 0.000000
 509 218 0 nan 0 nan 0.000000
 514 219 0 nan 0 nan 0.000000
 515 220 0 nan 0 nan 0.000000
 516 221 0 nan 0 nan 0.000000
 521 222 0 nan 0 nan 0.000000
 522 223 0 nan 0 nan 0.000000
 523 224 0 nan 0 nan 0.000000
 528 225 0 nan 0 nan 0.000000
 529 226 0 nan 0 nan 0.000000
 530 227 0 nan 0 nan 0.000000
 535 228 0 nan 0 nan 0.000000
 536 229 0 nan 0 nan 0.000000
 537 230 0 nan 0 nan 0.000000
 542 231 0 nan 0 nan 0.000000
 543 232 0 nan 0 nan 0.000000
 544 233 0 nan 0 nan 0.000000
 549 234 0 nan 0 nan 0.000000
 550 235 0 nan 0 nan 0.000000
 551 236 0 nan 0 nan 0.000000
 556 237 0 nan 0 nan 0.000000
 557 238 0 nan 0 nan 0.000000
 558 239 0 nan 0 nan 0.000000
 563 240 0 nan 0 nan 0.000000
 564 241 0 nan 0 nan 0.000000
 565 242 0 nan 0 nan 0.000000
 570 243 0 nan 0 nan 0.000000
 571 244 0 nan 0 nan 0.000000
 572 245 0 nan 0 nan 0.000000
 577 246 0 nan 0 nan 0.000000
 578 247 0 nan 0 nan 0.000000
 579 248 0 nan 0 nan 0.000000
 584 249 0 nan 0 nan 0.000000
 585 250 0 nan 0 nan 0.000000
 586 251 0 nan 0 nan 0.000000
 591 252 0 nan 0 nan 0.000000
 592 253 0 nan 0 nan 0.000000
 593 254 0 nan 0 nan 0.000000
 598 255 0 nan 0 nan 0.000000
 599 256 0 nan 0 nan 0.000000
 600 257 0 nan 0 nan 0.000000
 605 258 0 nan 0 nan 0.000000
 606 259 0 nan 0 nan 0.000000
 607 260 0 nan 0 nan 0.000000
 612 261 0 nan 0 nan 0.000000
 613 262 0 nan 0 nan 0.000000
 614 263 0 nan 0 nan 0.000000
 619 264 0 nan 0 nan 0.000000
 620 265 0 nan 0 nan 0.000000
 621 266 0 nan 0 nan 0.000000
 626 267 0 nan 0 nan 0.000000
 627 268 0 nan 0 nan 0.000000
 628 269 0 nan 0 nan 0.000000
 633 270 0 nan 0 nan 0.000000
 634 271 0 nan 0 nan 0.000000
 635 272 0 nan 0 nan 0.000000
 640 273 0 nan 0 nan 0.000000
 641 274 0 nan 0 nan 0.000000
 642 275 0 nan 0 nan 0.000000
 647 276 0 nan 0 nan 0.000000
 648 277 0 nan 0 nan 0.000000
 649 278 0 nan 0 nan 0.000000
 654 279 0 nan 0 nan 0.000000
 655 280 0 nan 0 nan 0.000000
 656 281 0 nan 0 nan 0.000000
 661 282 0 nan 0 nan 0.000000
 662 283 0 nan 0 nan 0.000000
 663 284 0 nan 0 nan 0.000000
 668 285 0 nan 0 nan 0.000000
 669 286 0 nan 0 nan 0.000000
 670 287 0 nan 0 nan 0.000000
 675 288 0 nan 0 nan 0.000000
 676 289 0 nan 0 nan 0.000000
 677 290 0 nan 0 nan 0.000000
 682 291 0 nan 0 nan 0.000000
 683 292 0 nan 0 nan 0.000000
 684 293 0 nan 0 nan 0.000000
 689 294 0 nan 0 nan 0.000000
 690 295 0 nan 0 nan 0.000000
 691 296 0 nan 0 nan 0.000000
 696 297 0 nan 0 nan 0.000000
 697 298 0 nan 0 nan 0.000000
 698 299 0 nan 0 nan 0.000000
 703 300 0 nan 0 nan 0.000000
 704 301 0 nan 0 nan 0.000000
 705 302 0 nan 0 nan 0.000000
 710 303 0 nan 0 nan 0.000000
 711 304 0 nan 0 nan 0.000000
 712 305 0 nan 0 nan 0.000000
 717 306 0 nan 0 nan 0.000000
 718 307 0 nan 0 nan 0.000000
 719 308 0 nan 0 nan 0.000000
 724 309 0 nan 0 nan 0.000000
 725 310 0 nan 0 nan 0.000000
 726 311 0 nan 0 nan 0.000000
 731 312 0 nan 0 nan 0.000000
 732 313 0 nan 0 nan 0.000000
 733 314 0 nan 0 nan 0.000000
 738 315 0 nan 0 nan 0.000000
 739 316 0 nan 0 nan 0.000000
 740 317 0 nan 0 nan 0.000000
 745 318 0 nan 0 nan 0.000000
 746 319 0 nan 0 nan 0.000000
 747 320 0 nan 0 nan 0.000000
 752 321 0 nan 0 nan 0.000000
 753 322 0 nan 0 nan 0.000000
 754 323 0 nan 0 nan 0.000000
 759 324 0 nan 0 nan 0.000000
 760 325 0 nan 0 nan 0.000000
 761 326 0 nan 0 nan 0.000000
 766 327 0 nan 0 nan 0.000000
 767 328 0 nan 0 nan 0.000000
 768 329 0 nan 0 nan 0.000000
 773 330 0 nan 0 nan 0.000000
 774 331 0 nan 0 nan 0.000000
 775 332 0 nan 0 nan 0.000000
 780 333 0 nan 0 nan 0.000000
 781 334 0 nan 0 nan 0.000000
 782 335 0 nan 0 nan 0.000000
 787 336 0 nan 0 nan 0.000000
 788 337 0 nan 0 nan 0.000000
 789 338 0 nan 0 nan 0.000000
 794 339 0 nan 0 nan 0.000000
 795 340 0 nan 0 nan 0.000000
 796 341 0 nan 0 nan 0.000000