# Format <LP ID> <Group ID> <Router ID> <Link traffic per router port(s)># Router ports in the order: 6 local channels, 3 global channels
 6 0 0 0 3065744 2185392 2466528 1444864 1918336 1424328 2583576 1355248
 13 0 1 3092040 0 2358784 1954576 3174200 1593296 2691328 1349160 1369896
 20 0 2 2216840 2392648 0 2084312 1651352 3033960 2953912 1373528 1411976
 27 0 3 2448880 1957000 2109760 0 2927720 2087176 2742080 1381328 1333368
 34 0 4 1453608 3160576 1679016 2898520 0 3206088 2780272 1387680 1381648
 41 0 5 1903608 1565928 3008928 2100888 3196576 0 2703576 1376192 1384088
 48 1 0 0 2840608 2352768 2623104 1956272 2519536 2733856 2880080 1836688
 55 1 1 2868136 0 2710048 1872400 1621624 1826920 1797112 1804624 1754536
 62 1 2 2312000 2713312 0 3168816 2396760 2657488 3223616 1821808 1823000
 69 1 3 2610736 1849992 3147872 0 3109320 2209472 3213296 1805696 1816808
 76 1 4 2037248 1593440 2393704 3065944 0 2986952 2922864 1807240 1849904
 83 1 5 2546912 1775208 2681424 2164736 3022840 0 3322344 1835368 1791952
 90 2 0 0 4048928 2387912 2438616 2028056 2606200 2987792 2833376 1821240
 97 2 1 4068624 0 3233584 1935160 2121184 1912352 3203248 1786976 1839944
 104 2 2 2392320 3202856 0 1737824 1680392 1881432 1818672 1837352 1790472
 111 2 3 2406976 1954264 1697304 0 3516400 2584632 3204056 1809432 1818760
 118 2 4 2083320 2129712 1705672 3498368 0 3621840 3042360 1800584 1790616
 125 2 5 2611952 1885024 1890840 2601928 3646352 0 2979552 1806048 1794584
 132 3 0 0 3602024 2220352 1661232 1947280 2596408 2726768 2629112 1643008
 139 3 1 3537632 0 3033392 1544240 2017800 1883704 3248040 1668568 1660416
 146 3 2 2217072 3034232 0 2905792 2257472 2617664 3203360 1706696 1682968
 153 3 3 1701904 1529040 2873176 0 3357888 2132088 1661800 1670800 1711360
 160 3 4 1936328 1993736 2293816 3383808 0 2049096 2840176 1674632 1682408
 167 3 5 2568152 1857312 2623368 2161496 2058728 0 2946248 1679816 1668672
 174 4 0 0 3946264 2071008 2214792 2167776 2363976 2785744 2611472 1494016
 181 4 1 3918920 0 2763792 2159816 1411896 2105312 2924488 1540192 1563680
 188 4 2 2051040 2784080 0 2518176 2248536 2298008 3048792 1488848 1501592
 195 4 3 2245232 2205768 2522048 0 2314800 2238304 2853216 1465136 1480880
 202 4 4 2155584 1402008 2234152 2317728 0 3028192 1520456 1514640 1547728
 209 4 5 2397872 2131408 2268344 2239880 3024824 0 2696752 1493168 1493352
 216 5 0 0 2599600 2255088 2328240 2140920 1968640 2657224 2383112 1514672
 223 5 1 2543664 0 3651328 2479232 1818512 1436400 3307688 1524920 1539888
 230 5 2 2242280 3618472 0 2957464 2096192 1857416 2999952 1523664 1500488
 237 5 3 2322744 2473088 2959184 0 2651408 2341536 2958792 1488472 1495728
 244 5 4 2134672 1828056 2119184 2653672 0 2505216 2702920 1492528 1509080
 251 5 5 1957840 1451904 1826104 2342672 2497856 0 1527064 1494664 1557288
 258 6 0 0 3501496 2205232 2223664 2006824 1492544 2593952 1306320 1217800
 265 6 1 3526728 0 3640744 2034912 1701272 1158336 2876944 1240128 1256968
 272 6 2 2152832 3696264 0 1474952 1992688 1932360 2863888 1215304 1274792
 279 6 3 2216624 2026840 1492376 0 3513488 1774688 2660136 1271248 1265816
 286 6 4 2008032 1673704 2000456 3506264 0 2827664 2604680 1271760 1240392
 293 6 5 1511856 1124624 1916752 1805824 2816752 0 2435224 1276112 1229224
 300 7 0 0 700536 452640 563376 176840 560072 1361512 1265024 0
 307 7 1 700872 0 424208 247072 396872 35600 1796816 0 0
 314 7 2 464296 421272 0 260176 289392 351840 1825288 0 0
 321 7 3 553400 256056 285088 0 328960 245064 1677576 0 0
 328 7 4 192648 388728 294136 361448 0 303232 1492544 0 0
 335 7 5 579496 30224 369216 245504 300480 0 1495808 0 0
 342 8 0 0 693720 436016 576104 189952 562488 1398984 1273184 0
 349 8 1 717816 0 408344 260184 402096 33368 1809248 0 0
 356 8 2 476112 433680 0 290944 273400 363216 1769912 0 0
 363 8 3 583504 251296 275120 0 340928 255848 1698640 0 0
 370 8 4 197408 396592 289600 323712 0 281536 1520776 0 0
 377 8 5 566776 33960 360832 247696 314400 0 1496456 0 0
 384 9 0 0 722872 464352 570808 199664 555832 1373832 1267352 0
 391 9 1 722832 0 416376 240712 393128 32648 1819040 0 0
 398 9 2 462432 419904 0 277640 284224 365232 1779640 0 0
 405 9 3 581096 258352 265592 0 325912 239848 1659312 0 0
 412 9 4 186392 385208 279192 328360 0 285984 1513392 0 0
 419 9 5 549384 32704 354128 241792 310464 0 1479544 0 0
 426 10 0 0 722168 470832 572688 204328 557320 1402728 1218912 0
 433 10 1 709648 0 433232 247968 386592 29800 1833880 0 0
 440 10 2 452248 432272 0 270280 284496 361288 1811280 0 0
 447 10 3 586848 241048 271912 0 320752 254072 1663328 0 0
 454 10 4 203312 404128 266424 332392 0 308384 1508072 0 0
 461 10 5 537480 34264 368880 240000 311904 0 1510864 0 0
 468 11 0 0 715176 473552 560880 197424 570376 1376184 1276584 0
 475 11 1 729168 0 429456 245256 398608 32880 1814808 0 0
 482 11 2 454712 426632 0 277520 292632 354552 1810400 0 0
 489 11 3 569800 248904 271176 0 332480 257456 1654760 0 0
 496 11 4 194952 389256 289144 321832 0 297984 1515384 0 0
 503 11 5 569240 34840 347072 249272 294240 0 1513248 0 0
 510 12 0 0 699432 449976 558048 188352 552560 1352320 1287792 0
 517 12 1 712776 0 421352 253136 415832 33592 1799608 0 0
 524 12 2 459840 439696 0 282128 273192 366384 1771128 0 0
 531 12 3 565600 238936 269776 0 316296 252400 1662880 0 0
 538 12 4 203696 389664 264424 333672 0 302560 1501448 0 0
 545 12 5 573520 31880 365600 235896 307776 0 1507496 0 0
 552 13 0 0 708872 481224 557728 191680 557184 1346016 1268000 0
 559 13 1 677848 0 401376 245792 398456 31064 1837832 0 0
 566 13 2 480616 429752 0 280392 283328 365856 1831384 0 0
 573 13 3 558048 257168 284032 0 318848 242320 1686576 0 0
 580 13 4 204648 407504 286256 349336 0 315936 1503160 0 0
 587 13 5 562680 34536 378496 253328 310848 0 1512360 0 0
 594 14 0 0 747064 453368 581600 201272 556344 1389872 1240960 0
 601 14 1 710488 0 429304 243688 404848 34672 1818488 0 0
 608 14 2 456320 414848 0 271144 283224 364936 1831888 0 0
 615 14 3 564744 237880 295440 0 331088 253816 1678456 0 0
 622 14 4 192224 388400 287112 334592 0 299264 1516592 0 0
 629 14 5 559936 30296 366664 247432 296160 0 1509032 0 0
 636 15 0 0 703600 468848 556088 192144 550640 1381888 1279136 0
 643 15 1 720104 0 422912 246672 398392 28728 1801112 0 0
 650 15 2 466520 418456 0 274080 294712 364992 1796928 0 0
 657 15 3 578968 250320 280808 0 346000 255264 1638352 0 0
 664 15 4 188400 392032 281392 314800 0 304256 1521424 0 0
 671 15 5 579168 36704 342968 246712 290176 0 1503880 0 0
 678 16 0 0 704568 450736 567312 209512 559248 1364224 1271544 0
 685 16 1 722016 0 452440 257304 382664 35480 1792112 0 0
 692 16 2 457912 404384 0 281632 282704 363984 1820016 0 0
 699 16 3 566256 244184 268560 0 345200 258208 1698288 0 0
 706 16 4 195480 408200 293728 334416 0 315904 1522768 0 0
 713 16 5 563440 30776 354552 257624 302688 0 1532824 0 0
 720 17 0 0 711352 442832 578744 200416 553728 1367520 1271080 0
 727 17 1 718576 0 421608 237912 383424 30432 1817920 0 0
 734 17 2 440344 419560 0 273968 285048 375664 1799472 0 0
 741 17 3 562440 253808 275008 0 334568 242848 1671280 0 0
 748 17 4 199784 397064 289808 310984 0 295712 1493504 0 0
 755 17 5 591216 36136 370216 269672 290048 0 1498384 0 0
 762 18 0 0 739360 487632 562824 210472 596864 1382768 1260392 0
 769 18 1 707224 0 411616 252032 395816 30424 1848192 0 0
 776 18 2 482008 423248 0 277272 285872 350272 1824208 0 0
 783 18 3 558008 249024 278424 0 321304 255040 1683824 0 0
 790 18 4 197424 404336 284432 332312 0 301952 1521816 0 0
 797 18 5 565000 32224 362104 259384 308352 0 1534552 0 0