# Format <LP ID> <Terminal ID> <Job ID> <Local Rank> <Total sends> <Total Recvs> <Bytes sent> <Bytes recvd> <Send time> <Comm. time> <Compute time> <Avg msg time> <Max Msg Time>
 0 0 0 0 1144 1144 3045248 3045248 6147530.666072 5743288.822079 383962889.000000 0.000000 0.000000
 1 1 0 1 988 988 3023776 3023776 7558791.461082 7199070.059260 382380607.000000 0.000000 0.000000
 2 2 0 2 988 988 3023776 3023776 8538664.899965 8121513.641648 381269925.000000 0.000000 0.000000
 7 3 0 3 988 988 3023776 3023776 7826880.386910 7446502.850706 381829335.000000 0.000000 0.000000
 8 4 0 4 1144 1144 3045248 3045248 6699618.968060 6278596.574805 383167059.000000 0.000000 0.000000
 9 5 0 5 988 988 3023776 3023776 7714403.298081 7354297.512470 382247972.000000 0.000000 0.000000
 14 6 0 6 988 988 3023776 3023776 11987040.523073 11607484.072479 377845954.000000 0.000000 0.000000
 15 7 0 7 988 988 3023776 3023776 11750036.208510 11365631.800982 378018053.000000 0.000000 0.000000
 16 8 0 8 1144 1144 3045248 3045248 11830446.679212 11388176.127822 378139753.000000 0.000000 0.000000
 21 9 0 9 728 728 2991360 2991360 13691166.162683 13327964.468360 376057814.000000 0.000000 0.000000
 22 10 0 10 728 728 2991360 2991360 12943764.031467 12612974.888364 376514317.000000 0.000000 0.000000
 23 11 0 11 728 728 2991360 2991360 12521236.917520 12195019.066690 376860207.000000 0.000000 0.000000
 28 12 0 12 728 728 2991360 2991360 17749600.528794 17432073.336912 370933258.000000 0.000000 0.000000
 29 13 0 13 728 728 2991360 2991360 18050282.391405 17729203.459020 370860303.000000 0.000000 0.000000
 30 14 0 14 988 988 3023776 3023776 16941353.897758 16560745.128454 372436133.000000 0.000000 0.000000
 35 15 0 15 728 728 2991360 2991360 18218322.860104 17854679.867575 370288401.000000 0.000000 0.000000
 36 16 0 16 988 988 3023776 3023776 17535168.738502 17145261.446028 371677383.000000 0.000000 0.000000
 37 17 0 17 728 728 2991360 2991360 18120730.291287 17772669.552087 370712504.000000 0.000000 0.000000
 42 18 0 18 728 728 2991360 2991360 15744957.173322 15387692.405916 373024553.000000 0.000000 0.000000
 43 19 0 19 988 988 3023776 3023776 14310764.394548 13869551.278798 375408609.000000 0.000000 0.000000
 44 20 0 20 988 988 3023776 3023776 14558030.025978 14150542.398604 374900473.000000 0.000000 0.000000
 49 21 0 21 728 728 2991360 2991360 15358069.931139 15067319.583604 373198744.000000 0.000000 0.000000
 50 22 0 22 988 988 3023776 3023776 14810650.066431 14385830.289324 374531248.000000 0.000000 0.000000
 51 23 0 23 988 988 3023776 3023776 13291814.695275 12873924.265833 376077337.000000 0.000000 0.000000
 56 24 0 24 1144 1144 3045248 3045248 6949112.039880 6517998.912745 382718491.000000 0.000000 0.000000
 57 25 0 25 988 988 3023776 3023776 9637128.532772 9254947.373433 380164922.000000 0.000000 0.000000
 58 26 0 26 988 988 3023776 3023776 9509644.178383 9135605.946085 380061998.000000 0.000000 0.000000
 63 27 0 27 988 988 3023776 3023776 8963550.669089 8544805.778399 380647253.000000 0.000000 0.000000
 64 28 0 28 1144 1144 3045248 3045248 8592506.554579 8103856.865097 381347900.000000 0.000000 0.000000
 65 29 0 29 728 728 2991360 2991360 10145845.169104 9812802.365976 379517852.000000 0.000000 0.000000
 70 30 0 30 728 728 2991360 2991360 15292734.858725 14959600.791400 373904263.000000 0.000000 0.000000
 71 31 0 31 728 728 2991360 2991360 14420005.503897 14053202.581257 374765031.000000 0.000000 0.000000
 72 32 0 32 728 728 2991360 2991360 14658425.678640 14382375.213935 374153068.000000 0.000000 0.000000
 77 33 0 33 728 728 2991360 2991360 15251566.090917 14948636.193787 373882073.000000 0.000000 0.000000
 78 34 0 34 988 988 3023776 3023776 14580755.633415 14163536.754568 375064048.000000 0.000000 0.000000
 79 35 0 35 728 728 2991360 2991360 15086721.125430 14729032.669617 373793773.000000 0.000000 0.000000
 84 36 0 36 988 988 3023776 3023776 12183816.738380 11767438.875031 377317896.000000 0.000000 0.000000
 85 37 0 37 728 728 2991360 2991360 13163089.782476 12833429.860624 375978176.000000 0.000000 0.000000
 86 38 0 38 728 728 2991360 2991360 13666313.065695 13352551.285609 375409094.000000 0.000000 0.000000
 91 39 0 39 988 988 3023776 3023776 12860691.047966 12398204.542089 376968204.000000 0.000000 0.000000
 92 40 0 40 988 988 3023776 3023776 12906847.277591 12475284.516749 376693516.000000 0.000000 0.000000
 93 41 0 41 728 728 2991360 2991360 13329152.269865 13008921.508633 375603419.000000 0.000000 0.000000
 98 42 0 42 988 988 3023776 3023776 12753730.366919 12341017.132767 376718046.000000 0.000000 0.000000
 99 43 0 43 988 988 3023776 3023776 12391488.775154 11955816.705924 377070818.000000 0.000000 0.000000
 100 44 0 44 1144 1144 3045248 3045248 12455433.900140 11985596.360996 377110197.000000 0.000000 0.000000
 105 45 0 45 728 728 2991360 2991360 12653496.933423 12328720.743495 376934926.000000 0.000000 0.000000
 106 46 0 46 728 728 2991360 2991360 13894289.397577 13535293.107254 375422487.000000 0.000000 0.000000
 107 47 0 47 728 728 2991360 2991360 12264276.219650 11944905.248611 376906371.000000 0.000000 0.000000
 112 48 0 48 728 728 2991360 2991360 19128211.981597 18821190.085309 370148418.000000 0.000000 0.000000
 113 49 0 49 728 728 2991360 2991360 20093637.560703 19733896.087581 369395735.000000 0.000000 0.000000
 114 50 0 50 988 988 3023776 3023776 19052874.640637 18613316.051921 370705880.000000 0.000000 0.000000
 119 51 0 51 728 728 2991360 2991360 20050537.300893 19705069.139094 369403696.000000 0.000000 0.000000
 120 52 0 52 988 988 3023776 3023776 18959265.336372 18530711.645783 370735690.000000 0.000000 0.000000
 121 53 0 53 728 728 2991360 2991360 19341843.013294 19006696.232005 370018592.000000 0.000000 0.000000
 126 54 0 54 728 728 2991360 2991360 22264262.250463 21892122.713046 366948245.000000 0.000000 0.000000
 127 55 0 55 988 988 3023776 3023776 22215361.410754 21772648.713955 367616309.000000 0.000000 0.000000
 128 56 0 56 988 988 3023776 3023776 21601960.262657 21201054.635314 368113047.000000 0.000000 0.000000
 133 57 0 57 728 728 2991360 2991360 23013168.019268 22650296.042872 366419756.000000 0.000000 0.000000
 134 58 0 58 988 988 3023776 3023776 22104332.463780 21651627.492706 367516338.000000 0.000000 0.000000
 135 59 0 59 988 988 3023776 3023776 21621106.996147 21178702.975480 368170281.000000 0.000000 0.000000
 140 60 0 60 1144 1144 3045248 3045248 39532595.711577 38989986.353554 349974524.000000 0.000000 0.000000
 141 61 0 61 312 312 2947584 2947584 45243743.328008 45062822.443136 343743028.000000 0.000000 0.000000
 142 62 0 62 312 312 2947584 2947584 53279740.353328 53145552.852792 335330588.000000 0.000000 0.000000
 147 63 0 63 312 312 2947584 2947584 52102573.930065 51953707.492596 336460363.000000 0.000000 0.000000
 148 64 0 64 312 312 2947584 2947584 58516822.323198 58345503.897689 329610458.000000 0.000000 0.000000
 149 65 0 65 312 312 2947584 2947584 52238925.425148 52089969.748607 336196783.000000 0.000000 0.000000
 154 66 0 66 312 312 2947584 2947584 60540948.235016 60406412.373956 327590736.000000 0.000000 0.000000
 155 67 0 67 312 312 2947584 2947584 59432582.492562 59258710.792993 329167238.000000 0.000000 0.000000
 156 68 0 68 312 312 2947584 2947584 42016054.169008 41901378.780382 345743283.000000 0.000000 0.000000
 161 69 0 69 312 312 2947584 2947584 48274618.166013 48107328.778086 340265133.000000 0.000000 0.000000
 162 70 0 70 728 728 2991360 2991360 41406194.129784 41014205.442325 347676516.000000 0.000000 0.000000
 163 71 0 71 312 312 2947584 2947584 55209014.149943 55038778.061856 333010016.000000 0.000000 0.000000
 168 72 0 72 728 728 2991360 2991360 33325991.508443 32987966.340400 355894615.000000 0.000000 0.000000
 169 73 0 73 312 312 2947584 2947584 58600207.983697 58405772.931866 329970787.000000 0.000000 0.000000
 170 74 0 74 728 728 2991360 2991360 33070620.037366 32711246.652595 356130199.000000 0.000000 0.000000
 175 75 0 75 312 312 2947584 2947584 63806017.799453 63622936.889689 324608774.000000 0.000000 0.000000
 176 76 0 76 728 728 2991360 2991360 33427918.265659 33079158.491605 355665984.000000 0.000000 0.000000
 177 77 0 77 312 312 2947584 2947584 45655757.346350 45499581.760857 343262303.000000 0.000000 0.000000
 182 78 0 78 312 312 2947584 2947584 55017661.714680 54898534.817096 332934548.000000 0.000000 0.000000
 183 79 0 79 728 728 2991360 2991360 35828701.169977 35473674.075930 353418218.000000 0.000000 0.000000
 184 80 0 80 728 728 2991360 2991360 35007865.351271 34735323.862642 353814460.000000 0.000000 0.000000
 189 81 0 81 312 312 2947584 2947584 63303248.266639 63140373.508061 325384937.000000 0.000000 0.000000
 190 82 0 82 312 312 2947584 2947584 59304786.842809 59188537.418480 328576938.000000 0.000000 0.000000
 191 83 0 83 728 728 2991360 2991360 35158442.351669 34817998.298797 353759878.000000 0.000000 0.000000
 196 84 0 84 728 728 2991360 2991360 33027083.661500 32716475.094597 355662210.000000 0.000000 0.000000
 197 85 0 85 312 312 2947584 2947584 50541173.173750 50414115.216118 337556315.000000 0.000000 0.000000
 198 86 0 86 728 728 2991360 2991360 33465283.773106 33174600.442766 355627067.000000 0.000000 0.000000
 203 87 0 87 728 728 2991360 2991360 32923289.340628 32637861.754978 356048111.000000 0.000000 0.000000
 204 88 0 88 988 988 3023776 3023776 32959896.627360 32532703.609802 356454433.000000 0.000000 0.000000
 205 89 0 89 312 312 2947584 2947584 65343265.832164 65180312.884857 322599375.000000 0.000000 0.000000
 210 90 0 90 728 728 2991360 2991360 37736189.341433 37346755.045216 351147528.000000 0.000000 0.000000
 211 91 0 91 728 728 2991360 2991360 37456536.388996 37111548.329560 351123853.000000 0.000000 0.000000
 212 92 0 92 988 988 3023776 3023776 37302808.336771 36904542.225217 351712009.000000 0.000000 0.000000
 217 93 0 93 312 312 2947584 2947584 49273433.784465 49121547.517346 339296242.000000 0.000000 0.000000
 218 94 0 94 312 312 2947584 2947584 61899452.414905 61780599.451920 326319554.000000 0.000000 0.000000
 219 95 0 95 312 312 2947584 2947584 60559851.296122 60422396.766282 327794156.000000 0.000000 0.000000
 224 96 0 96 312 312 2947584 2947584 55401515.468276 55277867.331059 332380542.000000 0.000000 0.000000
 225 97 0 97 728 728 2991360 2991360 26691571.055775 26365578.613587 362502428.000000 0.000000 0.000000
 226 98 0 98 728 728 2991360 2991360 26045050.486079 25776469.111338 362766045.000000 0.000000 0.000000
 231 99 0 99 728 728 2991360 2991360 26062841.447136 25747597.895873 362791673.000000 0.000000 0.000000
 232 100 0 100 728 728 2991360 2991360 26327477.820426 26061563.436750 362258516.000000 0.000000 0.000000
 233 101 0 101 312 312 2947584 2947584 44286570.020693 44156890.077678 343910022.000000 0.000000 0.000000
 238 102 0 102 728 728 2991360 2991360 25449843.762681 25131797.565894 363557894.000000 0.000000 0.000000
 239 103 0 103 312 312 2947584 2947584 69832964.554184 69689682.289140 317850392.000000 0.000000 0.000000
 240 104 0 104 728 728 2991360 2991360 26817088.230053 26438540.826228 362118758.000000 0.000000 0.000000
 245 105 0 105 728 728 2991360 2991360 25939527.310238 25659866.272712 363043429.000000 0.000000 0.000000
 246 106 0 106 988 988 3023776 3023776 25119194.216928 24709611.027964 364232127.000000 0.000000 0.000000
 247 107 0 107 728 728 2991360 2991360 25265394.581012 24930631.175656 363313507.000000 0.000000 0.000000
 252 108 0 108 988 988 3023776 3023776 27993939.574428 27569044.204164 360973825.000000 0.000000 0.000000
 253 109 0 109 312 312 2947584 2947584 48700775.294872 48557370.464797 339672616.000000 0.000000 0.000000
 254 110 0 110 312 312 2947584 2947584 57752007.182645 57634717.316110 329595847.000000 0.000000 0.000000
 259 111 0 111 728 728 2991360 2991360 28794184.570951 28465760.534029 360024215.000000 0.000000 0.000000
 260 112 0 112 728 728 2991360 2991360 28713568.358129 28418215.183628 360017435.000000 0.000000 0.000000
 261 113 0 113 728 728 2991360 2991360 28844132.331596 28552764.219424 359970441.000000 0.000000 0.000000
 266 114 0 114 728 728 2991360 2991360 25856523.196850 25562715.663503 362785775.000000 0.000000 0.000000
 267 115 0 115 988 988 3023776 3023776 25548724.420787 25182470.461898 363634042.000000 0.000000 0.000000
 268 116 0 116 988 988 3023776 3023776 25133031.784909 24755495.973133 363823731.000000 0.000000 0.000000
 273 117 0 117 312 312 2947584 2947584 57442042.401435 57310176.833851 329965505.000000 0.000000 0.000000
 274 118 0 118 728 728 2991360 2991360 25544927.774623 25247653.046542 363412959.000000 0.000000 0.000000
 275 119 0 119 728 728 2991360 2991360 24987293.949164 24713295.838342 363579381.000000 0.000000 0.000000
 280 120 0 120 988 988 3023776 3023776 48146195.459029 47719457.888376 338294951.000000 0.000000 0.000000
 281 121 0 121 728 728 2991360 2991360 48667682.814427 48400708.736415 337140270.000000 0.000000 0.000000
 282 122 0 122 988 988 3023776 3023776 47494188.399078 47094504.393606 338766155.000000 0.000000 0.000000
 287 123 0 123 988 988 3023776 3023776 48433568.354890 48044902.691562 337854945.000000 0.000000 0.000000
 288 124 0 124 1144 1144 3045248 3045248 47707997.816618 47275022.438180 338806842.000000 0.000000 0.000000