# Format <LP ID> <Group ID> <Router ID> <Link traffic per router port(s)># Router ports in the order: 10 local channels, 5 global channels
 10 0 0 0 4090928 940128 373152 1292968 526176 854888 1457360 1336304 729832 668808 776656 682880 680960 652920
 21 0 1 4145896 0 4566504 2210800 1496384 797296 1092264 1219464 1544256 2973760 5822312 1175176 519816 525696 507216
 32 0 2 1136600 4456160 0 3364096 1792104 1042296 1709776 1389400 1387984 1294064 4032848 1338176 576144 583240 579928
 43 0 3 618568 2161088 3422992 0 4665024 1911224 1854216 1219768 783576 942880 4710872 1341640 585296 592936 576392
 54 0 4 1609576 1459392 1885984 4636352 0 2975120 1414336 770032 923480 999944 4502392 1304528 589320 574928 567520
 65 0 5 656032 772832 1017112 1852928 2973552 0 4559872 2387160 777184 878592 2874680 1342168 630800 613456 624528
 76 0 6 1115928 1092640 1690624 1886408 1469904 4564288 0 4463448 851320 949752 3454616 1336616 579136 598808 605368
 87 0 7 1632000 1241576 1297976 1190248 774824 2308120 4545784 0 1190480 1609256 3411232 1397424 608840 620232 596648
 98 0 8 1602024 1464088 1318024 783696 932312 772952 850056 1166896 0 4692712 2205288 1441808 677736 654480 680784
 109 0 9 819544 2954000 1224184 953272 978112 888072 929152 1576552 4715512 0 1807992 1289224 668360 654160 668296
 120 1 0 0 3242784 2034984 1450320 2252856 1674152 1440880 1887632 2326544 1641424 5639864 1974232 595920 605984 599144
 131 1 1 3010808 0 3848360 1354176 431888 469032 447552 643872 907928 1304832 746456 808472 721920 737792 719296
 142 1 2 2106512 4041904 0 4117984 867688 627272 1111640 2279976 1449480 3020808 6650368 1289984 555080 571336 578384
 153 1 3 1377408 1602896 4230304 0 3431360 747592 729472 855136 1157536 1556824 3743880 1443896 697152 710800 671496
 164 1 4 2115880 692880 881072 3407832 0 4099032 1341152 1343808 1332296 1055800 1454880 1418424 740944 740552 742376
 175 1 5 1586480 611928 607568 731136 4181072 0 2827768 2115088 2094736 1521080 1302800 3915592 644040 672840 663624
 186 1 6 1357136 619216 1085448 730088 1344176 2712200 0 3425344 826752 2828344 1418976 2304400 681280 706984 710144
 197 1 7 1891736 858480 2283528 873184 1339920 2097832 3451920 0 2964512 2078336 2972688 1483584 663368 681544 660360
 208 1 8 2279272 1103600 1419792 1201432 1387536 2030848 818016 2926312 0 3140392 2246704 1482560 717768 687496 693568
 219 1 9 1649456 1687672 2752256 1643248 1039608 1615528 2797968 2166632 3103232 0 5165856 1247784 618688 611584 624080
 230 2 0 0 4700840 1422680 1995320 1406552 1611736 1087224 1087456 906560 2056960 3990232 1946504 649216 665920 664656
 241 2 1 4880456 0 4149200 2010536 2183936 1413144 2290560 2086728 1730184 1147008 6559432 4181536 478792 480976 503816
 252 2 2 1114080 3938176 0 3642448 1090600 1321856 437568 1071792 1255392 847368 691392 1979752 687168 678024 718424
 263 2 3 1850056 1977640 3612712 0 1254360 1533216 2223376 1664248 1419336 2605200 5567768 1335248 585736 571016 605920
 274 2 4 1419648 2122704 1086192 1176616 0 3884528 1191600 1559592 961312 957040 1460232 1462672 709928 726016 734032
 285 2 5 1587520 1308968 1551568 1448720 3878056 0 3909792 1181312 764992 761800 1412648 1368376 738176 738120 712072
 296 2 6 1115936 2258984 647832 2153672 1215128 3872248 0 2897184 953616 893680 1354296 2325328 685904 703296 690624
 307 2 7 1080600 1970808 1401632 1643704 1605288 1213120 2934248 0 4352320 1594400 1438000 4056648 613904 662272 657616
 318 2 8 919296 1627392 1400896 1352528 969584 772216 976088 4466232 0 3885440 1405416 3128440 670368 698888 673424
 329 2 9 2060552 1116760 1127072 2435808 949536 778848 924120 1573632 3853256 0 1475608 1328384 723072 718856 731208
 340 3 0 0 4652768 3873784 1739864 1428712 941248 863824 1308040 2059040 1656664 4708320 1171152 545792 557000 554000
 351 3 1 4547816 0 3039952 1191960 699464 1328896 1214672 756008 1134072 1487112 3813944 1251480 595592 577952 588872
 362 3 2 4123504 3253200 0 4279880 1492560 1006280 1563544 1147680 1463976 678568 5403904 3084744 462088 475224 464856
 373 3 3 1392576 986880 4078848 0 3147408 1124528 1185632 1409184 1327176 845000 560936 3098728 587328 588288 587552
 384 3 4 1387208 696840 1398536 3147144 0 2881512 1649472 1586904 834184 1973640 1358952 2140872 628368 631056 638272
 395 3 5 947968 1242960 954160 1305616 2908680 0 3392144 1090728 1686624 1495424 1332640 1268776 647696 660368 675784
 406 3 6 857048 1162560 1526312 1310560 1652288 3437040 0 2327096 788584 1913768 1368240 1341544 656224 624096 653384
 417 3 7 1236072 737768 1156176 1414848 1577472 1095440 2332112 0 3802792 1851928 1396584 1455768 651560 674192 654664
 428 3 8 2056480 1135112 1555960 1517408 867672 1683760 788064 3814424 0 4614448 1367520 3106720 595208 590232 602448
 439 3 9 1571976 1452968 662216 1118240 1954520 1580352 1927864 1945296 4694616 0 1363176 4661184 575616 551816 575120
 450 4 0 0 3855416 928800 853256 746024 1958904 2882128 1323536 2101744 1436032 4481392 1594568 634192 614088 602904
 461 4 1 3886128 0 3917448 707736 580224 1226688 702648 1963904 1232648 1328072 1443464 1393632 707392 701320 710296
 472 4 2 910808 3947888 0 3970288 673160 1635328 1257912 1673968 1844048 1060960 1374736 3132824 659072 658368 636672
 483 4 3 858736 711936 3988608 0 2628528 1321288 1110752 914256 1204656 1711992 1368432 1935072 708368 668192 715912
 494 4 4 477992 379256 521672 2595544 0 3537360 1153688 600856 1004608 1095256 694936 773448 715040 715864 712192
 505 4 5 1965432 1305400 1771864 1389768 3708160 0 3641736 1487424 1802192 3421416 6915016 1151552 523016 523024 523592
 516 4 6 2755440 695216 1189896 1164656 1561096 3716112 0 3600552 1805960 1093072 3334720 1347104 657792 656392 655688
 527 4 7 1373416 1993992 1691024 940704 802712 1488120 3625496 0 1954728 2896448 3823424 1443032 609792 623392 632136
 538 4 8 2142048 1320512 1755664 1222048 1109576 1792928 1883280 1958064 0 4083416 4721256 1322416 607296 594888 597376
 549 4 9 1315088 1323408 1018584 1772616 1446464 3259784 1156488 3008256 4110376 0 4289776 1213784 586368 609920 620800
 560 5 0 0 3567168 2062344 1865600 3044096 958688 692936 903464 806272 2558640 2855968 2687880 589576 614208 606272
 571 5 1 3521152 0 3567832 1575040 2108672 1212360 1993224 1133248 1260528 1613312 1305216 4390720 576832 572224 588552
 582 5 2 2009856 3546648 0 3136208 980160 670272 1797336 1283296 780800 852320 1413528 1425016 680192 677056 670208
 593 5 3 1856760 1562976 3143912 0 4580104 1113968 1509304 756144 742112 942896 1316008 3135368 628592 641512 622912
 604 5 4 3232960 2137912 1003640 4676776 0 4685080 2249416 1600496 1793584 1985640 6777376 4529512 425280 412872 418888
 615 5 5 620000 1070664 457728 878632 4344376 0 573968 1434240 1468720 419880 685120 699528 693840 673800 664064
 626 5 6 720784 1940440 1920320 1521368 2175992 511560 0 4311768 1803848 2124000 4739800 1259312 551368 555008 555144
 637 5 7 920920 1088576 1294880 743328 1499952 1597856 4241696 0 3914896 1406488 1430504 1900896 665984 650304 668040
 648 5 8 810760 1193936 762384 755520 1695512 1600680 1735376 3892808 0 2680176 1462120 1402512 675208 674568 688448
 659 5 9 2530720 1614376 829664 941280 1832680 761152 1980992 1380896 2659120 0 1418128 1313680 691208 692704 677640
 670 6 0 0 2955592 2806208 2309304 1638008 2633608 649096 1484936 829448 1473600 3472648 1158984 607952 582224 565504
 681 6 1 2948416 0 2890752 817104 1471208 2381680 1538376 991440 1062048 912080 1410664 1277224 666368 635008 675136
 692 6 2 2801032 2866432 0 3433800 2349584 1107752 964288 729800 1053024 690600 1358568 1370824 661760 646976 659912
 703 6 3 2197976 837568 3425280 0 2096152 1788816 594584 872656 1201472 953264 1366392 1416648 660544 659144 640320
 714 6 4 1753816 1483744 2405576 2141080 0 3746344 415752 1071296 2315696 1301288 3297928 1712680 589192 561152 580096
 725 6 5 2693976 2540464 1181736 1847368 3796424 0 2942360 2232304 990784 1696352 4667600 3414472 479056 480320 493888
 736 6 6 295808 1345096 853192 378240 357728 2803136 0 3054688 1852616 2096864 635008 2612312 628488 600584 607336
 747 6 7 1554816 1009584 738256 843728 1022352 2172408 3091696 0 4311040 3257920 3638592 2194872 543496 542032 556688
 758 6 8 829632 1127128 1108224 1246952 2322504 1009960 1952176 4177920 0 3288048 1374272 3532312 578624 584008 592256
 769 6 9 1421464 894888 684392 916520 1305296 1754424 2463080 3132616 3349688 0 1362624 3836568 603392 620288 588432
 780 7 0 0 5150568 1966256 1169224 1530176 1562888 3650384 1439872 1216848 1518144 3333696 3541504 595040 625416 614976
 791 7 1 5016592 0 1914152 1719952 2298640 1336480 1855784 1084112 1493512 1609064 2915776 3912928 604544 609792 630280
 802 7 2 1874232 1849728 0 4474928 1263808 1151416 1049896 1119480 1297528 1741360 1447960 3077488 670528 668808 678736
 813 7 3 1146184 1595088 4491008 0 3837416 2015184 613384 546848 1167592 1553264 1364088 2332056 694944 700360 706960
 824 7 4 1549616 2246456 1354744 3902592 0 2667008 1564440 1514448 1911232 1319896 3814640 1376136 663872 641640 625216
 835 7 5 1485760 1279344 1132064 2030024 2656512 0 3400096 1505344 744264 1157056 1444112 1345864 738888 736016 732104
 846 7 6 3883392 1863256 1009456 603648 1510592 3443584 0 3141992 1679232 866856 3673248 2129416 627080 632728 605824
 857 7 7 929928 840640 846376 457448 1335488 1391104 3003680 0 3268552 519168 685832 1120648 717928 721096 721992
 868 7 8 1197704 1458848 1241144 1162776 1904072 755016 1778760 3446536 0 5073384 5231976 1341152 612960 587808 644608
 879 7 9 1598512 1646832 1701216 1536120 1302432 1151944 845832 686912 4887232 0 2216696 2163752 683592 690440 686920
 890 8 0 0 4251216 1394968 1375584 1954496 979704 819208 1464968 940112 1671712 2310352 1285696 724800 705472 705008
 901 8 1 4355904 0 3660608 2300032 1612008 972144 764680 1735808 684816 1001056 2246216 1358232 692632 709776 725184
 912 8 2 1418384 3735304 0 3808584 1998440 754344 765416 1561280 725960 1402440 1480224 2451752 741768 690848 711832
 923 8 3 1384496 2306768 3899272 0 4555280 670016 546712 744192 568496 1004040 1411000 2803560 699904 708168 724744
 934 8 4 2105840 1688296 2081160 4621560 0 3794704 990888 1005328 1309048 1945328 4559904 4407400 569792 574544 550784
 945 8 5 1002128 932320 758128 678144 3650800 0 4735120 1887072 2036232 1417552 1413600 3292752 685392 693568 679872
 956 8 6 815560 731640 778456 562832 1014032 4769440 0 5332096 1805872 1049848 1386504 3264096 701392 723232 692632
 967 8 7 1509824 1881872 1631192 749848 1034440 1931584 5359456 0 1142800 3289488 5243888 2245152 567424 594888 600208
 978 8 8 603392 359680 494656 407040 988960 1746368 1727936 944160 0 4182400 711824 831296 741464 749656 761920
 989 8 9 1631992 1049712 1465344 1034432 2017472 1365120 1056064 3390848 4225992 0 5146328 1237696 642576 655552 638992
 1000 9 0 0 2879512 975560 968568 1856080 1782992 853000 1681400 3740320 2860864 1730360 4385088 626656 633344 652368
 1011 9 1 2887384 0 3504832 1366952 661088 2447368 969520 2332696 2673488 2125568 5062952 1619776 613472 611920 631072
 1022 9 2 968736 3469056 0 3426304 2077848 1058600 618904 1143464 1505224 1189696 1505352 1443568 746824 753992 742288
 1033 9 3 956168 1343752 3422912 0 3161552 715248 1587904 1435912 1412648 1244488 1476752 1473280 745224 757824 743432
 1044 9 4 1883408 631288 2093160 3196392 0 3350968 2532512 1716608 1525968 1764408 4245928 1382992 654336 678920 664144
 1055 9 5 1834384 2318336 1069040 710232 3362160 0 1921288 1303648 1342016 1225536 1416688 1900624 704392 720640 700376
 1066 9 6 834328 920280 619488 1598440 2466200 1888880 0 3479048 1258696 1417640 1457464 1458048 746752 735112 746112
 1077 9 7 1759112 2237272 1199792 1482240 1653864 1258248 3429944 0 4090504 1660512 2144184 3698104 628112 657352 658760
 1088 9 8 3654992 2770072 1596728 1462240 1478280 1437224 1298280 4036104 0 3024704 5224840 3508768 548808 546064 543488
 1099 9 9 2466296 1758392 1061360 1157464 1644768 1017312 1357640 1419072 2775296 0 663216 3737920 657736 668736 641808
 1110 10 0 0 2637120 642048 1572168 1017344 1504512 1602696 674944 566912 1902336 707616 601600 604416 596224 591872
 1121 10 1 2849536 0 4535296 1772160 673216 977864 1012936 2186824 793664 2022080 1948616 4086144 492096 484416 488960
 1132 10 2 738816 4568008 0 4632128 774912 572352 615936 2193216 719040 1560064 1932928 3720960 533184 505856 529472
 1143 10 3 1633120 1680000 4556864 0 807808 537408 441664 550464 1487816 2557992 1241800 2080000 558400 550272 585728
 1154 10 4 1205568 671232 783680 810048 0 5018688 1143232 2149696 891904 1518536 1674496 1999880 550400 564480 572736
 1165 10 5 1646016 949376 565056 539648 4971400 0 4716608 890944 2408832 1005952 2662144 3089032 489472 496448 497408
 1176 10 6 1635328 960320 633984 458432 1147072 4651712 0 2169096 1210048 1610176 1254480 1290696 592896 592704 574848
 1187 10 7 810624 2170816 2157632 523072 2185600 879104 2215808 0 3641408 1717824 3594760 1294088 504192 509696 544320
 1198 10 8 715008 808384 699456 1450048 931264 2299072 1221512 3566912 0 2956160 1331456 1325128 602944 593728 613312
 1209 10 9 2190400 2103552 1579904 2512576 1624320 980480 1627712 1733440 2988608 0 4373720 1072296 490368 483328 483392
 1220 11 0 0 3596160 2223696 1907776 1597504 1741824 1136200 1360008 1070400 1391368 1263648 4022592 569664 583168 570176
 1231 11 1 3350096 0 1554536 1252616 1227008 660896 805056 1808512 291584 389888 711616 638976 630016 647744 639616
 1242 11 2 2279840 1635360 0 3687432 1724096 3081152 1446344 1484536 1716032 1253248 4247976 4495040 441344 450816 459336
 1253 11 3 1957512 1346048 3671400 0 3347864 1829824 1892200 999256 1578832 1188560 1189840 3291728 572288 569864 565504
 1264 11 4 1537160 1505536 1626696 3272680 0 3014592 1260416 717312 919448 876312 1378072 1341992 614976 642176 625472
 1275 11 5 1824672 917536 3061640 1786368 3014720 0 3632192 1642368 1082240 1119624 4370560 1526720 524288 508224 506688
 1286 11 6 1110592 996352 1375816 1843968 1253640 3620680 0 3143272 1186864 1582464 1215944 2854152 590600 572736 585600
 1297 11 7 1313280 1931136 1495576 1066848 731648 1641304 3187368 0 4075296 2024056 3952840 1296712 529664 542464 549376
 1308 11 8 1014016 457216 1673280 1567808 915904 1058112 1165280 4045720 0 4046752 1379648 1338136 610048 641856 644992
 1319 11 9 1470784 560448 1182336 1183312 912992 1065600 1464968 1927480 3996320 0 1792712 1210696 627776 616512 614720
 1330 12 0 0 5204032 1305416 1293128 1700928 1535808 967336 893024 743728 1457920 1333112 3736768 666944 659456 680968
 1341 12 1 5436096 0 4544640 878400 981824 931392 1283712 1033608 697408 984392 1366856 4469576 646472 643072 627136
 1352 12 2 1128096 4381824 0 2885504 1238920 638848 983936 957480 550048 475584 2028104 682176 642048 668608 683840
 1363 12 3 1265672 892352 2923264 0 3868928 2623424 2952000 2293664 2129032 2489000 3136144 6156096 490048 483080 477440
 1374 12 4 1698112 1041024 1411136 3814976 0 2950656 1354072 2677296 1254480 2712592 3079144 3258440 592448 584960 593672
 1385 12 5 1442688 925896 926208 2467584 2942856 0 2946824 728032 1725816 902104 1430952 1350976 699392 717696 707648
 1396 12 6 979744 1338688 1284928 2867464 1300640 2985216 0 3385280 2122944 1340544 1318536 2910224 644416 667912 638336
 1407 12 7 885936 1081288 1176616 2273632 2625760 723488 3370120 0 2263424 1500552 3069888 1439040 648704 646536 646720
 1418 12 8 748352 722816 710808 1969352 1180152 1735872 2151760 2302912 0 3810504 2453160 1419072 687360 676936 696960
 1429 12 9 1377608 984392 873408 2312032 2588144 899592 1350720 1478720 3798664 0 1430112 1283848 722112 732096 712768
 1440 13 0 0 3409536 2975880 1751808 931272 982720 850176 1479808 1372096 1133376 1403920 2071296 714184 755744 755264
 1451 13 1 3363072 0 4745856 1130752 1985288 885384 1337984 1615528 1157400 987776 1429632 3297088 680512 702528 680832
 1462 13 2 3134080 4827968 0 2698816 1698304 1867656 1348736 1717960 966080 1260160 1319712 6205200 577536 585488 584000
 1473 13 3 1497368 932800 2639104 0 3726400 884448 1151496 1138560 1151840 1353408 3167616 674640 686184 673608 670016
 1484 13 4 928912 1999552 1626120 4034816 0 5142704 975456 2085064 2312864 2577544 1739504 6756288 570432 547904 584256
 1495 13 5 998672 884032 1835656 1130984 5133704 0 1089816 1515520 831120 1344440 3081440 1324744 725760 710592 718080
 1506 13 6 869376 1270912 1262336 1347080 930592 1069984 0 3990856 1456960 1954632 1423440 1455248 751136 753920 738624
 1517 13 7 1563520 1552928 1788128 1411776 2045568 1587744 3991808 0 4474592 1352712 2158872 4555656 605824 650048 641920
 1528 13 8 1426560 1094048 957888 1415432 2191616 810640 1459008 4438800 0 2800664 2869720 1441584 732040 676864 712192
 1539 13 9 1095296 1027712 1211464 1515456 2401024 1293824 1947648 1304096 2821536 0 1519464 1333504 768640 744768 738240
 1550 14 0 0 3091328 1805192 2345480 758528 2186680 1756552 768936 981136 1774976 1355280 2082048 649472 695616 670592
 1561 14 1 3096832 0 3079880 2009792 730440 1207232 748224 1738920 1324168 1121600 1446840 1326280 703968 693248 704832
 1572 14 2 1842432 3069952 0 4710208 1751840 1634200 674568 1654864 964968 931904 1357144 3326976 641640 659200 647176
 1583 14 3 2617344 2222400 4791168 0 2386112 1750400 2154944 615008 1428736 982408 1926480 6651880 502088 501512 499176
 1594 14 4 534976 477384 1474208 2058400 0 3042880 435360 1453760 1124832 539520 791752 668296 693568 700760 671104
 1605 14 5 2224128 1186176 1679496 1737096 3015488 0 3542728 1655336 3175824 3233272 4705024 3294528 505728 517184 497552
 1616 14 6 1760712 755536 701968 2079048 619952 3454112 0 2765768 1367840 1876936 1729352 1393000 670984 657224 657696
 1627 14 7 752768 1732696 1642120 622400 1531216 1578536 2761904 0 3741096 1182784 1464328 1475144 698368 654208 670472
 1638 14 8 996296 1418392 994488 1504504 1351104 3218632 1355000 3773648 0 3905152 4418832 2881352 548248 563648 545416
 1649 14 9 1681792 1153392 923416 1009856 939072 2923744 1943616 1180096 3954880 0 1427888 2799184 624584 654336 634432
 1660 15 0 0 4072264 2237632 2108064 1910592 1716800 1340560 884224 926080 923760 1286144 3066368 580096 578632 581504
 1671 15 1 4077832 0 963904 1052544 2090440 501568 2814288 2565360 1004544 1651968 3888416 1521928 537152 533504 523136
 1682 15 2 2120704 946240 0 3888192 1643648 650432 718592 1177032 1742744 770080 1383120 1322120 631432 622856 612416
 1693 15 3 2064000 1053088 3875712 0 3690048 493832 663232 987904 1745288 1179848 1242216 1407368 617152 594184 609856
 1704 15 4 2044416 2064896 1684288 3681280 0 2489472 1557776 1259584 883264 865856 1284160 3406752 563456 527616 559104
 1715 15 5 1467392 411904 367872 438272 2518664 0 3639488 1096576 1674624 361216 698120 595840 620096 628160 598472
 1726 15 6 1397600 2848792 718152 681160 1622016 3849792 0 4431176 2412400 2329400 3383240 5832320 404480 422720 399952
 1737 15 7 898816 2572616 1181440 1024584 1317696 1311296 4258816 0 2901440 893320 1292168 2906376 575872 574912 564552
 1748 15 8 913024 924816 1845552 1751168 879368 1968704 2350736 2892168 0 4265032 3249808 2059904 564480 545488 537984
 1759 15 9 955488 1527440 766576 1159432 863304 674696 2267216 892816 4231952 0 1901808 1192080 613632 608064 609632
 1770 16 0 0 3878304 915336 866056 893760 2656672 803136 1333376 1181768 1130016 1388872 1293120 707904 687112 695296
 1781 16 1 3915016 0 3458936 2125720 689232 1458152 1115856 1281176 1151152 1117408 2202040 2764888 655944 648064 659072
 1792 16 2 923904 3391472 0 2834504 1787584 2608768 1497728 910712 2312056 1400816 2267736 2937088 618432 613760 615816
 1803 16 3 881216 2040688 2837888 0 3215144 1088912 1899200 764448 1549400 876296 1360048 1445888 697160 703360 717064
 1814 16 4 888128 694984 1772160 3222904 0 2569296 939024 2010736 1239600 1897120 1403056 1361888 711680 697600 719616
 1825 16 5 2919424 1511440 2599488 1085192 2584224 0 3779136 1569920 1624840 1011968 1239776 5861608 554464 552256 556992
 1836 16 6 465544 816520 1297664 1768896 882048 3691520 0 3830240 1563232 499088 2778120 625920 623680 613128 610560
 1847 16 7 1368960 1316816 868040 757528 2067584 1601536 4033568 0 2866152 3263320 2085504 6158208 534312 538888 546440
 1858 16 8 1208864 1186952 2298464 1608296 1274768 1617472 1798480 2923520 0 4414048 3275808 3665216 556800 544512 569472
 1869 16 9 1126880 1121008 1333816 910024 1912616 983232 832512 2930856 4380056 0 1458208 1308760 696448 686400 714240
 1880 17 0 0 2651960 2125600 1952136 1056168 989312 2468176 1221952 1328576 1149208 1461096 1370240 739336 795768 778640
 1891 17 1 2670424 0 3815584 1824824 795352 865984 2153472 758144 968960 1353128 1525960 1411176 772096 764680 766728
 1902 17 2 2223160 3839120 0 3488992 1790992 642448 1612440 714296 832144 1190976 4006656 1415432 699904 697600 708672
 1913 17 3 1975280 1870560 3453672 0 3509152 851200 1957008 1083328 1441888 2440368 1339904 4550616 645440 652168 644368
 1924 17 4 1059320 808256 1753080 3429552 0 3848720 1286664 1242048 1080408 1873608 1477472 1428800 775552 765464 762432
 1935 17 5 963712 858120 643648 855424 3880160 0 2546560 1811328 2860264 1176152 1854584 2871432 732064 701248 714200
 1946 17 6 2666696 2378240 1706832 1855816 1288448 2454912 0 3163392 1678360 2531280 2136400 6228816 578704 576664 589640
 1957 17 7 995264 549960 488512 871488 1000128 1575872 3034752 0 3710656 1147712 1204944 776768 742944 758848 741784
 1968 17 8 1385992 987400 827336 1392984 1019096 2927200 1679248 4094208 0 4891336 2274496 5948008 607552 613712 599552
 1979 17 9 1140968 1418400 1252560 2411216 2027056 1238072 2456000 1531600 4819920 0 3582392 3167272 641736 641280 664968
 1990 18 0 0 2570368 960256 963616 956616 2046824 2201408 2590056 937536 1646400 1418936 1352264 744224 744576 724520
 2001 18 1 2572800 0 4319960 1311952 1640280 1279040 670544 1370504 746632 1349520 1508824 1379840 731208 721392 714240
 2012 18 2 947776 4370424 0 4799280 1223680 1520992 1004664 1367312 706880 1194528 3135680 1390472 672832 685192 676552
 2023 18 3 932640 1306656 4725928 0 1065832 1768280 2579760 1260776 730376 1500744 3127256 1415424 685440 673032 682048
 2034 18 4 960064 1646560 1232328 1059816 0 3898048 1567768 2289672 959936 2128576 1383552 2926504 693312 662536 668544
 2045 18 5 2083104 1384128 1516136 1680336 3885672 0 4196240 734528 634368 1154888 1366960 2117136 692064 693520 681752
 2056 18 6 2271384 661336 1043136 2567704 1600616 4213864 0 3055336 1260488 1819016 3436752 3700552 604992 617840 600512
 2067 18 7 2773672 1462728 1442056 1242272 2234216 700672 3014056 0 3732736 2194336 1335552 5999104 576768 580952 581632
 2078 18 8 596032 518208 521536 558656 937184 532736 1061696 3491968 0 3844840 841184 737728 701600 702024 722192
 2089 18 9 1764360 1378448 1202048 1551176 2110536 1184992 1809048 2217376 4341376 0 3439960 6296680 568688 555280 549888
 2100 19 0 0 3449800 1973888 1363472 1431432 1839552 986712 1147144 1897144 1026664 1281600 1208784 581816 611656 581632
 2111 19 1 3447296 0 1942400 1209544 764080 683352 1744752 2087528 1197640 601568 1327808 1227272 596432 585896 597440
 2122 19 2 1946440 1954944 0 3457280 1490952 556568 1098552 647208 1490736 1030856 1359752 1304512 589056 594368 603568
 2133 19 3 1365592 1206472 3451232 0 3495312 1284040 1849760 1433264 2556576 2375544 4693584 1237064 498504 482704 467272
 2144 19 4 1504384 758376 1592120 3393744 0 2899800 1667072 1920264 1673152 651688 1271920 2813360 521864 551512 539496
 2155 19 5 1840168 689064 567200 1266888 2850856 0 3371512 1332872 1882328 966168 1284456 1212928 587904 608912 578384
 2166 19 6 1025704 1846504 1151096 1810488 1686376 3333480 0 3074288 1320128 2028896 3828544 1221456 506624 507680 525720
 2177 19 7 1173376 2060968 648968 1449360 1969936 1385168 3066992 0 4272808 1664656 2093816 3269792 512776 503360 499024
 2188 19 8 2028096 1309952 1527648 2569608 1802640 1892888 1325824 4286000 0 3789632 1158400 6464776 407552 419216 433504
 2199 19 9 941720 521040 886080 2113176 508512 918552 1846584 1543520 3815072 0 3482328 534880 530112 508808 519056
 2210 20 0 0 281536 204800 129792 146176 168960 63552 142720 27904 121856 112008 133440 0 0 0
 2221 20 1 75840 0 389696 137856 0 196864 75008 135168 26112 128784 750304 640224 0 0 0
 2232 20 2 50432 407104 0 377344 116224 512 77056 128000 83200 256 742344 712000 0 0 0
 2243 20 3 20480 138496 373504 0 208968 51584 0 118528 96768 101120 654376 755968 0 0 0
 2254 20 4 31304 512 113152 227840 0 359040 85000 81408 239488 145664 708616 695624 0 0 0
 2265 20 5 39168 189696 0 51456 366856 0 351488 58880 91392 20736 692480 632832 0 0 0
 2276 20 6 0 78592 77632 512 84864 371712 0 286208 207360 74832 666688 694280 0 0 0
 2287 20 7 11520 130464 134408 126720 82432 60416 289536 0 298304 174720 733856 758784 0 0 0
 2298 20 8 0 23808 84608 100128 257600 95232 211968 338944 0 355712 718336 727808 0 0 0
 2309 20 9 16704 140064 512 108168 140864 20992 73216 176928 374592 0 729880 550232 0 0 0
 2320 21 0 0 24832 199808 140616 137984 160768 66304 137984 23296 120320 648272 601408 0 0 0
 2331 21 1 267648 0 380416 139008 1856 199168 77312 131136 24832 130560 81408 71680 0 0 0
 2342 21 2 193344 72960 0 366912 117504 8 82176 128264 89600 0 734880 706880 0 0 0
 2353 21 3 129864 13824 373312 0 213056 53248 1024 134144 102912 104448 656520 742464 0 0 0
 2364 21 4 142336 256 118016 223040 0 370496 73216 80640 261504 140320 702096 683072 0 0 0
 2375 21 5 172544 0 1536 54528 356608 0 351616 61696 93952 21504 693832 616320 0 0 0
 2386 21 6 64512 33280 77056 256 78080 358720 0 291584 206336 77576 651648 706440 0 0 0
 2397 21 7 143360 0 136704 132096 80640 63552 296000 0 307200 188928 713544 791432 0 0 0
 2408 21 8 24584 0 79616 94208 259144 86016 194632 313152 0 371976 744384 751552 0 0 0
 2419 21 9 111488 7936 800 98048 138760 18176 80896 198216 385792 0 741168 584256 0 0 0
 2430 22 0 0 276032 46848 126992 141888 167744 61184 144448 24576 119616 671440 592128 0 0 0
 2441 22 1 270976 0 37120 136064 1024 191488 79872 137032 29184 113664 744264 624704 0 0 0
 2452 22 2 188416 375616 0 370688 109568 512 78848 125696 79360 512 118016 49920 0 0 0
 2463 22 3 124424 144128 27904 0 212736 49920 256 129536 102656 108032 646032 730112 0 0 0
 2474 22 4 155136 768 13568 222720 0 355616 77440 73472 256264 144960 709696 678144 0 0 0
 2485 22 5 167680 209928 0 54528 358400 0 332672 77568 92160 18688 682592 617536 0 0 0
 2496 22 6 69696 74496 0 512 78592 358208 0 288640 197056 88320 618752 709632 0 0 0
 2507 22 7 145664 127232 27392 120320 73472 64256 296192 0 297280 192000 717920 788048 0 0 0
 2518 22 8 26632 27904 15104 107008 259840 96256 199936 314624 0 367040 741512 717760 0 0 0
 2529 22 9 114944 132864 0 97280 151552 16128 77312 188328 380480 0 734048 595776 0 0 0
 2540 23 0 0 287488 193024 12032 138248 169280 67904 139776 29952 105992 676672 593664 0 0 0
 2551 23 1 271424 0 392192 37632 512 197120 82432 129152 27136 131328 736336 654440 0 0 0
 2562 23 2 190720 395840 0 0 124416 1024 76288 125960 83200 768 755264 707840 0 0 0
 2573 23 3 132352 143360 372736 0 227392 53544 768 124928 110912 107520 50176 42496 0 0 0
 2584 23 4 142080 8 117760 17408 0 368392 81408 73984 260928 148232 691568 692416 0 0 0
 2595 23 5 171776 195848 0 7680 347112 0 342528 70400 88896 21504 691248 626240 0 0 0
 2606 23 6 61696 80384 82688 0 80128 355840 0 286592 196872 82176 665472 691456 0 0 0
 2617 23 7 147456 127072 128320 0 74240 61952 278784 0 301888 193792 709824 761672 0 0 0
 2628 23 8 27392 27392 98816 17920 248064 89856 207872 302848 0 364928 756936 723520 0 0 0
 2639 23 9 125440 132872 0 0 143616 20480 87616 190976 380416 0 738968 579584 0 0 0
 2650 24 0 0 268288 185792 129600 31744 173120 69440 140928 24072 116736 674384 596032 0 0 0
 2661 24 1 276096 0 386944 139776 0 186248 76544 125440 31496 132864 737600 620032 0 0 0
 2672 24 2 196960 363264 0 362752 0 512 79872 137736 80384 1280 716800 713664 0 0 0
 2683 24 3 130824 142656 371264 0 5632 50496 1280 134144 102144 108808 637504 748736 0 0 0
 2694 24 4 137824 512 113920 220288 0 368896 87872 76544 264512 138240 74496 39168 0 0 0
 2705 24 5 178176 200704 256 48192 30464 0 361984 62976 87552 18432 698048 615368 0 0 0
 2716 24 6 62792 83712 79168 256 0 361088 0 294720 210560 77760 673856 711424 0 0 0
 2727 24 7 154624 141056 132096 134656 0 69888 299328 0 302720 179968 739272 766792 0 0 0
 2738 24 8 27136 23552 81152 99840 32256 81152 206080 330048 0 381632 747536 732224 0 0 0
 2749 24 9 105984 133376 256 99328 13568 22016 72064 178440 376064 0 747968 582856 0 0 0
 2760 25 0 0 275016 186624 133888 137792 32000 69896 136832 25344 122880 693840 597312 0 0 0
 2771 25 1 268096 0 383296 147456 256 6656 79360 121408 25088 136456 753848 629888 0 0 0
 2782 25 2 203328 385856 0 369408 107776 0 77568 129664 86912 1024 695232 708416 0 0 0
 2793 25 3 129792 146752 356480 0 217096 20992 520 132608 105024 106240 671136 771408 0 0 0
 2804 25 4 142848 768 120320 212992 0 0 81664 79104 249472 140808 712336 661072 0 0 0
 2815 25 5 173312 213248 256 56400 361536 0 341760 62208 86784 18432 67840 43008 0 0 0
 2826 25 6 68616 82976 74496 512 81408 38400 0 288832 209544 72960 652568 691520 0 0 0
 2837 25 7 159176 127296 133440 149248 74240 12800 291840 0 310624 185664 717504 774144 0 0 0
 2848 25 8 28672 28160 72448 104480 251984 0 202752 324672 0 363776 724928 745576 0 0 0
 2859 25 9 117312 123408 256 110208 140552 0 82952 189696 371200 0 747272 557680 0 0 0
 2870 26 0 0 268800 206336 124736 118784 163840 0 142080 24576 122880 662496 576576 0 0 0
 2881 26 1 271104 0 391424 132352 512 184320 0 137472 24584 130112 709184 645632 0 0 0
 2892 26 2 182272 391168 0 355200 117760 512 0 125960 87816 512 718928 711936 0 0 0
 2903 26 3 133200 149312 358976 0 219904 53280 0 130304 95360 104464 648640 752904 0 0 0
 2914 26 4 151808 512 116480 218624 0 361992 4352 80256 250624 143616 697280 684432 0 0 0
 2925 26 5 157696 193536 256 52736 349896 0 24576 72960 85248 18944 687144 608512 0 0 0
 2936 26 6 63752 67072 74240 256 90880 353024 0 293888 214848 73472 49664 39680 0 0 0
 2947 26 7 143304 134144 131856 145152 79872 58112 256 0 306240 177920 740224 773128 0 0 0
 2958 26 8 23296 25856 81408 103944 254088 99072 39168 310528 0 368512 732744 719304 0 0 0
 2969 26 9 112640 124416 768 105984 149504 21504 256 190976 362240 0 745856 579664 0 0 0
 2980 27 0 0 267328 193344 130376 142720 162816 62272 20736 23808 109632 660784 556736 0 0 0
 2991 27 1 255296 0 386304 128264 1280 185856 76800 0 23296 135680 729744 613896 0 0 0
 3002 27 2 193280 371968 0 353024 115456 512 72200 0 81160 512 716320 713632 0 0 0
 3013 27 3 127528 143360 371264 0 205888 52736 768 6656 97792 100352 624720 737280 0 0 0
 3024 27 4 132864 1024 123904 223232 0 359168 76288 0 254848 136832 684160 689600 0 0 0
 3035 27 5 163584 203072 1024 59904 356480 0 354048 0 84032 19712 670464 620544 0 0 0
 3046 27 6 69384 71176 75264 256 76800 353792 0 28672 203552 75008 637768 694600 0 0 0
 3057 27 7 150336 124680 121920 126976 80128 70144 281088 0 317184 188416 41216 39168 0 0 0
 3068 27 8 22272 22528 80640 90368 252928 87296 201280 17152 0 369472 733736 720648 0 0 0
 3079 27 9 102976 138248 1792 98560 142080 18688 83720 7168 368456 0 731392 583424 0 0 0
 3090 28 0 0 280896 197888 140640 137728 171776 64000 144136 25344 118272 669856 588544 0 0 0
 3101 28 1 267520 0 389952 137472 256 189704 78336 126464 256 137600 750920 638720 0 0 0
 3112 28 2 192128 387584 0 371456 119552 768 79104 125984 7936 512 719488 728960 0 0 0
 3123 28 3 138048 145152 376576 0 226944 58888 0 126464 256 97224 639520 755520 0 0 0
 3134 28 4 142144 264 125312 218624 0 362496 72456 73984 18944 141064 685640 701568 0 0 0
 3145 28 5 167424 201216 256 52736 367176 0 355072 61248 15616 18944 683032 607496 0 0 0
 3156 28 6 66368 84224 76800 512 77824 341760 0 275200 0 77056 641672 716168 0 0 0
 3167 28 7 131104 133120 123904 126208 70400 64000 291136 0 64064 193280 709960 745064 0 0 0
 3178 28 8 27648 27136 84032 94720 252800 82704 198280 315456 0 360288 86272 55104 0 0 0
 3189 28 9 126016 129792 1024 94976 134272 18432 83776 182792 8960 0 740072 580488 0 0 0
 3200 29 0 0 272832 188928 135232 139776 171784 60672 151040 27200 11264 676864 594752 0 0 0
 3211 29 1 263808 0 394816 148736 768 199488 85248 127744 25600 0 734144 634944 0 0 0
 3222 29 2 203328 378112 0 376704 113792 512 78848 134144 82176 0 752872 712064 0 0 0
 3233 29 3 135488 146432 386688 0 231744 55296 512 135936 101632 5120 653328 754752 0 0 0
 3244 29 4 137024 1536 112128 219072 0 372544 73216 69376 225032 0 698064 701256 0 0 0
 3255 29 5 172800 203264 256 47744 364672 0 357632 63752 83968 10752 687936 636488 0 0 0
 3266 29 6 76800 69120 85248 512 80896 348416 0 297344 185088 22272 656840 711936 0 0 0
 3277 29 7 132352 134912 132736 130304 78088 64256 291080 0 323456 14848 736512 766600 0 0 0
 3288 29 8 28160 25344 85800 99400 248272 88832 207616 307200 0 120384 710280 707648 0 0 0
 3299 29 9 121856 137280 768 104968 140288 23296 79808 193280 363520 0 111872 95552 0 0 0
 3310 30 0 0 267264 191744 139904 152704 168960 66048 146176 28416 115968 123136 139520 0 0 0
 3321 30 1 88832 0 387592 142088 512 200456 81152 139776 22528 125960 707144 651328 0 0 0
 3332 30 2 54784 385152 0 360256 128256 768 74560 143616 92928 768 730240 709632 0 0 0
 3343 30 3 21760 143360 378624 0 229896 51480 0 126464 96520 105152 675216 759424 0 0 0
 3354 30 4 25344 512 118528 235264 0 357120 73024 80128 272896 144832 723336 719176 0 0 0
 3365 30 5 40704 201992 512 61504 372928 0 337792 65280 90112 22016 684568 615688 0 0 0
 3376 30 6 0 79616 72200 768 80704 342528 0 293632 191744 82448 659400 709120 0 0 0
 3387 30 7 16896 132352 130608 128768 80640 71680 317448 0 322824 188992 757824 786688 0 0 0
 3398 30 8 256 27648 75776 95232 244800 84736 205696 323136 0 391744 767248 730112 0 0 0
 3409 30 9 14080 120320 0 111368 150016 22528 87104 195328 378368 0 738000 605768 0 0 0
 3420 31 0 0 23808 195072 133760 148224 167936 70656 131904 24320 114432 680856 582464 0 0 0
 3431 31 1 273728 0 406912 134400 256 199680 87296 131392 25664 126208 81416 70976 0 0 0
 3442 31 2 195392 69184 0 372736 114944 256 79120 133632 82752 512 724704 730624 0 0 0
 3453 31 3 128072 14848 366336 0 227136 55552 256 128256 102720 107544 651264 745472 0 0 0
 3464 31 4 155912 256 110080 224512 0 342272 80384 82176 261440 137024 706584 701888 0 0 0
 3475 31 5 164352 0 512 52480 371776 0 335360 59904 97536 23808 653824 614976 0 0 0
 3486 31 6 63872 37632 68352 768 77824 332352 0 284480 205312 81664 669704 705368 0 0 0
 3497 31 7 137856 0 137216 125696 77320 55808 305408 0 305536 203776 710560 748928 0 0 0
 3508 31 8 27400 264 94560 99328 251200 93184 199760 299840 0 364864 760896 709248 0 0 0
 3519 31 9 116736 6400 768 103296 139280 21760 86016 182048 364096 0 745032 592216 0 0 0
 3530 32 0 0 270144 36096 132608 139776 156928 70912 144384 28672 109576 670920 577152 0 0 0
 3541 32 1 274952 0 42560 145920 768 201472 73024 133952 24960 124160 737608 629184 0 0 0
 3552 32 2 187904 385280 0 361600 112960 768 78848 132360 86912 0 117064 43776 0 0 0
 3563 32 3 133568 134912 29440 0 210952 51976 8 129280 100992 108816 651456 767616 0 0 0
 3574 32 4 151808 512 11264 233216 0 366464 77376 80640 254976 140288 712712 684608 0 0 0
 3585 32 5 167296 200968 256 53312 364800 0 340992 64256 89856 18176 672136 616768 0 0 0
 3596 32 6 64768 77632 0 512 76288 342784 0 286464 202752 81920 648400 692896 0 0 0
 3607 32 7 130304 138496 28168 128768 82432 64512 288832 0 293952 184832 733064 759616 0 0 0
 3618 32 8 27392 22016 13056 97408 263168 85568 202536 302336 0 362048 736832 727424 0 0 0
 3629 32 9 110080 136448 0 104960 145152 18432 81152 192896 380672 0 724168 584216 0 0 0
 3640 33 0 0 277824 197024 12288 130432 167744 70920 140032 28160 118784 668128 582720 0 0 0
 3651 33 1 270080 0 409664 34304 0 194120 73736 133640 27648 137472 717960 610112 0 0 0
 3662 33 2 203840 366144 0 0 112648 1024 79112 125696 86272 256 758888 716608 0 0 0
 3673 33 3 131072 136960 380736 0 207360 51456 768 139016 101888 112640 46592 45824 0 0 0
 3684 33 4 139776 0 118016 17152 0 358368 71424 74752 250952 139008 711504 673888 0 0 0
 3695 33 5 158272 187400 1280 8704 367912 0 347264 63488 85760 15616 676128 619976 0 0 0
 3706 33 6 65536 78400 75776 0 81408 347648 0 288640 213320 71744 652232 711448 0 0 0
 3717 33 7 145480 122624 126600 0 75520 63488 297536 0 311872 186112 713296 782912 0 0 0
 3728 33 8 25352 26880 86272 19968 256512 89856 201224 313344 0 361536 741768 736584 0 0 0
 3739 33 9 111440 131840 1024 0 153344 22400 81664 194304 372224 0 727104 588352 0 0 0
 3750 34 0 0 275008 193280 126464 32768 168448 57480 137480 28672 119808 670984 570624 0 0 0
 3761 34 1 274432 0 389960 147520 0 197504 81792 132672 31744 126848 727624 628544 0 0 0
 3772 34 2 188416 382464 0 351744 0 768 74752 141824 90112 768 724568 716240 0 0 0
 3783 34 3 127488 140288 363840 0 7168 52224 256 134656 95496 104968 646024 754816 0 0 0
 3794 34 4 146176 512 125064 226112 0 351576 79112 79872 255880 152320 77568 41216 0 0 0
 3805 34 5 162560 181248 264 51328 29952 0 337984 72704 85760 18688 666912 628928 0 0 0
 3816 34 6 69376 75264 75776 512 256 347136 0 301056 198912 71680 645360 672664 0 0 0
 3827 34 7 129032 135488 128784 135176 0 66560 287776 0 298240 199424 746888 783616 0 0 0
 3838 34 8 25600 23304 83456 100608 35072 93440 204304 312128 0 358144 738448 735552 0 0 0
 3849 34 9 118528 142336 256 108800 13568 18184 75784 191488 388160 0 745360 580616 0 0 0
 3860 35 0 0 265728 190720 124224 142336 31744 62992 144960 22784 124416 671488 587136 0 0 0
 3871 35 1 273472 0 375552 149312 768 8192 71936 144128 23808 133896 726544 617088 0 0 0
 3882 35 2 197888 385088 0 369216 112640 0 87040 135688 89088 256 736904 719176 0 0 0
 3893 35 3 137536 128832 382464 0 221248 19456 512 122368 99968 110608 666888 752960 0 0 0
 3904 35 4 129536 256 118792 217920 0 0 82432 83968 257032 150016 712320 695744 0 0 0
 3915 35 5 163072 185344 384 56832 368128 0 352000 62976 93000 20224 65280 48896 0 0 0
 3926 35 6 68352 80384 82688 512 82688 43008 0 267776 203904 77824 656208 704776 0 0 0
 3937 35 7 150528 133632 138760 124680 79616 11776 288832 0 305664 179456 741000 730624 0 0 0
 3948 35 8 26880 32256 87552 109824 259584 0 203272 301376 0 365832 722576 744192 0 0 0
 3959 35 9 111360 132112 256 119360 140800 0 86528 184064 371008 0 754192 592400 0 0 0
 3970 36 0 0 280832 186368 127744 153344 160256 0 141320 27920 113728 663936 591616 0 0 0
 3981 36 1 267008 0 387080 137736 256 196688 0 131200 25600 133640 733704 631360 0 0 0
 3992 36 2 184320 387776 0 379392 122888 0 0 134144 87360 768 716968 701056 0 0 0
 4003 36 3 132992 144640 358272 0 207168 55936 0 132352 92928 97312 670344 749384 0 0 0
 4014 36 4 145408 512 118272 213256 0 357952 9472 81408 242184 144640 724648 677056 0 0 0
 4025 36 5 171008 199936 256 53504 350784 0 26624 65024 88832 21760 672192 609680 0 0 0
 4036 36 6 65792 67328 73472 520 78336 344320 0 278528 204296 80640 55048 40704 0 0 0
 4047 36 7 149248 126464 128544 128080 86848 67072 0 0 305728 191744 731528 752320 0 0 0
 4058 36 8 31744 28160 89920 113448 258912 83520 39176 303744 0 391424 740240 703376 0 0 0
 4069 36 9 108032 128904 1280 109632 142656 16128 0 190464 367744 0 759904 593704 0 0 0
 4080 37 0 0 270208 190464 122944 147720 172544 68096 21760 24576 111616 679288 585792 0 0 0
 4091 37 1 266944 0 387912 137792 768 203520 75520 0 23296 128000 724736 628544 0 0 0
 4102 37 2 182080 384064 0 377088 111880 768 78592 0 96000 512 746840 678080 0 0 0
 4113 37 3 140096 154368 364352 0 236608 54272 256 8448 94976 118288 665032 718848 0 0 0
 4124 37 4 148512 1280 114176 206912 0 337408 73984 0 247104 146688 684624 694208 0 0 0
 4135 37 5 171520 183808 256 50432 342336 0 360384 0 96256 20224 665600 638272 0 0 0
 4146 37 6 66568 70656 71680 1032 72448 355584 0 29952 205832 76352 660496 698176 0 0 0
 4157 37 7 148296 132608 131136 127232 75520 68864 279168 0 319232 197888 46080 41216 0 0 0
 4168 37 8 27400 25600 86856 99584 252992 92160 204816 17408 0 368512 742728 749568 0 0 0
 4179 37 9 113664 130432 264 108288 137024 18752 87040 9728 384512 0 747136 591952 0 0 0
 4190 38 0 0 270336 196096 129600 140608 162048 67848 143936 33024 104712 664240 587008 0 0 0
 4201 38 1 271360 0 374656 145984 264 187904 79104 143872 0 125952 731464 635456 0 0 0
 4212 38 2 184320 392448 0 387392 120576 8 77824 129288 6656 256 695760 706952 0 0 0
 4223 38 3 129880 140800 348736 0 211200 47616 256 131584 512 98816 653456 773184 0 0 0
 4234 38 4 143680 0 112448 225024 0 357000 73472 78080 22144 145408 684896 687952 0 0 0
 4245 38 5 169480 203848 776 52224 355136 0 345408 60672 12800 19712 661656 592640 0 0 0
 4256 38 6 69632 78592 78336 512 79616 317440 0 287488 0 83272 627864 704064 0 0 0
 4267 38 7 140560 117248 128328 128264 73736 64776 285440 0 58880 178432 744000 756232 0 0 0
 4278 38 8 24064 24896 85504 92160 255256 96512 193032 315392 0 364864 89472 50176 0 0 0
 4289 38 9 118272 138496 776 107784 135176 20992 75912 184064 5632 0 708104 591496 0 0 0
 4300 39 0 0 278720 185344 135232 135168 158720 67408 137984 26368 12544 678344 601664 0 0 0
 4311 39 1 267136 0 384832 143680 1280 201792 82432 120064 26368 0 741888 627712 0 0 0
 4322 39 2 200960 376576 0 380480 123520 512 80640 124928 81928 256 708104 710848 0 0 0
 4333 39 3 128008 134400 366720 0 228352 46336 512 131584 104000 7424 649864 743552 0 0 0
 4344 39 4 148800 256 116736 210432 0 369408 76608 78848 262912 0 688576 708448 0 0 0
 4355 39 5 175104 201088 512 47872 351072 0 357440 65024 90624 12032 668480 650048 0 0 0
 4366 39 6 66560 79616 71936 512 75008 365120 0 298240 200704 18688 656216 703040 0 0 0
 4377 39 7 139520 136832 123912 133952 73728 70656 296256 0 320768 10240 728320 745600 0 0 0
 4388 39 8 30272 29696 87296 91392 256832 88576 194056 308608 0 123592 769536 720712 0 0 0
 4399 39 9 123648 131904 512 100616 151808 17408 73600 182784 376064 0 113288 90688 0 0 0
 4410 40 0 0 274952 189696 123144 152064 161536 59648 136032 23304 124416 113152 143360 0 0 0
 4421 40 1 76288 0 385112 150856 1024 184320 72448 136192 28936 133888 763656 623360 0 0 0
 4432 40 2 59648 394752 0 375616 123144 1024 84736 137984 87816 776 725352 735496 0 0 0
 4443 40 3 22528 142208 381952 0 215296 52992 512 136256 94728 108936 657296 773192 0 0 0
 4454 40 4 23552 512 130560 229128 0 361024 70728 75008 238600 142848 719056 695328 0 0 0
 4465 40 5 44800 200832 256 55360 375552 0 344064 61696 85760 19456 675328 593728 0 0 0
 4476 40 6 0 76800 76800 256 78592 332288 0 289280 204032 80896 634992 702080 0 0 0
 4487 40 7 12288 135424 131080 135936 79944 61440 299904 0 316672 191232 735400 770368 0 0 0
 4498 40 8 0 28672 85008 96256 248672 90368 205864 312640 0 361536 733448 730912 0 0 0
 4509 40 9 17408 132608 256 110080 138560 24064 77312 190984 384000 0 731712 591000 0 0 0
 4520 41 0 0 26880 185152 128784 139264 165632 67840 134912 23040 124672 671496 594304 0 0 0
 4531 41 1 280512 0 386880 139264 1024 192512 77312 136256 22016 123136 86016 66304 0 0 0
 4542 41 2 189248 65792 0 368832 117568 264 87616 131392 87296 1024 716104 729744 0 0 0
 4553 41 3 122688 16896 365568 0 215872 50176 256 129792 97536 99912 665232 776584 0 0 0
 4564 41 4 144896 0 114448 236296 0 356224 79616 74240 261952 146944 726944 679624 0 0 0
 4575 41 5 167232 0 1280 54272 364040 0 352832 64512 91904 15616 675200 630920 0 0 0
 4586 41 6 67840 34304 75008 0 80896 359232 0 296256 207936 78080 660736 714112 0 0 0
 4597 41 7 153608 0 141128 128832 86848 68096 294400 0 312896 180480 721216 763840 0 0 0
 4608 41 8 26112 0 93184 103936 263552 89920 203520 296960 0 361984 750656 736384 0 0 0
 4619 41 9 113664 8448 1280 110592 136992 24064 76800 190016 382208 0 735360 580936 0 0 0
 4630 42 0 0 260672 43264 132616 140288 170824 65792 153864 26624 115456 653584 590400 0 0 0
 4641 42 1 267840 0 43008 148224 0 212032 78336 131848 27152 129280 716944 632576 0 0 0
 4652 42 2 196352 405568 0 372544 113408 1536 76800 143120 92672 264 122368 49152 0 0 0
 4663 42 3 125896 136192 28160 0 231168 47360 1024 128768 98320 105984 652664 760192 0 0 0
 4674 42 4 126208 512 12032 233280 0 356808 79616 75520 257280 142080 690688 691272 0 0 0
 4685 42 5 170240 180736 0 49408 361472 0 348736 62976 87808 21248 681864 634824 0 0 0
 4696 42 6 63040 84224 0 256 75784 350720 0 278016 202632 84608 660752 700504 0 0 0
 4707 42 7 143112 134464 32256 121864 82944 67840 282112 0 312896 186624 750608 752656 0 0 0
 4718 42 8 25856 26312 12800 98816 241216 89344 206872 313088 0 373568 745872 740184 0 0 0
 4729 42 9 125440 120840 0 109864 135168 20224 85520 192768 380160 0 743048 591936 0 0 0
 4740 43 0 0 278304 188704 11592 144640 177920 62720 145152 27392 125696 678480 580224 0 0 0
 4751 43 1 264704 0 377600 32520 1536 189696 82176 128256 24064 136448 748480 618792 0 0 0
 4762 43 2 201984 378752 0 0 120064 1024 81696 140800 78592 768 708712 703680 0 0 0
 4773 43 3 129600 146432 355456 0 219136 54848 1280 128000 104960 117856 44368 41984 0 0 0
 4784 43 4 139776 264 116032 18688 0 354984 87680 81408 264704 151040 728584 689408 0 0 0
 4795 43 5 164224 185600 256 6400 366848 0 335616 67328 88064 18432 677360 599296 0 0 0
 4806 43 6 70656 80896 86784 0 77568 330496 0 297472 197384 78144 667336 697896 0 0 0
 4817 43 7 149264 131904 127496 0 78336 52232 289088 0 311552 191488 729088 776512 0 0 0
 4828 43 8 29184 29440 80384 17152 261632 94208 209928 308288 0 375808 752648 710976 0 0 0
 4839 43 9 109312 135680 0 0 147720 21248 77064 188928 366144 0 759552 600736 0 0 0
 4850 44 0 0 264000 192064 127752 32768 173128 62984 136008 25600 125952 655680 578368 0 0 0
 4861 44 1 265984 0 380672 141184 256 205120 79104 137984 26624 130920 735296 638976 0 0 0
 4872 44 2 193536 385792 0 356096 0 520 79872 141328 88640 512 725824 705152 0 0 0
 4883 44 3 130560 156416 382016 0 7168 54272 0 125696 112704 102144 645744 747144 0 0 0
 4894 44 4 135232 512 109120 221184 0 353152 83200 81152 257920 141824 72456 37760 0 0 0
 4905 44 5 168960 201472 256 56136 25600 0 351744 61696 97280 14848 682888 645768 0 0 0
 4916 44 6 62720 79104 76288 1536 0 368384 0 288768 215552 79872 633096 696640 0 0 0
 4927 44 7 144128 137216 125952 132608 0 63232 268288 0 305024 186880 738888 756240 0 0 0
 4938 44 8 23040 27392 82176 96256 29312 88576 196416 304640 0 371008 752576 751040 0 0 0
 4949 44 9 109888 122368 1024 108584 15112 22272 80640 193536 373760 0 748200 582216 0 0 0
 4960 45 0 0 279360 196352 128512 147456 34048 61256 133632 25600 115720 667912 568448 0 0 0
 4971 45 1 264960 0 380736 143936 512 7936 73736 139776 23040 135680 728240 644232 0 0 0
 4982 45 2 188672 383232 0 368256 122880 0 74560 129280 81152 1032 732424 715648 0 0 0
 4993 45 3 128512 153152 370560 0 217352 18944 512 132864 100864 126720 634264 732352 0 0 0
 5004 45 4 140552 1024 118528 209536 0 0 76096 78080 252944 144128 706888 680064 0 0 0
 5015 45 5 166656 193032 512 49920 348160 0 335680 64512 86016 18048 69376 53504 0 0 0
 5026 45 6 73216 74752 83456 256 79424 48384 0 293888 195200 81408 627160 687240 0 0 0
 5037 45 7 133888 130960 132040 128008 88832 13568 287488 0 312896 190720 731648 763136 0 0 0
 5048 45 8 25088 24584 94720 91648 246912 0 200720 309504 0 368192 719824 723200 0 0 0
 5059 45 9 114816 132376 512 102160 135168 0 83456 185344 365056 0 751120 590400 0 0 0
 5070 46 0 0 265536 196872 128104 143872 170240 0 141056 24832 109704 660560 563392 0 0 0
 5081 46 1 269376 0 384576 152832 768 197888 256 129024 26880 133632 728528 623552 0 0 0
 5092 46 2 187200 381504 0 359744 115712 512 0 124544 85248 256 730952 703488 0 0 0
 5103 46 3 122376 143744 367616 0 218368 49664 0 126720 94720 116992 655992 758144 0 0 0
 5114 46 4 144128 1024 117248 214784 0 347664 8448 74496 264464 141128 696656 681176 0 0 0
 5125 46 5 159744 195152 0 51712 343944 0 32512 67840 85760 18432 649752 628224 0 0 0
 5136 46 6 71176 75520 79616 512 76552 332544 0 279632 203272 79360 58112 43008 0 0 0
 5147 46 7 128064 128768 130560 136768 83456 65800 0 0 302848 194624 712200 761352 0 0 0
 5158 46 8 26112 25600 83200 102144 247960 91392 40192 314944 0 361088 739088 728136 0 0 0
 5169 46 9 115776 134720 512 115728 147200 22272 0 190720 378688 0 730904 590528 0 0 0
 5180 47 0 0 271168 203008 127520 135688 171840 65792 23040 23872 119040 639696 579136 0 0 0
 5191 47 1 264256 0 387584 141888 512 191752 79872 0 25344 118528 760976 642560 0 0 0
 5202 47 2 173888 410944 0 366208 119040 256 77568 8 81416 768 718608 717056 0 0 0
 5213 47 3 128256 150528 360192 0 231424 56960 256 4864 100872 104256 658272 756104 0 0 0
 5224 47 4 132608 520 120064 216576 0 364872 68096 0 253440 145920 706704 712960 0 0 0
 5235 47 5 162816 197640 256 56584 369216 0 340096 0 88320 17664 693200 610952 0 0 0
 5246 47 6 66952 79616 82176 512 79872 349952 0 26368 205960 88840 621912 700864 0 0 0
 5257 47 7 145920 132608 124432 130304 76544 65864 292936 0 308032 187136 41480 40704 0 0 0
 5268 47 8 25608 26368 82944 106496 255296 89088 197704 23552 0 374272 733376 733848 0 0 0
 5279 47 9 118528 134144 768 109312 151560 13568 77576 4352 379456 0 732432 592512 0 0 0
 5290 48 0 0 265088 195840 139528 151112 177984 67328 143360 28160 125696 669376 592640 0 0 0
 5301 48 1 288256 0 366400 138816 512 195840 77056 134208 256 136448 734856 629504 0 0 0
 5312 48 2 187648 380544 0 367424 125440 512 80128 144208 6400 0 718088 702336 0 0 0
 5323 48 3 132096 144192 362240 0 220672 58624 1536 126208 256 113168 673160 734880 0 0 0
 5334 48 4 148864 0 112128 211552 0 343552 79872 77320 19456 149280 735816 687808 0 0 0
 5345 48 5 163072 197952 256 51968 359616 0 348864 68096 15872 20736 674880 615872 0 0 0
 5356 48 6 64000 73216 74752 512 85504 348032 0 304896 0 83840 665408 689536 0 0 0
 5367 48 7 140096 140288 136512 134976 80128 57344 279296 0 57408 195840 737352 781392 0 0 0
 5378 48 8 26368 30472 93448 94464 252416 87104 210688 311552 0 377600 83264 51968 0 0 0
 5389 48 9 111616 131840 768 113152 147456 21760 83200 186624 7424 0 771968 603792 0 0 0
 5400 49 0 0 270336 199744 125440 147840 159744 61448 147456 23808 15872 688472 602688 0 0 0
 5411 49 1 281344 0 373568 139584 1024 196240 83968 131840 31232 0 708960 644680 0 0 0
 5422 49 2 194624 381184 0 360448 123200 512 77056 138760 91136 0 721736 700032 0 0 0
 5433 49 3 137808 149568 361856 0 221248 51712 512 124160 97536 8960 644880 749312 0 0 0
 5444 49 4 148480 1024 112640 209664 0 379712 77568 77824 248064 0 700560 695680 0 0 0
 5455 49 5 169728 190752 512 54272 362248 0 336384 62208 95552 15616 683328 623568 0 0 0
 5466 49 6 62472 74240 81728 1024 79104 341312 0 298368 207936 19976 664592 690496 0 0 0
 5477 49 7 142592 132680 135816 140032 76800 71168 301056 0 309760 12544 737408 759576 0 0 0
 5488 49 8 35584 23296 77824 96000 246016 89856 200192 298768 0 121088 731200 735104 0 0 0
 5499 49 9 118528 130560 1024 107728 138504 16640 80392 188160 361024 0 115584 96776 0 0 0
 5510 50 0 0 285576 191488 131584 145152 164608 66816 141824 25600 117760 671880 604416 0 0 0
 5521 50 1 272128 0 387136 150784 520 197120 81672 138760 25344 131968 730568 644936 0 0 0
 5532 50 2 192512 383296 0 374592 121472 256 73856 137216 90112 256 688704 665992 0 0 0
 5543 50 3 130056 145152 359936 0 214608 52480 32 133120 93952 106240 585792 681536 0 0 0
 5554 50 4 151040 264 116104 209920 0 343368 65864 82944 243712 150016 705496 691456 0 0 0
 5565 50 5 173056 194112 768 47616 363008 0 330560 65792 84800 21248 672328 615168 0 0 0
 5576 50 6 68928 84224 78080 512 79936 342784 0 303872 198912 86016 568744 631816 0 0 0
 5587 50 7 137472 121344 131328 140544 72968 75520 282368 0 308544 192512 740616 737600 0 0 0
 5598 50 8 24832 26624 89344 102016 251472 90624 201536 289600 0 373504 711232 728712 0 0 0
 5609 50 9 126272 134912 512 109760 147816 20736 80192 185088 368968 0 690528 512832 0 0 0