# Format <LP ID> <Rail ID> <Level ID> <Switch ID> <Link traffic per switch port(s)># Switch ports: 8
 58 0 0 0 586315656 644182688 553374304 605469088 335776312 332310112 328364584 323649976
 59 0 1 32 248996864 264037120 281796480 269386764 167975300 159463636 151936212 148872884
 60 0 2 64 133705384 181792188 158459012 172254612 193306020 315748828 259555480 127167152
 119 0 0 1 611278912 655949728 518047104 518388608 281290944 280048408 276849984 272718128
 120 0 1 33 247084304 261959840 279595736 267369288 166580940 158594328 152679256 148946128
 121 0 2 65 125951752 171272436 147656508 161420668 181084868 298330428 245169164 119374928
 180 0 0 2 593732272 563197528 668917360 627864408 293197652 293419584 289258424 284895444
 181 0 1 34 245294280 259769448 276876968 264318544 164147128 157651456 149226520 146222128
 182 0 2 66 119754088 161646084 138546200 151845464 171427288 279455896 230454828 110799376
 241 0 0 3 648835800 610689064 551854096 551874696 285679152 284781348 281195416 278251644
 242 0 1 35 242640832 256388288 272837504 260526084 162071804 154044784 147897312 144800840
 243 0 2 67 117109976 157903092 135300740 148304568 165740920 272256860 223951204 107477048
 302 0 0 4 581900008 699493832 539348432 646603632 297617700 295410808 292394096 288281532
 303 0 1 36 275721552 205148036 313400580 271817504 193639548 181243788 170853584 165706876
 304 0 2 68 132068024 180579964 156735692 170814392 190862604 313720720 256457104 126303912
 363 0 0 5 515635816 553135408 524265600 593238224 215804756 214911128 213143236 211512536
 364 0 1 37 274463420 203215760 311624760 269862564 191450524 179996208 169946828 164666876
 365 0 2 69 125228640 169401744 146304104 159896012 180091968 295712528 242788240 117623588
 424 0 0 6 706816416 695559320 656005272 663053128 319005704 315919148 312826940 307402168
 425 0 1 38 270881144 201403872 309327860 266842500 189439300 178156592 167912412 163211776
 426 0 2 70 118692712 162149808 137857732 150929128 169627428 278554616 229257116 110124784
 485 0 0 7 665542872 595755496 638784160 547769744 272489508 270171396 268676872 265264824
 486 0 1 39 268108356 198339508 306502840 262569120 186886792 175038936 165665600 161606816
 487 0 2 71 116260992 156682944 134293580 147759584 165157680 270986836 222841976 106830984
 546 0 0 8 693455816 628047296 590784072 538436240 301793872 299007256 295951600 292146976
 547 0 1 40 288814852 266293632 255604356 234168304 175151292 164470356 155339032 152252384
 548 0 2 72 130496224 178699864 154307580 168183532 189524144 310482728 254818728 124712640
 607 0 0 9 601616832 577998800 630402984 596606744 282851132 280676124 278276048 274368632
 608 0 1 41 286251548 264567728 253716724 232360732 173224424 162919924 154499592 150798360
 609 0 2 73 123996184 168327488 145234688 159881900 177536900 292751096 240961724 116872556
 668 0 0 10 642080872 593812840 553829848 535063864 274623568 271708412 270847884 267720504
 669 0 1 42 283349240 261562512 250937792 230589572 171179964 162792804 153378308 149409084
 670 0 2 74 117510712 158198688 136283276 149109996 168470700 275420000 226885380 109178948
 729 0 0 11 550578008 740817480 484210200 526946800 252863176 251756132 248868680 245882908
 730 0 1 43 279102656 258250880 247509944 227686592 169276668 160217784 151334404 148368324
 731 0 2 75 115834944 154908272 133429520 146485780 164005712 267055124 220907128 105250320
 790 0 0 12 507667376 545795552 509997384 578700696 198395116 197270972 195315940 193790004
 791 0 1 44 185394952 292777548 319058760 327045292 182596092 172069428 161497168 157243744
 792 0 2 76 129121344 175989628 152441784 166459892 186847748 306129812 251437140 123133972
 851 0 0 13 799893584 788645720 516666472 513439616 286749832 285276688 281722028 279143996
 852 0 1 45 184164300 291127924 316724448 324548688 180853468 170245816 160384980 157001272
 853 0 2 77 121936744 165528368 142893480 156673824 175392404 289648600 236679492 114385656
 912 0 0 14 592959616 558020528 781175112 674611064 322271732 319585728 316903520 312519036
 913 0 1 46 181948800 288419300 313639276 321863600 179388456 168246524 158567292 155444704
 914 0 2 78 116377960 157053416 134423664 147558084 166567856 273432752 223900736 107823364
 973 0 0 15 797483728 702365344 583459568 563661680 356440992 353518392 349915256 345240192
 974 0 1 47 180001932 283595420 309480476 318393348 177256500 166036412 157579296 153519248
 975 0 2 79 114256208 153685496 131869304 144477604 161738632 265694576 218513584 104453052
 1034 0 0 16 580624176 567059400 630626744 579234344 272344084 270877276 268360800 265371752
 1035 0 1 48 262214696 266549724 325371424 215030256 196735388 184771228 173438232 169564220
 1095 0 0 17 602295136 613928848 538804784 549735112 268974472 267941448 266835252 264055908
 1096 0 1 49 260309216 264149564 322948032 213574296 194811072 183107560 172812184 168536964
 1156 0 0 18 572488840 870786376 528580272 828147248 306899640 304162672 301373052 297723932
 1157 0 1 50 257309168 261497056 321328932 211413740 193016280 182386360 171844864 167342836
 1217 0 0 19 516648704 566240896 517882240 701065824 233897876 231527812 230032676 228006932
 1218 0 1 51 253898512 258092224 317954684 208881308 190409276 180314744 170389256 165765160
 1278 0 0 20 573182216 690776040 523486032 630741232 302574624 300322296 298508732 295585404
 1279 0 1 52 279025404 256155136 493810508 635687692 225877536 212925092 200883052 195226164
 1339 0 0 21 563906584 612498416 541521272 628281464 273891028 272339228 269970296 266946136
 1340 0 1 53 277320676 253698152 490473724 632312708 223821616 210673032 198667356 193498720
 1400 0 0 22 895854336 905448240 766755832 786298008 340502756 337541916 334537288 330789296
 1401 0 1 54 274466948 250992372 483646616 626877632 222549184 208678324 196233724 191923592
 1461 0 0 23 1079815400 998399128 1007252824 923182264 416830164 411287844 406643128 401251008
 1462 0 1 55 271348460 247868516 479341944 621819616 219520308 205384892 194678800 189515048
 1522 0 0 24 909289168 656009824 805209720 543564936 352221496 349525244 344950980 340271888
 1523 0 1 56 380374332 308953296 263457560 428776844 257276792 239690200 222548600 215628264
 1583 0 0 25 561448224 559936296 784387912 790110744 305365496 303554796 299969436 296092104
 1584 0 1 57 377480236 307391620 260364244 425510800 255018872 237372412 221076264 213919816
 1644 0 0 26 767272048 582840432 552159824 512564048 285362868 283530616 281547196 278083104
 1645 0 1 58 375457496 304154884 258913820 421256868 251093512 234909780 218289364 211890920
 1705 0 0 27 763057392 736281048 750677000 735793552 414625352 410179172 405926072 400516444
 1706 0 1 59 369988232 300037296 255942144 415041664 247253212 231565040 215711228 209955676
 1766 0 0 28 715134872 611001976 675608472 578552872 347804328 345442068 341563780 336469272
 1767 0 1 60 322756496 316298248 264027604 177312144 142736728 135627024 127433344 123549872
 1827 0 0 29 626833536 592072384 669768640 642066080 336238788 333397004 330480800 326633152
 1828 0 1 61 320117308 314044572 261986116 175632548 141781496 134137544 127126864 123446440
 1888 0 0 30 655928864 611257024 518349184 518007680 281404192 279390676 277330032 272754788
 1889 0 1 62 317214944 311494364 259560184 173867872 140411616 132740696 125605216 122431760
 1949 0 0 31 536177984 481627240 548892864 500014528 179475648 179159872 177937576 175132496
 1950 0 1 63 312459756 306064496 256459192 171340292 138886760 130535976 123881936 121157344