# Format <LP id> <Terminal ID> <Total Data Size> <Aggregate packet latency> <# Flits/Packets finished> <Avg hops> <Busy Time>
 3 0 41724232 4254.695518 86009 2.036672 78779256080.967972
 4 1 47777072 4720.569206 98308 2.293131 45314004236.787193
 5 2 47348712 3720.244629 97495 2.161657 58704809875.472649
 10 3 52619864 5477.632556 108764 2.521154 50140886238.560402
 11 4 46789968 3571.835326 96274 2.656832 53602408247.593590
 12 5 52533128 3358.899895 109001 2.840369 49607813441.036232
 17 6 46003904 3297.199562 94344 3.231187 19590624882.569397
 18 7 86182000 55471.401999 174831 2.691165 5065167760.022729
 19 8 41590832 6477.997676 84548 1.988893 22845732177.119858
 24 9 35431112 5547.023136 71769 1.710364 29061227909.281776
 25 10 46537304 2274.941493 95324 2.550479 27256071789.067062
 26 11 41162472 2808.616901 83735 2.435469 60462633863.500183
 31 12 46245128 1537.785909 94781 2.420069 60348562429.713264
 32 13 40707408 2291.820525 82834 2.545357 53451247420.059875
 33 14 86182000 51312.632328 174831 2.665806 21423473359.035721
 38 15 46003904 6097.113602 94344 3.487970 22175107038.756523
 39 16 41162472 4967.030292 83735 3.558127 11431877203.266674
 40 17 46537304 2295.166579 95324 3.989808 14705825921.999252
 45 18 35431112 1976.153748 71769 2.978034 25345360006.762924
 46 19 41590832 3766.992730 84548 2.801223 22486073425.788017
 47 20 46003904 2054.514855 94344 4.086088 9405103519.030081
 52 21 86182000 44864.428298 174831 3.343686 2036892064.358564
 53 22 40707408 1210.991673 82834 2.747087 51174286198.195312
 54 23 46245128 3551.505405 94781 2.540117 32253147345.219635
 59 24 46537304 2014.326140 95324 3.109539 37678795536.155800
 60 25 41162472 1495.058813 83735 2.728947 15320577077.258104
 61 26 41590832 3486.302694 84548 1.975299 30975375849.805355
 66 27 35431112 1742.600821 71769 2.079823 15273238616.888784
 67 28 86182000 53493.937766 174831 2.702730 7975101991.080288
 68 29 46003904 2326.666007 94344 3.335533 30665563186.250305
 73 30 46245128 1317.675031 94781 2.685601 28956819293.318726
 74 31 40707408 1707.084178 82834 2.749904 17067986998.085138
 75 32 40707412 4069.471494 82835 3.737921 41023366595.113052
 80 33 46245132 3373.158246 94782 4.026689 72496337246.067566
 81 34 46003908 1899.075857 94345 3.959378 54442281764.539879
 82 35 86182004 66481.490826 174832 4.048143 6804848391.903367
 87 36 35431116 2836.238076 71770 3.322632 4145593198.044315
 88 37 41590836 2968.629417 84549 3.042753 1238762860.738599
 89 38 41162476 1539.152860 83736 3.030961 15382711717.407997
 94 39 46537308 3409.863666 95325 2.936678 4933146572.024420
 95 40 46245132 2643.479604 94782 3.330325 27084543160.473122
 96 41 40707412 2013.965709 82835 2.749572 38492424162.890411
 101 42 86182004 53120.987888 174832 2.982567 4485249305.733310
 102 43 46003908 3156.085458 94345 3.348285 45194575814.202621
 103 44 41590836 2572.768245 84549 2.175315 54109829041.507263
 108 45 35431116 1719.665669 71770 1.937018 38585836704.426193
 109 46 46537308 1530.859121 95325 2.678899 43625848998.359802
 110 47 41162476 1647.180976 83736 2.567906 31044609743.398987
 115 48 46003908 2315.404481 94345 3.197543 15536580222.789503
 116 49 86182004 44933.022163 174832 3.386489 3499586859.298825
 117 50 40707412 1346.317472 82835 3.382650 13778566199.282696
 122 51 46245132 2976.464523 94782 4.162154 6543156242.636852
 123 52 41162476 4111.639957 83736 2.710025 12329156202.929770
 124 53 46537308 3101.179789 95325 3.300593 16173968178.250452
 129 54 35431116 3351.455526 71770 4.564738 0.000000
 130 55 41590836 5230.382663 84549 3.899194 6568035501.692218
 131 56 86182004 55921.451182 174832 3.241148 3122798849.682281
 136 57 46003908 4232.969148 94345 3.371903 39724886366.755653
 137 58 46245132 2046.085180 94782 3.326801 45769986865.897461
 138 59 40707412 998.818437 82835 2.532270 72051504564.056534
 143 60 46537308 2998.831231 95325 3.186577 40633600470.316017
 144 61 41162476 1349.158443 83736 2.730806 55381283107.662437
 145 62 41590836 1580.003640 84549 2.096330 56376271482.826797
 150 63 35431116 4269.203400 71770 2.226083 34498951825.468811
 151 64 0 nan 0 nan 0.000000
 152 65 0 nan 0 nan 0.000000
 157 66 0 nan 0 nan 0.000000
 158 67 0 nan 0 nan 0.000000
 159 68 0 nan 0 nan 0.000000
 164 69 0 nan 0 nan 0.000000
 165 70 0 nan 0 nan 0.000000
 166 71 0 nan 0 nan 0.000000
 171 72 0 nan 0 nan 0.000000
 172 73 0 nan 0 nan 0.000000
 173 74 0 nan 0 nan 0.000000
 178 75 0 nan 0 nan 0.000000
 179 76 0 nan 0 nan 0.000000
 180 77 0 nan 0 nan 0.000000
 185 78 0 nan 0 nan 0.000000
 186 79 0 nan 0 nan 0.000000
 187 80 0 nan 0 nan 0.000000
 192 81 0 nan 0 nan 0.000000
 193 82 0 nan 0 nan 0.000000
 194 83 0 nan 0 nan 0.000000
 199 84 0 nan 0 nan 0.000000
 200 85 0 nan 0 nan 0.000000
 201 86 0 nan 0 nan 0.000000
 206 87 0 nan 0 nan 0.000000
 207 88 0 nan 0 nan 0.000000
 208 89 0 nan 0 nan 0.000000
 213 90 0 nan 0 nan 0.000000
 214 91 0 nan 0 nan 0.000000
 215 92 0 nan 0 nan 0.000000
 220 93 0 nan 0 nan 0.000000
 221 94 0 nan 0 nan 0.000000
 222 95 0 nan 0 nan 0.000000
 227 96 0 nan 0 nan 0.000000
 228 97 0 nan 0 nan 0.000000
 229 98 0 nan 0 nan 0.000000
 234 99 0 nan 0 nan 0.000000
 235 100 0 nan 0 nan 0.000000
 236 101 0 nan 0 nan 0.000000
 241 102 0 nan 0 nan 0.000000
 242 103 0 nan 0 nan 0.000000
 243 104 0 nan 0 nan 0.000000
 248 105 0 nan 0 nan 0.000000
 249 106 0 nan 0 nan 0.000000
 250 107 0 nan 0 nan 0.000000
 255 108 0 nan 0 nan 0.000000
 256 109 0 nan 0 nan 0.000000
 257 110 0 nan 0 nan 0.000000
 262 111 0 nan 0 nan 0.000000
 263 112 0 nan 0 nan 0.000000
 264 113 0 nan 0 nan 0.000000
 269 114 0 nan 0 nan 0.000000
 270 115 0 nan 0 nan 0.000000
 271 116 0 nan 0 nan 0.000000
 276 117 0 nan 0 nan 0.000000
 277 118 0 nan 0 nan 0.000000
 278 119 0 nan 0 nan 0.000000
 283 120 0 nan 0 nan 0.000000
 284 121 0 nan 0 nan 0.000000
 285 122 0 nan 0 nan 0.000000
 290 123 0 nan 0 nan 0.000000
 291 124 0 nan 0 nan 0.000000
 292 125 0 nan 0 nan 0.000000
 297 126 0 nan 0 nan 0.000000
 298 127 0 nan 0 nan 0.000000
 299 128 0 nan 0 nan 0.000000
 304 129 0 nan 0 nan 0.000000
 305 130 0 nan 0 nan 0.000000
 306 131 0 nan 0 nan 0.000000
 311 132 0 nan 0 nan 0.000000
 312 133 0 nan 0 nan 0.000000
 313 134 0 nan 0 nan 0.000000
 318 135 0 nan 0 nan 0.000000
 319 136 0 nan 0 nan 0.000000
 320 137 0 nan 0 nan 0.000000
 325 138 0 nan 0 nan 0.000000
 326 139 0 nan 0 nan 0.000000
 327 140 0 nan 0 nan 0.000000
 332 141 0 nan 0 nan 0.000000
 333 142 0 nan 0 nan 0.000000
 334 143 0 nan 0 nan 0.000000
 339 144 0 nan 0 nan 0.000000
 340 145 0 nan 0 nan 0.000000
 341 146 0 nan 0 nan 0.000000
 346 147 0 nan 0 nan 0.000000
 347 148 0 nan 0 nan 0.000000
 348 149 0 nan 0 nan 0.000000
 353 150 0 nan 0 nan 0.000000
 354 151 0 nan 0 nan 0.000000
 355 152 0 nan 0 nan 0.000000
 360 153 0 nan 0 nan 0.000000
 361 154 0 nan 0 nan 0.000000
 362 155 0 nan 0 nan 0.000000
 367 156 0 nan 0 nan 0.000000
 368 157 0 nan 0 nan 0.000000
 369 158 0 nan 0 nan 0.000000
 374 159 0 nan 0 nan 0.000000
 375 160 0 nan 0 nan 0.000000
 376 161 0 nan 0 nan 0.000000
 381 162 0 nan 0 nan 0.000000
 382 163 0 nan 0 nan 0.000000
 383 164 0 nan 0 nan 0.000000
 388 165 0 nan 0 nan 0.000000
 389 166 0 nan 0 nan 0.000000
 390 167 0 nan 0 nan 0.000000
 395 168 0 nan 0 nan 0.000000
 396 169 0 nan 0 nan 0.000000
 397 170 0 nan 0 nan 0.000000
 402 171 0 nan 0 nan 0.000000
 403 172 0 nan 0 nan 0.000000
 404 173 0 nan 0 nan 0.000000
 409 174 0 nan 0 nan 0.000000
 410 175 0 nan 0 nan 0.000000
 411 176 0 nan 0 nan 0.000000
 416 177 0 nan 0 nan 0.000000
 417 178 0 nan 0 nan 0.000000
 418 179 0 nan 0 nan 0.000000
 423 180 0 nan 0 nan 0.000000
 424 181 0 nan 0 nan 0.000000
 425 182 0 nan 0 nan 0.000000
 430 183 0 nan 0 nan 0.000000
 431 184 0 nan 0 nan 0.000000
 432 185 0 nan 0 nan 0.000000
 437 186 0 nan 0 nan 0.000000
 438 187 0 nan 0 nan 0.000000
 439 188 0 nan 0 nan 0.000000
 444 189 0 nan 0 nan 0.000000
 445 190 0 nan 0 nan 0.000000
 446 191 0 nan 0 nan 0.000000
 451 192 0 nan 0 nan 0.000000
 452 193 0 nan 0 nan 0.000000
 453 194 0 nan 0 nan 0.000000
 458 195 0 nan 0 nan 0.000000
 459 196 0 nan 0 nan 0.000000
 460 197 0 nan 0 nan 0.000000
 465 198 0 nan 0 nan 0.000000
 466 199 0 nan 0 nan 0.000000
 467 200 0 nan 0 nan 0.000000
 472 201 0 nan 0 nan 0.000000
 473 202 0 nan 0 nan 0.000000
 474 203 0 nan 0 nan 0.000000
 479 204 0 nan 0 nan 0.000000
 480 205 0 nan 0 nan 0.000000
 481 206 0 nan 0 nan 0.000000
 486 207 0 nan 0 nan 0.000000
 487 208 0 nan 0 nan 0.000000
 488 209 0 nan 0 nan 0.000000
 493 210 0 nan 0 nan 0.000000
 494 211 0 nan 0 nan 0.000000
 495 212 0 nan 0 nan 0.000000
 500 213 0 nan 0 nan 0.000000
 501 214 0 nan 0 nan 0.000000
 502 215 0 nan 0 nan 0.000000
 507 216 0 nan 0 nan 0.000000
 508 217 0 nan 0 nan 0.000000
 509 218 0 nan 0 nan 0.000000
 514 219 0 nan 0 nan 0.000000
 515 220 0 nan 0 nan 0.000000
 516 221 0 nan 0 nan 0.000000
 521 222 0 nan 0 nan 0.000000
 522 223 0 nan 0 nan 0.000000
 523 224 0 nan 0 nan 0.000000
 528 225 0 nan 0 nan 0.000000
 529 226 0 nan 0 nan 0.000000
 530 227 0 nan 0 nan 0.000000
 535 228 0 nan 0 nan 0.000000
 536 229 0 nan 0 nan 0.000000
 537 230 0 nan 0 nan 0.000000
 542 231 0 nan 0 nan 0.000000
 543 232 0 nan 0 nan 0.000000
 544 233 0 nan 0 nan 0.000000
 549 234 0 nan 0 nan 0.000000
 550 235 0 nan 0 nan 0.000000
 551 236 0 nan 0 nan 0.000000
 556 237 0 nan 0 nan 0.000000
 557 238 0 nan 0 nan 0.000000
 558 239 0 nan 0 nan 0.000000
 563 240 0 nan 0 nan 0.000000
 564 241 0 nan 0 nan 0.000000
 565 242 0 nan 0 nan 0.000000
 570 243 0 nan 0 nan 0.000000
 571 244 0 nan 0 nan 0.000000
 572 245 0 nan 0 nan 0.000000
 577 246 0 nan 0 nan 0.000000
 578 247 0 nan 0 nan 0.000000
 579 248 0 nan 0 nan 0.000000
 584 249 0 nan 0 nan 0.000000
 585 250 0 nan 0 nan 0.000000
 586 251 0 nan 0 nan 0.000000
 591 252 0 nan 0 nan 0.000000
 592 253 0 nan 0 nan 0.000000
 593 254 0 nan 0 nan 0.000000
 598 255 0 nan 0 nan 0.000000
 599 256 0 nan 0 nan 0.000000
 600 257 0 nan 0 nan 0.000000
 605 258 0 nan 0 nan 0.000000
 606 259 0 nan 0 nan 0.000000
 607 260 0 nan 0 nan 0.000000
 612 261 0 nan 0 nan 0.000000
 613 262 0 nan 0 nan 0.000000
 614 263 0 nan 0 nan 0.000000
 619 264 0 nan 0 nan 0.000000
 620 265 0 nan 0 nan 0.000000
 621 266 0 nan 0 nan 0.000000
 626 267 0 nan 0 nan 0.000000
 627 268 0 nan 0 nan 0.000000
 628 269 0 nan 0 nan 0.000000
 633 270 0 nan 0 nan 0.000000
 634 271 0 nan 0 nan 0.000000
 635 272 0 nan 0 nan 0.000000
 640 273 0 nan 0 nan 0.000000
 641 274 0 nan 0 nan 0.000000
 642 275 0 nan 0 nan 0.000000
 647 276 0 nan 0 nan 0.000000
 648 277 0 nan 0 nan 0.000000
 649 278 0 nan 0 nan 0.000000
 654 279 0 nan 0 nan 0.000000
 655 280 0 nan 0 nan 0.000000
 656 281 0 nan 0 nan 0.000000
 661 282 0 nan 0 nan 0.000000
 662 283 0 nan 0 nan 0.000000
 663 284 0 nan 0 nan 0.000000
 668 285 0 nan 0 nan 0.000000
 669 286 0 nan 0 nan 0.000000
 670 287 0 nan 0 nan 0.000000
 675 288 0 nan 0 nan 0.000000
 676 289 0 nan 0 nan 0.000000
 677 290 0 nan 0 nan 0.000000
 682 291 0 nan 0 nan 0.000000
 683 292 0 nan 0 nan 0.000000
 684 293 0 nan 0 nan 0.000000
 689 294 0 nan 0 nan 0.000000
 690 295 0 nan 0 nan 0.000000
 691 296 0 nan 0 nan 0.000000
 696 297 0 nan 0 nan 0.000000
 697 298 0 nan 0 nan 0.000000
 698 299 0 nan 0 nan 0.000000
 703 300 0 nan 0 nan 0.000000
 704 301 0 nan 0 nan 0.000000
 705 302 0 nan 0 nan 0.000000
 710 303 0 nan 0 nan 0.000000
 711 304 0 nan 0 nan 0.000000
 712 305 0 nan 0 nan 0.000000
 717 306 0 nan 0 nan 0.000000
 718 307 0 nan 0 nan 0.000000
 719 308 0 nan 0 nan 0.000000
 724 309 0 nan 0 nan 0.000000
 725 310 0 nan 0 nan 0.000000
 726 311 0 nan 0 nan 0.000000
 731 312 0 nan 0 nan 0.000000
 732 313 0 nan 0 nan 0.000000
 733 314 0 nan 0 nan 0.000000
 738 315 0 nan 0 nan 0.000000
 739 316 0 nan 0 nan 0.000000
 740 317 0 nan 0 nan 0.000000
 745 318 0 nan 0 nan 0.000000
 746 319 0 nan 0 nan 0.000000
 747 320 0 nan 0 nan 0.000000
 752 321 0 nan 0 nan 0.000000
 753 322 0 nan 0 nan 0.000000
 754 323 0 nan 0 nan 0.000000
 759 324 0 nan 0 nan 0.000000
 760 325 0 nan 0 nan 0.000000
 761 326 0 nan 0 nan 0.000000
 766 327 0 nan 0 nan 0.000000
 767 328 0 nan 0 nan 0.000000
 768 329 0 nan 0 nan 0.000000
 773 330 0 nan 0 nan 0.000000
 774 331 0 nan 0 nan 0.000000
 775 332 0 nan 0 nan 0.000000
 780 333 0 nan 0 nan 0.000000
 781 334 0 nan 0 nan 0.000000
 782 335 0 nan 0 nan 0.000000
 787 336 0 nan 0 nan 0.000000
 788 337 0 nan 0 nan 0.000000
 789 338 0 nan 0 nan 0.000000
 794 339 0 nan 0 nan 0.000000
 795 340 0 nan 0 nan 0.000000
 796 341 0 nan 0 nan 0.000000