# Format <LP ID> <Group ID> <Router ID> <Link traffic per router port(s)># Router ports in the order: 6 local channels, 3 global channels
 6 0 0 0 45261464 42588856 10647028 14333808 24864116 13740548 13603272 13758636
 13 0 1 56634704 0 62482828 22900616 23426076 29842724 23097800 13797008 13663352
 20 0 2 37020120 53529040 0 32773972 34977460 20114532 26962552 13684252 13721892
 27 0 3 7111440 19936260 33610652 0 41257472 23945392 22431160 13648020 13672236
 34 0 4 12232224 22141068 34429324 36651656 0 35409820 13663188 13665844 13767776
 41 0 5 24455100 27860448 20648156 28403348 40924336 0 13743992 13706324 13778940
 48 1 0 0 65374380 24483648 15913856 15332016 27261488 21404080 18205712 18081120
 55 1 1 60980688 0 16983496 24843716 24698644 28882088 18026660 18250244 18163260
 62 1 2 24556020 16526000 0 67113544 21388208 23791660 27453200 18088160 18098632
 69 1 3 16689672 25817816 59077368 0 43957428 26189112 25433548 18088416 18077024
 76 1 4 15945012 24962992 23014648 48956996 0 45370392 18125056 18106896 18152404
 83 1 5 28163280 29833200 24171936 26258144 46756616 0 18093744 18078724 18135896
 90 2 0 0 39929128 23023064 12428452 20621500 24712388 25541160 16526712 16550056
 97 2 1 45865208 0 52518996 32768952 20918384 25686428 28310528 16488312 16454280
 104 2 2 24058336 47031136 0 55386264 22122184 18437176 16514648 16526256 16483232
 111 2 3 12628156 30062192 60115236 0 16436416 13836556 19523904 16474488 16620728
 118 2 4 21408092 20448484 21745768 16760568 0 62047808 16515520 16411624 16432600
 125 2 5 26771532 26232268 19387304 15622740 71355448 0 16513712 16475464 16564104
 132 3 0 0 52376516 45146656 15918044 12599568 12651136 20209792 8658944 8659784
 139 3 1 60533152 0 42164052 20728640 8119968 8159696 25531680 8636352 8674680
 146 3 2 52461320 38584896 0 23543896 5108568 5158928 19349092 8617976 8666864
 153 3 3 18400556 17292680 21378472 0 78408 82688 8769600 8635144 8545704
 160 3 4 13656900 8362776 5708368 357824 0 0 8631112 8582464 8688544
 167 3 5 13656364 8347428 5772100 377560 0 0 8675928 8673496 8700664
 174 4 0 0 9508304 3378076 777768 0 0 12031464 0 0
 181 4 1 8777888 0 7195776 2157328 0 0 18958680 0 0
 188 4 2 2860024 7270848 0 6384280 0 0 16621332 0 0
 195 4 3 397008 2178528 6053824 0 0 0 9319512 0 0
 202 4 4 0 0 0 0 0 0 0 0 0
 209 4 5 0 0 0 0 0 0 0 0 0
 216 5 0 0 9518920 3440912 780528 0 0 11840344 0 0
 223 5 1 8650408 0 7284128 2161352 0 0 18982496 0 0
 230 5 2 2810936 7276272 0 6426592 0 0 16837776 0 0
 237 5 3 376280 2188496 6110312 0 0 0 9369768 0 0
 244 5 4 0 0 0 0 0 0 0 0 0
 251 5 5 0 0 0 0 0 0 0 0 0
 258 6 0 0 9486760 3326656 790416 0 0 12018952 0 0
 265 6 1 8797512 0 7230000 2178168 0 0 18958080 0 0
 272 6 2 2826360 7280824 0 6418112 0 0 16633000 0 0
 279 6 3 395752 2188776 6072848 0 0 0 9386536 0 0
 286 6 4 0 0 0 0 0 0 0 0 0
 293 6 5 0 0 0 0 0 0 0 0 0
 300 7 0 0 9693312 3326824 777576 0 0 11986976 0 0
 307 7 1 8744720 0 7287532 2216240 0 0 19154568 0 0
 314 7 2 2844592 7267144 0 6379120 0 0 16654364 0 0
 321 7 3 396984 2194200 6042080 0 0 0 9374576 0 0
 328 7 4 0 0 0 0 0 0 0 0 0
 335 7 5 0 0 0 0 0 0 0 0 0
 342 8 0 0 9544368 3345732 794368 0 0 11875808 0 0
 349 8 1 8651952 0 7217400 2221976 0 0 18979496 0 0
 356 8 2 2817784 7280368 0 6429552 0 0 16619812 0 0
 363 8 3 405440 2157160 6057584 0 0 0 9444784 0 0
 370 8 4 0 0 0 0 0 0 0 0 0
 377 8 5 0 0 0 0 0 0 0 0 0
 384 9 0 0 9478320 3353052 813808 0 0 11920584 0 0
 391 9 1 8690232 0 7208488 2188184 0 0 18876944 0 0
 398 9 2 2830192 7242856 0 6399912 0 0 16644348 0 0
 405 9 3 401120 2153144 6081104 0 0 0 9403352 0 0
 412 9 4 0 0 0 0 0 0 0 0 0
 419 9 5 0 0 0 0 0 0 0 0 0
 426 10 0 0 9561656 3324980 782832 0 0 11923424 0 0
 433 10 1 8719112 0 7187312 2197280 0 0 18914688 0 0
 440 10 2 2816248 7197800 0 6396592 0 0 16553588 0 0
 447 10 3 387560 2155680 6040616 0 0 0 9379272 0 0
 454 10 4 0 0 0 0 0 0 0 0 0
 461 10 5 0 0 0 0 0 0 0 0 0
 468 11 0 0 9601156 3309920 797040 0 0 11995472 0 0
 475 11 1 8763456 0 7138256 2182172 0 0 19082388 0 0
 482 11 2 2838440 7274568 0 6361888 0 0 16523808 0 0
 489 11 3 393864 2206016 6073592 0 0 0 9341692 0 0
 496 11 4 0 0 0 0 0 0 0 0 0
 503 11 5 0 0 0 0 0 0 0 0 0
 510 12 0 0 9627320 3356596 772504 0 0 11822088 0 0
 517 12 1 8636448 0 7236400 2207688 0 0 19129728 0 0
 524 12 2 2796888 7294064 0 6458088 0 0 16656452 0 0
 531 12 3 387224 2208568 6063184 0 0 0 9440024 0 0
 538 12 4 0 0 0 0 0 0 0 0 0
 545 12 5 0 0 0 0 0 0 0 0 0
 552 13 0 0 9541448 3325672 796360 0 0 11952664 0 0
 559 13 1 8749128 0 7199104 2216404 0 0 18992752 0 0
 566 13 2 2803232 7245592 0 6404128 0 0 16594912 0 0
 573 13 3 399648 2204352 6070704 0 0 0 9415988 0 0
 580 13 4 0 0 0 0 0 0 0 0 0
 587 13 5 0 0 0 0 0 0 0 0 0
 594 14 0 0 9558676 3380792 782832 0 0 11930360 0 0
 601 14 1 8718192 0 7212728 2167080 0 0 19007948 0 0
 608 14 2 2827920 7248032 0 6403272 0 0 16680224 0 0
 615 14 3 382784 2199320 6084776 0 0 0 9350272 0 0
 622 14 4 0 0 0 0 0 0 0 0 0
 629 14 5 0 0 0 0 0 0 0 0 0
 636 15 0 0 9480548 3390000 802224 0 0 11948296 0 0
 643 15 1 8728184 0 7189328 2157688 0 0 18985460 0 0
 650 15 2 2826120 7345320 0 6449688 0 0 16572656 0 0
 657 15 3 391824 2160408 5994072 0 0 0 9409608 0 0
 664 15 4 0 0 0 0 0 0 0 0 0
 671 15 5 0 0 0 0 0 0 0 0 0
 678 16 0 0 9584776 3397688 786504 0 0 12004528 0 0
 685 16 1 8775056 0 7153424 2226028 0 0 19009600 0 0
 692 16 2 2844744 7211696 0 6377304 0 0 16639584 0 0
 699 16 3 384136 2216640 6089408 0 0 0 9389092 0 0
 706 16 4 0 0 0 0 0 0 0 0 0
 713 16 5 0 0 0 0 0 0 0 0 0
 720 17 0 0 9596488 3382004 800664 0 0 11935312 0 0
 727 17 1 8740888 0 7187976 2206152 0 0 19104832 0 0
 734 17 2 2799760 7327552 0 6436376 0 0 16697052 0 0
 741 17 3 394784 2182496 6126408 0 0 0 9444544 0 0
 748 17 4 0 0 0 0 0 0 0 0 0
 755 17 5 0 0 0 0 0 0 0 0 0
 762 18 0 0 9531092 3410304 797528 0 0 11829728 0 0
 769 18 1 8620776 0 7239176 2163396 0 0 19073148 0 0
 776 18 2 2801760 7313184 0 6392960 0 0 16783200 0 0
 783 18 3 408000 2223776 6137376 0 0 0 9354324 0 0
 790 18 4 0 0 0 0 0 0 0 0 0
 797 18 5 0 0 0 0 0 0 0 0 0