
 6 0 0 0.000000 470698.380934 2249570.972182 461.535437 81509.321344 229196.390504 0.000000 0.000000 0.000000
 13 0 1 500794.416642 0.000000 2408564.063509 5570.285514 88936.690614 48426.882895 740605.201798 0.000000 0.000000
 20 0 2 509519.448695 360386.705876 0.000000 64158.737474 1489655.298543 56486.822534 0.000000 0.000000 0.000000
 27 0 3 21232.634380 139293.341091 360107.838946 0.000000 3514782.039712 254939.900531 0.000000 0.000000 0.000000
 34 0 4 26061.357999 192669.140391 414783.805506 343244.587357 0.000000 347668.972729 0.000000 0.000000 0.000000
 41 0 5 203195.228605 207567.006453 27511.936127 204536.752394 2365516.003246 0.000000 0.000000 0.000000 0.000000
 48 1 0 0.000000 3896327.101250 67211.659747 16803.838614 3619.113183 1536474.282228 0.000000 0.000000 0.000000
 55 1 1 246142.506077 0.000000 0.000000 94170.195451 21467.478208 1485261.755308 0.000000 0.000000 0.000000
 62 1 2 133258.376441 288442.554092 0.000000 2837478.898651 6861.081244 1431731.403567 0.000000 0.000000 0.000000
 69 1 3 0.000000 421543.803157 125717.456249 0.000000 30642.668705 1505165.707340 0.000000 0.000000 0.000000
 76 1 4 0.000000 467274.507106 124638.044421 2573481.153435 0.000000 4482779.189922 0.000000 0.000000 0.000000
 83 1 5 0.000000 277135.856270 4482.090142 11431.780654 241734.269279 0.000000 0.000000 0.000000 0.000000
 90 2 0 0.000000 247582.618202 56999.864821 0.000000 352486.083472 74791.744375 0.000000 0.000000 0.000000
 97 2 1 101501.640172 0.000000 2314286.588954 48785.893021 371561.797083 23875.134930 24890.647362 0.000000 0.000000
 104 2 2 119660.849838 159259.402868 0.000000 201486.381777 363255.344933 16743.589381 0.000000 0.000000 0.000000
 111 2 3 1673.279905 162109.810429 3371471.063877 0.000000 318881.556300 0.000000 0.000000 0.000000 0.000000
 118 2 4 4813.654367 29675.240857 3706.992465 0.000000 0.000000 357407.664553 0.000000 0.000000 0.000000
 125 2 5 0.000000 97659.600067 2878.735622 0.000000 4098201.139351 0.000000 0.000000 0.000000 0.000000
 132 3 0 0.000000 241721.306221 69099.941327 0.000000 0.000000 0.000000 0.000000 0.000000 0.000000
 139 3 1 2410309.291433 0.000000 138827.073037 59042.964743 0.000000 0.000000 676337.710967 0.000000 0.000000
 146 3 2 2311122.121952 193532.871207 0.000000 170411.640755 0.000000 0.000000 0.000000 0.000000 0.000000
 153 3 3 1200923.231393 15438.096425 58334.143646 0.000000 0.000000 0.000000 0.000000 0.000000 0.000000
 160 3 4 192598.939951 13110.914536 57834.080341 0.000000 0.000000 0.000000 0.000000 0.000000 0.000000
 167 3 5 204448.251914 22132.634141 55660.634842 0.000000 0.000000 0.000000 0.000000 0.000000 0.000000
 174 4 0 0.000000 5127.940380 0.000000 0.000000 0.000000 0.000000 0.000000 0.000000 0.000000
 181 4 1 0.000000 0.000000 0.000000 0.000000 0.000000 0.000000 657699.473495 0.000000 0.000000
 188 4 2 0.000000 88324.783802 0.000000 0.000000 0.000000 0.000000 0.000000 0.000000 0.000000
 195 4 3 0.000000 0.000000 0.000000 0.000000 0.000000 0.000000 0.000000 0.000000 0.000000
 202 4 4 0.000000 0.000000 0.000000 0.000000 0.000000 0.000000 0.000000 0.000000 0.000000
 209 4 5 0.000000 0.000000 0.000000 0.000000 0.000000 0.000000 0.000000 0.000000 0.000000
 216 5 0 0.000000 0.000000 0.000000 0.000000 0.000000 0.000000 0.000000 0.000000 0.000000
 223 5 1 0.000000 0.000000 0.000000 0.000000 0.000000 0.000000 140216.720392 0.000000 0.000000
 230 5 2 0.000000 10664.542750 0.000000 0.000000 0.000000 0.000000 0.000000 0.000000 0.000000
 237 5 3 0.000000 0.000000 0.000000 0.000000 0.000000 0.000000 0.000000 0.000000 0.000000
 244 5 4 0.000000 0.000000 0.000000 0.000000 0.000000 0.000000 0.000000 0.000000 0.000000
 251 5 5 0.000000 0.000000 0.000000 0.000000 0.000000 0.000000 0.000000 0.000000 0.000000
 258 6 0 0.000000 67148.714917 0.000000 0.000000 0.000000 0.000000 0.000000 0.000000 0.000000
 265 6 1 0.000000 0.000000 0.000000 0.000000 0.000000 0.000000 782831.001223 0.000000 0.000000
 272 6 2 0.000000 123622.765201 0.000000 0.000000 0.000000 0.000000 0.000000 0.000000 0.000000
 279 6 3 0.000000 0.000000 0.000000 0.000000 0.000000 0.000000 0.000000 0.000000 0.000000
 286 6 4 0.000000 0.000000 0.000000 0.000000 0.000000 0.000000 0.000000 0.000000 0.000000
 293 6 5 0.000000 0.000000 0.000000 0.000000 0.000000 0.000000 0.000000 0.000000 0.000000
 300 7 0 0.000000 45332.512033 0.000000 0.000000 0.000000 0.000000 0.000000 0.000000 0.000000
 307 7 1 0.000000 0.000000 0.000000 0.000000 0.000000 0.000000 726585.076822 0.000000 0.000000
 314 7 2 0.000000 88354.622896 0.000000 0.000000 0.000000 0.000000 0.000000 0.000000 0.000000
 321 7 3 0.000000 0.000000 0.000000 0.000000 0.000000 0.000000 0.000000 0.000000 0.000000
 328 7 4 0.000000 0.000000 0.000000 0.000000 0.000000 0.000000 0.000000 0.000000 0.000000
 335 7 5 0.000000 0.000000 0.000000 0.000000 0.000000 0.000000 0.000000 0.000000 0.000000
 342 8 0 0.000000 0.000000 0.000000 0.000000 0.000000 0.000000 0.000000 0.000000 0.000000
 349 8 1 0.000000 0.000000 0.000000 0.000000 0.000000 0.000000 295295.524244 0.000000 0.000000
 356 8 2 0.000000 33762.857901 0.000000 0.000000 0.000000 0.000000 0.000000 0.000000 0.000000
 363 8 3 0.000000 0.000000 0.000000 0.000000 0.000000 0.000000 0.000000 0.000000 0.000000
 370 8 4 0.000000 0.000000 0.000000 0.000000 0.000000 0.000000 0.000000 0.000000 0.000000
 377 8 5 0.000000 0.000000 0.000000 0.000000 0.000000 0.000000 0.000000 0.000000 0.000000
 384 9 0 0.000000 47747.956945 0.000000 0.000000 0.000000 0.000000 0.000000 0.000000 0.000000
 391 9 1 0.000000 0.000000 0.000000 0.000000 0.000000 0.000000 675201.577834 0.000000 0.000000
 398 9 2 0.000000 95478.794395 0.000000 0.000000 0.000000 0.000000 0.000000 0.000000 0.000000
 405 9 3 0.000000 0.000000 0.000000 0.000000 0.000000 0.000000 0.000000 0.000000 0.000000
 412 9 4 0.000000 0.000000 0.000000 0.000000 0.000000 0.000000 0.000000 0.000000 0.000000
 419 9 5 0.000000 0.000000 0.000000 0.000000 0.000000 0.000000 0.000000 0.000000 0.000000
 426 10 0 0.000000 22067.998410 0.000000 0.000000 0.000000 0.000000 0.000000 0.000000 0.000000
 433 10 1 0.000000 0.000000 0.000000 0.000000 0.000000 0.000000 717780.656142 0.000000 0.000000
 440 10 2 0.000000 96526.992620 0.000000 0.000000 0.000000 0.000000 0.000000 0.000000 0.000000
 447 10 3 0.000000 0.000000 0.000000 0.000000 0.000000 0.000000 0.000000 0.000000 0.000000
 454 10 4 0.000000 0.000000 0.000000 0.000000 0.000000 0.000000 0.000000 0.000000 0.000000
 461 10 5 0.000000 0.000000 0.000000 0.000000 0.000000 0.000000 0.000000 0.000000 0.000000
 468 11 0 0.000000 0.000000 0.000000 0.000000 0.000000 0.000000 0.000000 0.000000 0.000000
 475 11 1 0.000000 0.000000 0.000000 0.000000 0.000000 0.000000 165924.945625 0.000000 0.000000
 482 11 2 0.000000 29308.707950 0.000000 0.000000 0.000000 0.000000 0.000000 0.000000 0.000000
 489 11 3 0.000000 0.000000 0.000000 0.000000 0.000000 0.000000 0.000000 0.000000 0.000000
 496 11 4 0.000000 0.000000 0.000000 0.000000 0.000000 0.000000 0.000000 0.000000 0.000000
 503 11 5 0.000000 0.000000 0.000000 0.000000 0.000000 0.000000 0.000000 0.000000 0.000000
 510 12 0 0.000000 18207.571198 0.000000 0.000000 0.000000 0.000000 0.000000 0.000000 0.000000
 517 12 1 0.000000 0.000000 0.000000 0.000000 0.000000 0.000000 640722.182200 0.000000 0.000000
 524 12 2 0.000000 80779.357969 0.000000 0.000000 0.000000 0.000000 0.000000 0.000000 0.000000
 531 12 3 0.000000 0.000000 0.000000 0.000000 0.000000 0.000000 0.000000 0.000000 0.000000
 538 12 4 0.000000 0.000000 0.000000 0.000000 0.000000 0.000000 0.000000 0.000000 0.000000
 545 12 5 0.000000 0.000000 0.000000 0.000000 0.000000 0.000000 0.000000 0.000000 0.000000
 552 13 0 0.000000 26733.290320 0.000000 0.000000 0.000000 0.000000 0.000000 0.000000 0.000000
 559 13 1 0.000000 0.000000 0.000000 0.000000 0.000000 0.000000 579435.033709 0.000000 0.000000
 566 13 2 0.000000 70133.376048 0.000000 0.000000 0.000000 0.000000 0.000000 0.000000 0.000000
 573 13 3 0.000000 0.000000 0.000000 0.000000 0.000000 0.000000 0.000000 0.000000 0.000000
 580 13 4 0.000000 0.000000 0.000000 0.000000 0.000000 0.000000 0.000000 0.000000 0.000000
 587 13 5 0.000000 0.000000 0.000000 0.000000 0.000000 0.000000 0.000000 0.000000 0.000000
 594 14 0 0.000000 0.000000 0.000000 0.000000 0.000000 0.000000 0.000000 0.000000 0.000000
 601 14 1 0.000000 0.000000 0.000000 0.000000 0.000000 0.000000 357207.371150 0.000000 0.000000
 608 14 2 0.000000 35402.486724 0.000000 0.000000 0.000000 0.000000 0.000000 0.000000 0.000000
 615 14 3 0.000000 0.000000 0.000000 0.000000 0.000000 0.000000 0.000000 0.000000 0.000000
 622 14 4 0.000000 0.000000 0.000000 0.000000 0.000000 0.000000 0.000000 0.000000 0.000000
 629 14 5 0.000000 0.000000 0.000000 0.000000 0.000000 0.000000 0.000000 0.000000 0.000000
 636 15 0 0.000000 45977.013667 0.000000 0.000000 0.000000 0.000000 0.000000 0.000000 0.000000
 643 15 1 0.000000 0.000000 0.000000 0.000000 0.000000 0.000000 671271.760814 0.000000 0.000000
 650 15 2 0.000000 97795.738510 0.000000 0.000000 0.000000 0.000000 0.000000 0.000000 0.000000
 657 15 3 0.000000 0.000000 0.000000 0.000000 0.000000 0.000000 0.000000 0.000000 0.000000
 664 15 4 0.000000 0.000000 0.000000 0.000000 0.000000 0.000000 0.000000 0.000000 0.000000
 671 15 5 0.000000 0.000000 0.000000 0.000000 0.000000 0.000000 0.000000 0.000000 0.000000
 678 16 0 0.000000 24494.814801 0.000000 0.000000 0.000000 0.000000 0.000000 0.000000 0.000000
 685 16 1 0.000000 0.000000 0.000000 0.000000 0.000000 0.000000 787517.050419 0.000000 0.000000
 692 16 2 0.000000 99536.620113 0.000000 0.000000 0.000000 0.000000 0.000000 0.000000 0.000000
 699 16 3 0.000000 0.000000 0.000000 0.000000 0.000000 0.000000 0.000000 0.000000 0.000000
 706 16 4 0.000000 0.000000 0.000000 0.000000 0.000000 0.000000 0.000000 0.000000 0.000000
 713 16 5 0.000000 0.000000 0.000000 0.000000 0.000000 0.000000 0.000000 0.000000 0.000000
 720 17 0 0.000000 0.000000 0.000000 0.000000 0.000000 0.000000 0.000000 0.000000 0.000000
 727 17 1 0.000000 0.000000 0.000000 0.000000 0.000000 0.000000 151108.019750 0.000000 0.000000
 734 17 2 0.000000 20304.089871 0.000000 0.000000 0.000000 0.000000 0.000000 0.000000 0.000000
 741 17 3 0.000000 0.000000 0.000000 0.000000 0.000000 0.000000 0.000000 0.000000 0.000000
 748 17 4 0.000000 0.000000 0.000000 0.000000 0.000000 0.000000 0.000000 0.000000 0.000000
 755 17 5 0.000000 0.000000 0.000000 0.000000 0.000000 0.000000 0.000000 0.000000 0.000000
 762 18 0 0.000000 51273.737473 0.000000 0.000000 0.000000 0.000000 0.000000 0.000000 0.000000
 769 18 1 0.000000 0.000000 0.000000 0.000000 0.000000 0.000000 778212.737069 0.000000 0.000000
 776 18 2 0.000000 123597.054205 0.000000 0.000000 0.000000 0.000000 0.000000 0.000000 0.000000
 783 18 3 0.000000 0.000000 0.000000 0.000000 0.000000 0.000000 0.000000 0.000000 0.000000
 790 18 4 0.000000 0.000000 0.000000 0.000000 0.000000 0.000000 0.000000 0.000000 0.000000
 797 18 5 0.000000 0.000000 0.000000 0.000000 0.000000 0.000000 0.000000 0.000000 0.000000