# Format <LP ID> <Terminal ID> <Job ID> <Local Rank> <Total sends> <Total Recvs> <Bytes sent> <Bytes recvd> <Send time> <Comm. time> <Compute time> <Avg msg time> <Max Msg Time>
 0 0 0 0 2863 3952 41403804 41493384 235320767.891113 233490633.627808 12052270539.000000 0.000000 0.000000
 1 1 0 1 3910 4355 50202228 47516016 243825934.087857 241653266.425663 12042832791.000000 0.000000 0.000000
 2 2 0 2 3890 4355 50163564 47087784 194484979.012136 192392396.661509 12096701714.000000 0.000000 0.000000
 7 3 0 3 5680 5429 66742092 52318616 223696854.827838 220798460.979837 12064106448.000000 0.000000 0.000000
 8 4 0 4 3890 4035 49976660 46529232 469310554.832105 466885755.642651 11817192074.000000 0.000000 0.000000
 9 5 0 5 5640 6209 66142876 52231880 240851668.856838 237909947.033588 12046971303.000000 0.000000 0.000000
 14 6 0 6 4680 4629 53313908 45805056 301316924.531407 298590459.006672 11985859258.000000 0.000000 0.000000
 15 7 0 7 8427 7128 71138516 85903088 468960620.566049 465361850.027861 11819790443.000000 0.000000 0.000000
 16 8 0 8 2950 3235 38366068 41432176 302801938.850786 301087664.305819 11981709214.000000 0.000000 0.000000
 21 9 0 9 1903 2352 29392284 35302664 310565943.353712 309364345.039547 11973849455.000000 0.000000 0.000000
 22 10 0 10 4720 4629 55078732 46338456 296586044.747555 294212787.066095 11989512936.000000 0.000000 0.000000
 23 11 0 11 2930 3235 38327404 41003944 327012589.818310 325104056.810835 11958355443.000000 0.000000 0.000000
 28 12 0 12 4700 4629 54136476 46046280 567109480.078257 564567000.698078 11718382659.000000 0.000000 0.000000
 29 13 0 13 2930 3235 38313300 40549072 407274325.225193 405331576.642719 11877783830.000000 0.000000 0.000000
 30 14 0 14 8427 7128 71138516 85903088 441220805.068253 437290587.058649 11846883924.000000 0.000000 0.000000
 35 15 0 15 4680 4629 53313908 45805056 364895533.523684 361905925.364580 11921413901.000000 0.000000 0.000000
 36 16 0 16 2930 3235 38327404 41003944 419262591.924394 416275259.086443 11866707041.000000 0.000000 0.000000
 37 17 0 17 4720 4629 55078732 46338456 489879007.167034 485806918.553972 11797599867.000000 0.000000 0.000000
 42 18 0 18 1903 2352 29392284 35302664 386597647.274327 385226115.960468 11898923060.000000 0.000000 0.000000
 43 19 0 19 2950 3235 38366068 41432176 548678521.913794 546949829.877455 11736984421.000000 0.000000 0.000000
 44 20 0 20 4680 4629 53313908 45805056 361113295.706541 358335825.150587 11925899426.000000 0.000000 0.000000
 49 21 0 21 8427 7128 71138516 85903088 415753718.881205 411649776.397446 11873529726.000000 0.000000 0.000000
 50 22 0 22 2930 3235 38313300 40549072 532018019.215263 530192422.222267 11754101231.000000 0.000000 0.000000
 51 23 0 23 4700 4629 54136476 46046280 323222998.110549 320862997.175577 11963121898.000000 0.000000 0.000000
 56 24 0 24 4720 4629 55078732 46338456 562411410.207074 559507394.782499 11724994642.000000 0.000000 0.000000
 57 25 0 25 2930 3235 38327404 41003944 371258704.078094 369406672.114319 11914459665.000000 0.000000 0.000000
 58 26 0 26 2950 3235 38366068 41432176 380296964.759513 378604048.387348 11905489663.000000 0.000000 0.000000
 63 27 0 27 1903 2352 29392284 35302664 362162741.938331 361022258.774214 11923120190.000000 0.000000 0.000000
 64 28 0 28 8427 7128 71138516 85903088 415330134.936385 411199466.938822 11873827863.000000 0.000000 0.000000
 65 29 0 29 4680 4629 53313908 45805056 335898732.437072 333014724.895374 11951144891.000000 0.000000 0.000000
 70 30 0 30 4700 4629 54136476 46046280 584386359.664372 581376205.016909 11702261594.000000 0.000000 0.000000
 71 31 0 31 2930 3235 38313300 40549072 772438232.552666 770538644.144983 11513916165.000000 0.000000 0.000000
 72 32 0 32 2929 3236 38313296 40549076 501514734.638402 506703038.797640 11779937793.000000 0.000000 0.000000
 77 33 0 33 4699 4630 54136472 46046284 537309655.756099 536197614.718521 11746645445.000000 0.000000 0.000000
 78 34 0 34 4679 4630 53313904 45805060 563260535.430748 569924722.461643 11713521762.000000 0.000000 0.000000
 79 35 0 35 8426 7129 71138512 85903092 471428901.532389 471163238.957008 11813081490.000000 0.000000 0.000000
 84 36 0 36 1902 2353 29392280 35302668 407014393.482275 404072546.188095 11879456402.000000 0.000000 0.000000
 85 37 0 37 2949 3236 38366064 41432180 380732076.891408 377513362.264477 11906240707.000000 0.000000 0.000000
 86 38 0 38 2929 3236 38327400 41003948 431125329.465003 430330880.837362 11853576574.000000 0.000000 0.000000
 91 39 0 39 4719 4630 55078728 46338460 471769804.471099 471717723.636898 11815421381.000000 0.000000 0.000000
 92 40 0 40 4699 4630 54136472 46046284 402382210.044193 406493225.944050 11876267870.000000 0.000000 0.000000
 93 41 0 41 2929 3236 38313296 40549076 422213928.801801 428295177.009796 11855287643.000000 0.000000 0.000000
 98 42 0 42 8426 7129 71138512 85903092 518208347.460562 516693571.169041 11766560158.000000 0.000000 0.000000
 99 43 0 43 4679 4630 53313904 45805060 635352829.605635 637592784.501408 11644978866.000000 0.000000 0.000000
 100 44 0 44 2949 3236 38366064 41432180 458795933.864964 461046776.094635 11824133362.000000 0.000000 0.000000
 105 45 0 45 1902 2353 29392280 35302668 458192479.870396 466325685.484251 11820235226.000000 0.000000 0.000000
 106 46 0 46 4719 4630 55078728 46338460 624533259.224835 627856424.684221 11655685158.000000 0.000000 0.000000
 107 47 0 47 2929 3236 38327400 41003948 427818432.296831 429553584.999956 11853653551.000000 0.000000 0.000000
 112 48 0 48 4679 4630 53313904 45805060 433742621.885006 433657974.709146 11848994781.000000 0.000000 0.000000
 113 49 0 49 8426 7129 71138512 85903092 502347917.240384 505823881.152557 11780512418.000000 0.000000 0.000000
 114 50 0 50 2929 3236 38313296 40549076 546606124.936757 549770514.600142 11732556359.000000 0.000000 0.000000
 119 51 0 51 4699 4630 54136472 46046284 452907692.153916 458321508.613014 11824669661.000000 0.000000 0.000000
 120 52 0 52 2929 3236 38327400 41003948 462907860.667832 469977020.351061 11812573081.000000 0.000000 0.000000
 121 53 0 53 4719 4630 55078728 46338460 494235238.869402 500866681.394676 11782050779.000000 0.000000 0.000000
 126 54 0 54 1902 2353 29392280 35302668 492928025.141055 493878700.242521 11788569173.000000 0.000000 0.000000
 127 55 0 55 2949 3236 38366064 41432180 522779215.841444 526829658.460875 11755581264.000000 0.000000 0.000000
 128 56 0 56 8426 7129 71138512 85903092 700958966.538971 699038095.355326 11582980100.000000 0.000000 0.000000
 133 57 0 57 4679 4630 53313904 45805060 448086701.991254 446364294.197783 11834786672.000000 0.000000 0.000000
 134 58 0 58 4699 4630 54136472 46046284 474842975.833918 475400156.427746 11805683939.000000 0.000000 0.000000
 135 59 0 59 2929 3236 38313296 40549076 487311730.606502 488362966.296827 11793235297.000000 0.000000 0.000000
 140 60 0 60 4719 4630 55078728 46338460 1120325567.353249 1120598945.818293 11158633219.000000 0.000000 0.000000
 141 61 0 61 2929 3236 38327400 41003948 1111627595.827200 1111647942.355442 11167427573.000000 0.000000 0.000000
 142 62 0 62 2949 3236 38366064 41432180 1057856893.137763 1060089458.705271 11218948916.000000 0.000000 0.000000
 147 63 0 63 1902 2353 29392280 35302668 1051751148.536830 1055056539.608192 11224078675.000000 0.000000 0.000000