
 8 0 0 0.000000 0.000000 0.000000 0.000000 0.000000 0.000000 0.000000 0.000000 0.000000 0.000000 0.000000 0.000000
 17 0 1 1675.724964 0.000000 0.000000 0.000000 0.000000 0.000000 0.000000 0.000000 0.000000 0.000000 0.000000 0.000000
 26 0 2 3470.315653 0.000000 0.000000 0.000000 0.000000 0.000000 0.000000 0.000000 0.000000 0.000000 0.000000 0.000000
 35 0 3 0.000000 783.538275 0.000000 0.000000 0.000000 0.000000 0.000000 0.000000 0.000000 0.000000 0.000000 0.000000
 44 0 4 0.000000 0.000000 2343.533084 0.000000 0.000000 724.364377 0.000000 0.000000 0.000000 0.000000 0.000000 0.000000
 53 0 5 0.000000 0.000000 0.000000 0.000000 0.000000 0.000000 0.000000 0.000000 0.000000 0.000000 0.000000 0.000000
 62 0 6 0.000000 0.000000 0.000000 0.000000 0.000000 0.000000 0.000000 4084.628813 0.000000 0.000000 0.000000 0.000000
 71 0 7 0.000000 0.000000 0.000000 0.000000 0.000000 0.000000 0.000000 0.000000 0.000000 0.000000 0.000000 0.000000
 80 1 0 0.000000 0.000000 0.000000 0.000000 0.000000 0.000000 0.000000 0.000000 0.000000 0.000000 0.000000 0.000000
 89 1 1 1941.646527 0.000000 0.000000 0.000000 0.000000 0.000000 0.000000 0.000000 0.000000 0.000000 0.000000 0.000000
 98 1 2 0.000000 0.000000 0.000000 1053.795704 0.000000 0.000000 0.000000 0.000000 0.000000 0.000000 0.000000 0.000000
 107 1 3 0.000000 0.000000 0.000000 0.000000 0.000000 0.000000 0.000000 0.000000 0.000000 0.000000 0.000000 0.000000
 116 1 4 0.000000 0.000000 0.000000 0.000000 0.000000 0.000000 0.000000 0.000000 0.000000 0.000000 0.000000 0.000000
 125 1 5 0.000000 0.000000 0.000000 0.000000 4228.580632 0.000000 0.000000 0.000000 0.000000 0.000000 0.000000 0.000000
 134 1 6 0.000000 0.000000 0.000000 0.000000 680.356025 0.000000 0.000000 0.000000 0.000000 0.000000 0.000000 0.000000
 143 1 7 0.000000 0.000000 0.000000 0.000000 0.000000 0.000000 2479.581405 0.000000 0.000000 0.000000 0.000000 0.000000
 152 2 0 0.000000 2409.076989 0.000000 0.000000 0.000000 0.000000 0.000000 0.000000 0.000000 0.000000 0.000000 0.000000
 161 2 1 0.000000 0.000000 0.000000 0.000000 0.000000 0.000000 0.000000 0.000000 0.000000 0.000000 0.000000 0.000000
 170 2 2 0.000000 0.000000 0.000000 0.000000 0.000000 0.000000 0.000000 0.000000 0.000000 0.000000 0.000000 0.000000
 179 2 3 0.000000 0.000000 765.929028 0.000000 0.000000 0.000000 0.000000 0.000000 0.000000 0.000000 0.000000 0.000000
 188 2 4 0.000000 0.000000 3043.551420 0.000000 0.000000 0.000000 0.000000 0.000000 0.000000 0.000000 0.000000 0.000000
 197 2 5 0.000000 0.000000 0.000000 0.000000 316.691094 0.000000 0.000000 0.000000 0.000000 0.000000 0.000000 0.000000
 206 2 6 0.000000 0.000000 4249.369036 0.000000 0.000000 0.000000 0.000000 0.000000 0.000000 0.000000 0.000000 0.000000
 215 2 7 0.000000 0.000000 0.000000 0.000000 0.000000 0.000000 1052.593520 0.000000 0.000000 0.000000 0.000000 0.000000
 224 3 0 0.000000 0.000000 0.000000 0.000000 0.000000 0.000000 0.000000 0.000000 0.000000 0.000000 0.000000 0.000000
 233 3 1 4633.312890 0.000000 0.000000 0.000000 0.000000 0.000000 0.000000 0.000000 0.000000 0.000000 0.000000 0.000000
 242 3 2 0.000000 0.000000 0.000000 0.000000 0.000000 0.000000 0.000000 0.000000 0.000000 0.000000 0.000000 0.000000
 251 3 3 0.000000 0.000000 0.000000 0.000000 0.000000 0.000000 0.000000 0.000000 0.000000 0.000000 0.000000 0.000000
 260 3 4 0.000000 0.000000 1342.926220 0.000000 0.000000 422.450551 0.000000 0.000000 0.000000 0.000000 0.000000 0.000000
 269 3 5 0.000000 0.000000 0.000000 0.000000 349.926772 0.000000 0.000000 0.000000 0.000000 0.000000 0.000000 0.000000
 278 3 6 2384.672848 0.000000 1929.939531 0.000000 0.000000 0.000000 0.000000 0.000000 0.000000 0.000000 0.000000 0.000000
 287 3 7 0.000000 0.000000 0.000000 0.000000 0.000000 0.000000 3772.443496 0.000000 0.000000 0.000000 0.000000 0.000000
 296 4 0 0.000000 0.000000 0.000000 0.000000 0.000000 0.000000 0.000000 0.000000 0.000000 0.000000 0.000000 0.000000
 305 4 1 2563.106778 0.000000 0.000000 0.000000 0.000000 0.000000 0.000000 0.000000 0.000000 0.000000 0.000000 0.000000
 314 4 2 0.000000 0.000000 0.000000 0.000000 0.000000 0.000000 0.000000 0.000000 0.000000 0.000000 0.000000 0.000000
 323 4 3 0.000000 0.000000 703.559717 0.000000 0.000000 0.000000 0.000000 0.000000 0.000000 0.000000 0.000000 0.000000
 332 4 4 0.000000 0.000000 0.000000 0.000000 0.000000 0.000000 0.000000 0.000000 0.000000 0.000000 0.000000 0.000000
 341 4 5 0.000000 0.000000 0.000000 0.000000 3990.203416 0.000000 0.000000 0.000000 0.000000 0.000000 0.000000 0.000000
 350 4 6 0.000000 0.000000 372.047000 0.000000 0.000000 0.000000 0.000000 1384.341551 0.000000 0.000000 0.000000 0.000000
 359 4 7 0.000000 0.000000 0.000000 361.651287 0.000000 0.000000 2322.739176 0.000000 0.000000 0.000000 0.000000 0.000000
 368 5 0 0.000000 0.000000 0.000000 0.000000 0.000000 0.000000 0.000000 0.000000 0.000000 0.000000 0.000000 0.000000
 377 5 1 0.000000 0.000000 0.000000 0.000000 0.000000 0.000000 0.000000 0.000000 0.000000 0.000000 0.000000 0.000000
 386 5 2 0.000000 0.000000 0.000000 1581.719966 0.000000 0.000000 0.000000 0.000000 0.000000 0.000000 0.000000 0.000000
 395 5 3 0.000000 0.000000 7113.821782 0.000000 0.000000 0.000000 0.000000 0.000000 0.000000 0.000000 0.000000 0.000000
 404 5 4 0.000000 0.000000 5118.461698 0.000000 0.000000 2517.593686 0.000000 0.000000 0.000000 0.000000 0.000000 0.000000
 413 5 5 0.000000 0.000000 0.000000 0.000000 1375.555651 0.000000 0.000000 0.000000 0.000000 0.000000 0.000000 0.000000
 422 5 6 0.000000 0.000000 7397.325095 0.000000 0.000000 0.000000 0.000000 0.000000 0.000000 0.000000 0.000000 0.000000
 431 5 7 0.000000 0.000000 0.000000 0.000000 0.000000 0.000000 589.258765 0.000000 0.000000 0.000000 0.000000 0.000000
 440 6 0 0.000000 2222.278010 0.000000 0.000000 0.000000 0.000000 0.000000 0.000000 0.000000 0.000000 0.000000 0.000000
 449 6 1 6971.776499 0.000000 0.000000 0.000000 0.000000 0.000000 0.000000 0.000000 0.000000 0.000000 0.000000 0.000000
 458 6 2 0.000000 0.000000 0.000000 0.000000 0.000000 0.000000 0.000000 0.000000 0.000000 0.000000 0.000000 0.000000
 467 6 3 0.000000 0.000000 636.421099 0.000000 0.000000 0.000000 0.000000 0.000000 0.000000 0.000000 0.000000 0.000000
 476 6 4 0.000000 0.000000 0.000000 787.044769 0.000000 2647.416266 0.000000 0.000000 0.000000 0.000000 0.000000 0.000000
 485 6 5 0.000000 0.000000 0.000000 0.000000 0.000000 0.000000 2243.665864 0.000000 0.000000 0.000000 0.000000 0.000000
 494 6 6 0.000000 0.000000 0.000000 0.000000 0.000000 0.000000 0.000000 0.000000 0.000000 0.000000 0.000000 0.000000
 503 6 7 0.000000 0.000000 0.000000 0.000000 0.000000 0.000000 2241.257970 0.000000 0.000000 0.000000 0.000000 0.000000
 512 7 0 0.000000 1005.684368 0.000000 0.000000 0.000000 0.000000 0.000000 0.000000 0.000000 0.000000 0.000000 0.000000
 521 7 1 0.000000 0.000000 0.000000 0.000000 0.000000 0.000000 0.000000 0.000000 0.000000 0.000000 0.000000 0.000000
 530 7 2 0.000000 0.000000 0.000000 0.000000 0.000000 0.000000 0.000000 0.000000 0.000000 0.000000 0.000000 0.000000
 539 7 3 0.000000 0.000000 0.000000 0.000000 0.000000 0.000000 0.000000 0.000000 0.000000 0.000000 0.000000 0.000000
 548 7 4 0.000000 0.000000 0.000000 0.000000 0.000000 0.000000 0.000000 0.000000 0.000000 0.000000 0.000000 0.000000
 557 7 5 0.000000 0.000000 0.000000 0.000000 4977.314410 0.000000 0.000000 0.000000 0.000000 0.000000 0.000000 0.000000
 566 7 6 0.000000 0.000000 0.000000 391.474748 0.000000 0.000000 0.000000 0.000000 0.000000 0.000000 0.000000 0.000000
 575 7 7 0.000000 0.000000 0.000000 0.000000 0.000000 0.000000 0.000000 0.000000 0.000000 0.000000 0.000000 0.000000
 584 8 0 0.000000 0.000000 0.000000 0.000000 0.000000 0.000000 0.000000 0.000000 0.000000 0.000000 0.000000 0.000000
 593 8 1 384.340718 0.000000 0.000000 0.000000 0.000000 0.000000 0.000000 0.000000 0.000000 0.000000 0.000000 0.000000
 602 8 2 0.000000 0.000000 0.000000 0.000000 0.000000 0.000000 0.000000 0.000000 0.000000 0.000000 0.000000 0.000000
 611 8 3 0.000000 0.000000 8206.946053 0.000000 0.000000 0.000000 0.000000 0.000000 0.000000 0.000000 0.000000 0.000000
 620 8 4 0.000000 0.000000 7034.406798 0.000000 0.000000 0.000000 0.000000 0.000000 0.000000 0.000000 0.000000 0.000000
 629 8 5 0.000000 0.000000 0.000000 2835.446236 718.003059 0.000000 0.000000 0.000000 0.000000 0.000000 0.000000 0.000000
 638 8 6 499.119525 0.000000 0.000000 10965.124392 0.000000 0.000000 0.000000 0.000000 0.000000 0.000000 0.000000 0.000000
 647 8 7 0.000000 0.000000 0.000000 0.000000 0.000000 0.000000 2536.024585 0.000000 0.000000 0.000000 0.000000 0.000000
 656 9 0 0.000000 0.000000 0.000000 0.000000 0.000000 0.000000 0.000000 0.000000 0.000000 0.000000 0.000000 0.000000
 665 9 1 426.942154 0.000000 0.000000 0.000000 0.000000 0.000000 0.000000 0.000000 0.000000 0.000000 0.000000 0.000000
 674 9 2 0.000000 0.000000 0.000000 0.000000 0.000000 0.000000 0.000000 0.000000 0.000000 0.000000 0.000000 0.000000
 683 9 3 0.000000 0.000000 388.239371 0.000000 0.000000 0.000000 0.000000 0.000000 0.000000 0.000000 0.000000 0.000000
 692 9 4 0.000000 0.000000 1998.023889 0.000000 0.000000 0.000000 0.000000 0.000000 0.000000 0.000000 0.000000 0.000000
 701 9 5 0.000000 0.000000 0.000000 0.000000 1106.839679 0.000000 0.000000 0.000000 0.000000 0.000000 0.000000 0.000000
 710 9 6 0.000000 0.000000 0.000000 1404.432303 0.000000 0.000000 0.000000 0.000000 0.000000 0.000000 0.000000 0.000000
 719 9 7 0.000000 0.000000 0.000000 0.000000 0.000000 0.000000 829.804059 0.000000 0.000000 0.000000 0.000000 0.000000
 728 10 0 0.000000 1892.920907 0.000000 0.000000 0.000000 0.000000 0.000000 0.000000 0.000000 0.000000 0.000000 0.000000
 737 10 1 512.634505 0.000000 0.000000 0.000000 0.000000 0.000000 0.000000 0.000000 0.000000 0.000000 0.000000 0.000000
 746 10 2 0.000000 0.000000 0.000000 0.000000 0.000000 0.000000 0.000000 0.000000 0.000000 0.000000 0.000000 0.000000
 755 10 3 0.000000 0.000000 5811.939054 0.000000 0.000000 0.000000 0.000000 0.000000 0.000000 0.000000 0.000000 0.000000
 764 10 4 0.000000 0.000000 0.000000 0.000000 0.000000 0.000000 0.000000 0.000000 0.000000 0.000000 0.000000 0.000000
 773 10 5 0.000000 0.000000 0.000000 0.000000 6296.588081 0.000000 0.000000 0.000000 0.000000 0.000000 0.000000 0.000000
 782 10 6 0.000000 0.000000 0.000000 2273.734194 0.000000 0.000000 0.000000 0.000000 0.000000 0.000000 0.000000 0.000000
 791 10 7 0.000000 0.000000 0.000000 0.000000 0.000000 0.000000 4944.094833 0.000000 0.000000 0.000000 0.000000 0.000000
 800 11 0 0.000000 0.000000 0.000000 0.000000 0.000000 0.000000 0.000000 0.000000 0.000000 0.000000 0.000000 0.000000
 809 11 1 5450.213879 0.000000 0.000000 0.000000 0.000000 0.000000 0.000000 0.000000 0.000000 0.000000 0.000000 0.000000
 818 11 2 0.000000 0.000000 0.000000 2630.023306 0.000000 0.000000 0.000000 0.000000 0.000000 0.000000 0.000000 0.000000
 827 11 3 0.000000 0.000000 3226.675407 0.000000 0.000000 0.000000 1347.158444 0.000000 0.000000 0.000000 0.000000 0.000000
 836 11 4 0.000000 0.000000 0.000000 0.000000 0.000000 1992.834667 0.000000 0.000000 0.000000 0.000000 0.000000 0.000000
 845 11 5 0.000000 0.000000 0.000000 0.000000 1630.212035 0.000000 0.000000 0.000000 0.000000 0.000000 0.000000 0.000000
 854 11 6 0.000000 0.000000 0.000000 2660.008364 0.000000 0.000000 0.000000 0.000000 0.000000 0.000000 0.000000 0.000000
 863 11 7 0.000000 0.000000 0.000000 0.000000 0.000000 0.000000 2428.884987 0.000000 0.000000 0.000000 0.000000 0.000000
 872 12 0 0.000000 0.000000 0.000000 0.000000 0.000000 0.000000 2256.839177 0.000000 0.000000 0.000000 0.000000 0.000000
 881 12 1 11319.713602 0.000000 0.000000 0.000000 0.000000 0.000000 0.000000 0.000000 0.000000 0.000000 0.000000 0.000000
 890 12 2 0.000000 0.000000 0.000000 0.000000 0.000000 0.000000 0.000000 0.000000 0.000000 0.000000 0.000000 0.000000
 899 12 3 0.000000 0.000000 0.000000 0.000000 0.000000 0.000000 840.681662 0.000000 0.000000 0.000000 0.000000 0.000000
 908 12 4 0.000000 0.000000 1567.983432 0.000000 0.000000 0.000000 0.000000 0.000000 0.000000 0.000000 0.000000 0.000000
 917 12 5 0.000000 0.000000 0.000000 0.000000 0.000000 0.000000 0.000000 0.000000 0.000000 0.000000 0.000000 0.000000
 926 12 6 3005.491867 0.000000 0.000000 0.000000 0.000000 0.000000 0.000000 0.000000 0.000000 0.000000 0.000000 0.000000
 935 12 7 0.000000 0.000000 0.000000 0.000000 0.000000 0.000000 6642.649482 0.000000 0.000000 0.000000 0.000000 0.000000
 944 13 0 0.000000 1504.512436 0.000000 0.000000 0.000000 0.000000 0.000000 0.000000 0.000000 0.000000 0.000000 0.000000
 953 13 1 0.000000 0.000000 0.000000 0.000000 0.000000 0.000000 0.000000 0.000000 0.000000 0.000000 0.000000 0.000000
 962 13 2 0.000000 0.000000 0.000000 0.000000 0.000000 0.000000 0.000000 0.000000 0.000000 0.000000 0.000000 0.000000
 971 13 3 0.000000 0.000000 5652.471347 0.000000 0.000000 0.000000 0.000000 0.000000 0.000000 0.000000 0.000000 0.000000
 980 13 4 0.000000 0.000000 0.000000 0.000000 0.000000 0.000000 0.000000 0.000000 0.000000 0.000000 0.000000 0.000000
 989 13 5 0.000000 0.000000 0.000000 0.000000 3740.057424 0.000000 0.000000 0.000000 0.000000 0.000000 0.000000 0.000000
 998 13 6 0.000000 0.000000 0.000000 0.000000 0.000000 0.000000 0.000000 364.967079 0.000000 0.000000 0.000000 0.000000
 1007 13 7 0.000000 0.000000 0.000000 0.000000 0.000000 0.000000 1430.105475 0.000000 0.000000 0.000000 0.000000 0.000000
 1016 14 0 0.000000 0.000000 0.000000 0.000000 0.000000 0.000000 0.000000 0.000000 0.000000 0.000000 0.000000 0.000000
 1025 14 1 1164.258317 0.000000 0.000000 0.000000 0.000000 0.000000 0.000000 0.000000 0.000000 0.000000 0.000000 0.000000
 1034 14 2 0.000000 0.000000 0.000000 0.000000 0.000000 0.000000 0.000000 0.000000 0.000000 0.000000 0.000000 0.000000
 1043 14 3 0.000000 0.000000 2886.775398 0.000000 0.000000 0.000000 0.000000 0.000000 0.000000 0.000000 0.000000 0.000000
 1052 14 4 0.000000 0.000000 1643.452763 0.000000 0.000000 0.000000 0.000000 0.000000 0.000000 0.000000 0.000000 0.000000
 1061 14 5 0.000000 0.000000 0.000000 0.000000 909.086262 0.000000 0.000000 0.000000 0.000000 0.000000 0.000000 0.000000
 1070 14 6 0.000000 0.000000 0.000000 0.000000 0.000000 0.000000 0.000000 0.000000 0.000000 0.000000 0.000000 0.000000
 1079 14 7 0.000000 0.000000 0.000000 0.000000 0.000000 0.000000 0.000000 0.000000 0.000000 0.000000 0.000000 0.000000
 1088 15 0 0.000000 1511.595875 0.000000 0.000000 0.000000 0.000000 0.000000 0.000000 0.000000 0.000000 0.000000 0.000000
 1097 15 1 5856.639445 0.000000 0.000000 0.000000 0.000000 0.000000 0.000000 0.000000 0.000000 0.000000 0.000000 0.000000
 1106 15 2 0.000000 0.000000 0.000000 0.000000 0.000000 0.000000 0.000000 0.000000 0.000000 0.000000 0.000000 0.000000
 1115 15 3 0.000000 0.000000 0.000000 0.000000 0.000000 0.000000 0.000000 0.000000 0.000000 0.000000 0.000000 0.000000
 1124 15 4 0.000000 0.000000 0.000000 0.000000 0.000000 0.000000 0.000000 0.000000 0.000000 0.000000 0.000000 0.000000
 1133 15 5 0.000000 0.000000 0.000000 0.000000 631.734212 0.000000 0.000000 0.000000 0.000000 0.000000 0.000000 0.000000
 1142 15 6 0.000000 0.000000 762.371395 0.000000 0.000000 0.000000 0.000000 0.000000 0.000000 0.000000 0.000000 0.000000
 1151 15 7 0.000000 0.000000 0.000000 0.000000 0.000000 0.000000 0.000000 0.000000 0.000000 0.000000 0.000000 0.000000
 1160 16 0 0.000000 2314.614218 0.000000 0.000000 0.000000 0.000000 0.000000 0.000000 0.000000 0.000000 0.000000 0.000000
 1169 16 1 1980.913656 0.000000 0.000000 0.000000 0.000000 0.000000 0.000000 0.000000 0.000000 0.000000 0.000000 0.000000
 1178 16 2 0.000000 0.000000 0.000000 0.000000 0.000000 0.000000 0.000000 0.000000 0.000000 0.000000 0.000000 0.000000
 1187 16 3 0.000000 0.000000 0.000000 0.000000 0.000000 0.000000 0.000000 0.000000 0.000000 0.000000 0.000000 0.000000
 1196 16 4 0.000000 0.000000 0.000000 0.000000 0.000000 0.000000 0.000000 0.000000 0.000000 0.000000 0.000000 0.000000
 1205 16 5 0.000000 0.000000 0.000000 0.000000 1095.973097 0.000000 0.000000 0.000000 0.000000 0.000000 0.000000 0.000000
 1214 16 6 0.000000 0.000000 0.000000 0.000000 0.000000 0.000000 0.000000 0.000000 0.000000 0.000000 0.000000 0.000000
 1223 16 7 0.000000 0.000000 0.000000 0.000000 0.000000 0.000000 0.000000 0.000000 0.000000 0.000000 0.000000 0.000000
 1232 17 0 0.000000 0.000000 0.000000 0.000000 0.000000 0.000000 0.000000 0.000000 0.000000 0.000000 0.000000 0.000000
 1241 17 1 0.000000 0.000000 0.000000 0.000000 0.000000 0.000000 0.000000 0.000000 0.000000 0.000000 0.000000 0.000000
 1250 17 2 0.000000 0.000000 0.000000 1676.935621 0.000000 0.000000 0.000000 0.000000 0.000000 0.000000 0.000000 0.000000
 1259 17 3 0.000000 0.000000 3787.233254 0.000000 0.000000 0.000000 0.000000 0.000000 0.000000 0.000000 0.000000 0.000000
 1268 17 4 0.000000 0.000000 6199.521527 0.000000 0.000000 6864.598465 0.000000 0.000000 0.000000 0.000000 0.000000 0.000000
 1277 17 5 0.000000 0.000000 0.000000 3853.596246 3100.291089 0.000000 0.000000 0.000000 0.000000 0.000000 0.000000 0.000000
 1286 17 6 0.000000 0.000000 8771.105829 0.000000 0.000000 0.000000 0.000000 0.000000 0.000000 0.000000 0.000000 0.000000
 1295 17 7 0.000000 0.000000 0.000000 0.000000 0.000000 0.000000 935.025127 0.000000 0.000000 0.000000 0.000000 0.000000
 1304 18 0 0.000000 0.000000 0.000000 0.000000 0.000000 0.000000 0.000000 0.000000 0.000000 0.000000 0.000000 0.000000
 1313 18 1 4784.303665 0.000000 0.000000 0.000000 0.000000 0.000000 0.000000 0.000000 0.000000 0.000000 0.000000 0.000000
 1322 18 2 0.000000 0.000000 0.000000 0.000000 0.000000 0.000000 0.000000 0.000000 0.000000 0.000000 0.000000 0.000000
 1331 18 3 0.000000 0.000000 997.874692 0.000000 0.000000 0.000000 0.000000 0.000000 0.000000 0.000000 0.000000 0.000000
 1340 18 4 0.000000 0.000000 0.000000 0.000000 0.000000 3377.811073 0.000000 0.000000 0.000000 0.000000 0.000000 0.000000
 1349 18 5 0.000000 0.000000 0.000000 0.000000 511.162210 0.000000 0.000000 0.000000 0.000000 0.000000 0.000000 0.000000
 1358 18 6 0.000000 0.000000 0.000000 0.000000 0.000000 0.000000 0.000000 0.000000 0.000000 0.000000 0.000000 0.000000
 1367 18 7 0.000000 0.000000 0.000000 0.000000 0.000000 0.000000 4532.484644 0.000000 0.000000 0.000000 0.000000 0.000000
 1376 19 0 0.000000 0.000000 0.000000 0.000000 0.000000 0.000000 0.000000 0.000000 0.000000 0.000000 0.000000 0.000000
 1385 19 1 3178.015052 0.000000 0.000000 0.000000 0.000000 0.000000 0.000000 0.000000 0.000000 0.000000 0.000000 0.000000
 1394 19 2 0.000000 1435.089649 0.000000 0.000000 59.621133 0.000000 0.000000 0.000000 0.000000 0.000000 0.000000 0.000000
 1403 19 3 0.000000 0.000000 1008.774560 0.000000 0.000000 0.000000 0.000000 0.000000 0.000000 0.000000 0.000000 0.000000
 1412 19 4 0.000000 0.000000 0.000000 0.000000 0.000000 1814.513702 0.000000 0.000000 0.000000 0.000000 0.000000 0.000000
 1421 19 5 0.000000 0.000000 0.000000 0.000000 5659.827888 0.000000 0.000000 0.000000 0.000000 0.000000 0.000000 0.000000
 1430 19 6 0.000000 0.000000 3506.076340 0.000000 0.000000 0.000000 0.000000 2398.784848 0.000000 0.000000 0.000000 0.000000
 1439 19 7 0.000000 0.000000 0.000000 0.000000 0.000000 0.000000 0.000000 0.000000 0.000000 0.000000 0.000000 0.000000
 1448 20 0 0.000000 0.000000 0.000000 0.000000 0.000000 0.000000 0.000000 0.000000 0.000000 0.000000 0.000000 0.000000
 1457 20 1 2005.635777 0.000000 0.000000 0.000000 0.000000 0.000000 0.000000 0.000000 0.000000 0.000000 0.000000 0.000000
 1466 20 2 0.000000 0.000000 0.000000 0.000000 0.000000 0.000000 0.000000 0.000000 0.000000 0.000000 0.000000 0.000000
 1475 20 3 0.000000 0.000000 5267.881088 0.000000 0.000000 0.000000 0.000000 0.000000 0.000000 0.000000 0.000000 0.000000
 1484 20 4 0.000000 0.000000 551.286471 0.000000 0.000000 0.000000 0.000000 0.000000 0.000000 0.000000 0.000000 0.000000
 1493 20 5 0.000000 0.000000 0.000000 0.000000 1570.414331 0.000000 0.000000 0.000000 0.000000 0.000000 0.000000 0.000000
 1502 20 6 0.000000 0.000000 6708.812425 0.000000 0.000000 0.000000 0.000000 1189.762493 0.000000 0.000000 0.000000 0.000000
 1511 20 7 0.000000 0.000000 0.000000 0.000000 0.000000 0.000000 0.000000 0.000000 0.000000 0.000000 0.000000 0.000000
 1520 21 0 0.000000 4021.485947 0.000000 0.000000 0.000000 0.000000 0.000000 0.000000 0.000000 0.000000 0.000000 0.000000
 1529 21 1 1341.530900 0.000000 0.000000 0.000000 0.000000 0.000000 0.000000 0.000000 0.000000 0.000000 0.000000 0.000000
 1538 21 2 0.000000 0.000000 0.000000 2234.245581 0.000000 0.000000 0.000000 0.000000 0.000000 0.000000 0.000000 0.000000
 1547 21 3 0.000000 0.000000 2254.981110 0.000000 0.000000 0.000000 0.000000 0.000000 0.000000 0.000000 0.000000 0.000000
 1556 21 4 0.000000 0.000000 1153.845674 0.000000 0.000000 91.811543 0.000000 0.000000 0.000000 0.000000 0.000000 0.000000
 1565 21 5 0.000000 0.000000 0.000000 0.000000 854.857544 0.000000 0.000000 0.000000 0.000000 0.000000 0.000000 0.000000
 1574 21 6 0.000000 0.000000 2919.017590 0.000000 0.000000 0.000000 0.000000 1319.186742 0.000000 0.000000 0.000000 0.000000
 1583 21 7 0.000000 0.000000 0.000000 0.000000 0.000000 0.000000 8805.273621 0.000000 0.000000 0.000000 0.000000 0.000000
 1592 22 0 0.000000 2405.837722 0.000000 0.000000 0.000000 0.000000 0.000000 0.000000 0.000000 0.000000 0.000000 0.000000
 1601 22 1 2247.802773 0.000000 0.000000 0.000000 0.000000 0.000000 0.000000 0.000000 0.000000 0.000000 0.000000 0.000000
 1610 22 2 0.000000 0.000000 0.000000 2722.016746 166.170442 0.000000 0.000000 0.000000 0.000000 0.000000 0.000000 0.000000
 1619 22 3 0.000000 0.000000 6689.264696 0.000000 0.000000 0.000000 0.000000 0.000000 0.000000 0.000000 0.000000 0.000000
 1628 22 4 0.000000 0.000000 0.000000 0.000000 0.000000 4657.478042 0.000000 0.000000 0.000000 0.000000 0.000000 0.000000
 1637 22 5 0.000000 0.000000 0.000000 0.000000 8383.934424 0.000000 0.000000 0.000000 0.000000 0.000000 0.000000 0.000000
 1646 22 6 0.000000 0.000000 3106.693551 0.000000 0.000000 0.000000 0.000000 2099.458628 0.000000 0.000000 0.000000 0.000000
 1655 22 7 0.000000 0.000000 0.000000 0.000000 0.000000 0.000000 3263.689196 0.000000 0.000000 0.000000 0.000000 0.000000
 1664 23 0 0.000000 0.000000 0.000000 0.000000 0.000000 0.000000 0.000000 0.000000 0.000000 0.000000 0.000000 0.000000
 1673 23 1 645.505186 0.000000 0.000000 0.000000 0.000000 0.000000 0.000000 0.000000 0.000000 0.000000 0.000000 0.000000
 1682 23 2 0.000000 0.000000 0.000000 0.000000 0.000000 0.000000 0.000000 0.000000 0.000000 0.000000 0.000000 0.000000
 1691 23 3 0.000000 0.000000 6365.960287 0.000000 0.000000 0.000000 0.000000 0.000000 0.000000 0.000000 0.000000 0.000000
 1700 23 4 0.000000 0.000000 5945.965833 0.000000 0.000000 0.000000 0.000000 0.000000 0.000000 0.000000 0.000000 0.000000
 1709 23 5 0.000000 0.000000 0.000000 46.060045 0.000000 0.000000 0.000000 0.000000 0.000000 0.000000 0.000000 0.000000
 1718 23 6 0.000000 0.000000 693.253214 0.000000 0.000000 0.000000 0.000000 0.000000 0.000000 0.000000 0.000000 0.000000
 1727 23 7 0.000000 0.000000 0.000000 0.000000 0.000000 0.000000 0.000000 0.000000 0.000000 0.000000 0.000000 0.000000
 1736 24 0 0.000000 0.000000 0.000000 0.000000 0.000000 0.000000 0.000000 0.000000 0.000000 0.000000 0.000000 0.000000
 1745 24 1 912.724586 0.000000 0.000000 0.000000 0.000000 0.000000 0.000000 0.000000 0.000000 0.000000 0.000000 0.000000
 1754 24 2 0.000000 0.000000 0.000000 0.000000 0.000000 0.000000 0.000000 0.000000 0.000000 0.000000 0.000000 0.000000
 1763 24 3 0.000000 0.000000 1341.294905 0.000000 0.000000 2258.241361 0.000000 0.000000 0.000000 0.000000 0.000000 0.000000
 1772 24 4 0.000000 0.000000 0.000000 0.000000 0.000000 0.000000 0.000000 0.000000 0.000000 0.000000 0.000000 0.000000
 1781 24 5 0.000000 0.000000 0.000000 0.000000 9248.312603 0.000000 0.000000 0.000000 0.000000 0.000000 0.000000 0.000000
 1790 24 6 0.000000 0.000000 265.331650 0.000000 0.000000 0.000000 0.000000 0.000000 0.000000 0.000000 0.000000 0.000000
 1799 24 7 0.000000 0.000000 0.000000 0.000000 0.000000 0.000000 1467.225689 0.000000 0.000000 0.000000 0.000000 0.000000
 1808 25 0 0.000000 2009.685929 0.000000 0.000000 0.000000 0.000000 0.000000 0.000000 0.000000 0.000000 0.000000 0.000000
 1817 25 1 0.000000 0.000000 0.000000 0.000000 0.000000 0.000000 0.000000 0.000000 0.000000 0.000000 0.000000 0.000000
 1826 25 2 0.000000 0.000000 0.000000 0.000000 0.000000 0.000000 0.000000 0.000000 0.000000 0.000000 0.000000 0.000000
 1835 25 3 0.000000 0.000000 377.971007 0.000000 0.000000 0.000000 0.000000 0.000000 0.000000 0.000000 0.000000 0.000000
 1844 25 4 0.000000 0.000000 0.000000 0.000000 0.000000 0.000000 0.000000 0.000000 0.000000 0.000000 0.000000 0.000000
 1853 25 5 0.000000 0.000000 0.000000 0.000000 3402.554382 0.000000 0.000000 0.000000 0.000000 0.000000 0.000000 0.000000
 1862 25 6 0.000000 0.000000 0.000000 0.000000 0.000000 0.000000 0.000000 0.000000 0.000000 0.000000 0.000000 0.000000
 1871 25 7 0.000000 0.000000 0.000000 0.000000 0.000000 0.000000 1276.050708 0.000000 0.000000 0.000000 0.000000 0.000000
 1880 26 0 0.000000 0.000000 0.000000 0.000000 0.000000 0.000000 0.000000 0.000000 0.000000 0.000000 0.000000 0.000000
 1889 26 1 929.670143 0.000000 0.000000 0.000000 0.000000 0.000000 0.000000 0.000000 0.000000 0.000000 0.000000 0.000000
 1898 26 2 0.000000 0.000000 0.000000 0.000000 0.000000 0.000000 0.000000 0.000000 0.000000 0.000000 0.000000 0.000000
 1907 26 3 0.000000 0.000000 9266.063946 0.000000 0.000000 0.000000 0.000000 0.000000 0.000000 0.000000 0.000000 0.000000
 1916 26 4 0.000000 0.000000 0.000000 0.000000 0.000000 0.000000 0.000000 0.000000 0.000000 0.000000 0.000000 0.000000
 1925 26 5 0.000000 0.000000 0.000000 0.000000 0.000000 0.000000 0.000000 0.000000 0.000000 0.000000 0.000000 0.000000
 1934 26 6 0.000000 0.000000 2240.316858 0.000000 0.000000 0.000000 0.000000 84.844781 0.000000 0.000000 0.000000 0.000000
 1943 26 7 0.000000 0.000000 0.000000 0.000000 0.000000 0.000000 0.000000 0.000000 0.000000 0.000000 0.000000 0.000000
 1952 27 0 0.000000 0.000000 0.000000 0.000000 0.000000 0.000000 0.000000 0.000000 0.000000 0.000000 0.000000 0.000000
 1961 27 1 1549.659671 0.000000 0.000000 0.000000 0.000000 0.000000 0.000000 0.000000 0.000000 0.000000 0.000000 0.000000
 1970 27 2 0.000000 0.000000 0.000000 0.000000 0.000000 0.000000 279.261601 0.000000 0.000000 0.000000 0.000000 0.000000
 1979 27 3 0.000000 0.000000 181.209907 0.000000 0.000000 0.000000 0.000000 0.000000 0.000000 0.000000 0.000000 0.000000
 1988 27 4 0.000000 0.000000 3798.729018 0.000000 0.000000 2478.951776 0.000000 0.000000 0.000000 0.000000 0.000000 0.000000
 1997 27 5 0.000000 0.000000 0.000000 0.000000 1148.612363 0.000000 0.000000 0.000000 0.000000 0.000000 0.000000 0.000000
 2006 27 6 0.000000 0.000000 0.000000 0.000000 0.000000 0.000000 0.000000 0.000000 0.000000 0.000000 0.000000 0.000000
 2015 27 7 0.000000 0.000000 0.000000 704.112239 0.000000 0.000000 6236.874898 0.000000 0.000000 0.000000 0.000000 0.000000
 2024 28 0 0.000000 0.000000 0.000000 0.000000 0.000000 0.000000 0.000000 0.000000 0.000000 0.000000 0.000000 0.000000
 2033 28 1 0.000000 0.000000 0.000000 0.000000 0.000000 0.000000 0.000000 0.000000 0.000000 0.000000 0.000000 0.000000
 2042 28 2 0.000000 0.000000 0.000000 0.000000 331.949313 0.000000 0.000000 0.000000 0.000000 0.000000 0.000000 0.000000
 2051 28 3 0.000000 0.000000 0.000000 0.000000 0.000000 0.000000 0.000000 0.000000 0.000000 0.000000 0.000000 0.000000
 2060 28 4 0.000000 0.000000 0.000000 0.000000 0.000000 0.000000 0.000000 0.000000 0.000000 0.000000 0.000000 0.000000
 2069 28 5 0.000000 0.000000 0.000000 0.000000 7328.173506 0.000000 0.000000 0.000000 0.000000 0.000000 0.000000 0.000000
 2078 28 6 0.000000 0.000000 0.000000 0.000000 0.000000 0.000000 0.000000 1414.906252 0.000000 0.000000 0.000000 0.000000
 2087 28 7 0.000000 0.000000 0.000000 0.000000 0.000000 0.000000 2410.634890 0.000000 0.000000 0.000000 0.000000 0.000000
 2096 29 0 0.000000 0.000000 0.000000 0.000000 0.000000 0.000000 0.000000 0.000000 0.000000 0.000000 0.000000 0.000000
 2105 29 1 0.000000 0.000000 0.000000 0.000000 0.000000 0.000000 0.000000 0.000000 0.000000 0.000000 0.000000 0.000000
 2114 29 2 0.000000 0.000000 0.000000 0.000000 0.000000 0.000000 0.000000 0.000000 0.000000 0.000000 0.000000 0.000000
 2123 29 3 0.000000 0.000000 3605.719420 0.000000 0.000000 1638.036672 0.000000 0.000000 0.000000 0.000000 0.000000 0.000000
 2132 29 4 0.000000 0.000000 1133.956115 0.000000 0.000000 0.000000 0.000000 0.000000 0.000000 0.000000 0.000000 0.000000
 2141 29 5 0.000000 0.000000 0.000000 276.008067 2069.968911 0.000000 0.000000 0.000000 0.000000 0.000000 0.000000 0.000000
 2150 29 6 0.000000 0.000000 2928.110568 0.000000 0.000000 0.000000 0.000000 7186.360558 0.000000 0.000000 0.000000 0.000000
 2159 29 7 0.000000 0.000000 0.000000 0.000000 0.000000 0.000000 8593.262287 0.000000 0.000000 0.000000 0.000000 0.000000
 2168 30 0 0.000000 1831.257861 0.000000 0.000000 0.000000 0.000000 0.000000 0.000000 0.000000 0.000000 0.000000 0.000000
 2177 30 1 10644.730917 0.000000 0.000000 0.000000 0.000000 0.000000 0.000000 0.000000 0.000000 0.000000 0.000000 0.000000
 2186 30 2 0.000000 0.000000 0.000000 569.862289 0.000000 0.000000 0.000000 0.000000 0.000000 0.000000 0.000000 0.000000
 2195 30 3 0.000000 0.000000 0.000000 0.000000 0.000000 0.000000 0.000000 0.000000 0.000000 0.000000 0.000000 0.000000
 2204 30 4 0.000000 0.000000 108.873474 0.000000 0.000000 1612.203218 0.000000 0.000000 0.000000 0.000000 0.000000 0.000000
 2213 30 5 0.000000 0.000000 0.000000 606.158129 1978.916102 0.000000 0.000000 0.000000 0.000000 0.000000 0.000000 0.000000
 2222 30 6 0.000000 0.000000 611.948388 0.000000 0.000000 0.000000 0.000000 0.000000 0.000000 0.000000 0.000000 0.000000
 2231 30 7 0.000000 0.000000 0.000000 0.000000 0.000000 0.000000 720.524222 0.000000 0.000000 0.000000 0.000000 0.000000
 2240 31 0 0.000000 2201.785423 0.000000 0.000000 0.000000 0.000000 0.000000 0.000000 0.000000 0.000000 0.000000 0.000000
 2249 31 1 3489.409227 0.000000 0.000000 0.000000 0.000000 0.000000 0.000000 0.000000 0.000000 0.000000 0.000000 0.000000
 2258 31 2 0.000000 0.000000 0.000000 0.000000 0.000000 0.000000 0.000000 0.000000 0.000000 0.000000 0.000000 0.000000
 2267 31 3 0.000000 0.000000 0.000000 0.000000 0.000000 0.000000 0.000000 0.000000 0.000000 0.000000 0.000000 0.000000
 2276 31 4 0.000000 0.000000 0.000000 0.000000 0.000000 0.000000 0.000000 0.000000 0.000000 0.000000 0.000000 0.000000
 2285 31 5 0.000000 0.000000 0.000000 0.000000 0.000000 0.000000 0.000000 0.000000 0.000000 0.000000 0.000000 0.000000
 2294 31 6 0.000000 0.000000 0.000000 0.000000 0.000000 0.000000 0.000000 0.000000 0.000000 0.000000 0.000000 0.000000
 2303 31 7 0.000000 0.000000 0.000000 0.000000 0.000000 0.000000 0.000000 0.000000 0.000000 0.000000 0.000000 0.000000
 2312 32 0 0.000000 0.000000 0.000000 0.000000 0.000000 0.000000 0.000000 0.000000 0.000000 0.000000 0.000000 0.000000
 2321 32 1 0.000000 0.000000 0.000000 0.000000 0.000000 0.000000 0.000000 0.000000 0.000000 0.000000 0.000000 0.000000
 2330 32 2 0.000000 0.000000 0.000000 0.000000 0.000000 0.000000 0.000000 0.000000 0.000000 0.000000 0.000000 0.000000
 2339 32 3 0.000000 0.000000 0.000000 0.000000 0.000000 0.000000 0.000000 0.000000 0.000000 0.000000 0.000000 0.000000
 2348 32 4 0.000000 0.000000 0.000000 0.000000 0.000000 0.000000 0.000000 0.000000 0.000000 0.000000 0.000000 0.000000
 2357 32 5 0.000000 0.000000 0.000000 0.000000 0.000000 0.000000 0.000000 0.000000 0.000000 0.000000 0.000000 0.000000
 2366 32 6 0.000000 0.000000 0.000000 0.000000 0.000000 0.000000 0.000000 0.000000 0.000000 0.000000 0.000000 0.000000
 2375 32 7 0.000000 0.000000 0.000000 0.000000 0.000000 0.000000 0.000000 0.000000 0.000000 0.000000 0.000000 0.000000