# Format <LP ID> <Group ID> <Router ID> <Link traffic per router port(s)># Router ports in the order: 8 local channels, 4 global channels
 8 0 0 0 3861360 2202616 682168 697344 633472 752560 2792840 691328 1660808 811544 866016
 17 0 1 3846592 0 2978280 2172152 1066416 919704 2080408 1490192 3790960 2335200 1441800 1402440
 26 0 2 2152104 2927312 0 3758096 3506224 1322840 1883232 906144 3800696 3077904 1386888 1360960
 35 0 3 763792 2177832 3735568 0 2095328 1781872 1407520 2081928 2281928 1534680 1542152 1476376
 44 0 4 783200 1072952 3366016 2158280 0 3815696 2000112 841320 2436640 1443760 1528664 1518016
 53 0 5 761024 939232 1230936 1795488 3846368 0 2238408 3010040 3148568 1481208 1490144 1489752
 62 0 6 870048 2189584 1742224 1374736 1994640 2167144 0 3317632 2362056 1422600 1491096 1501600
 71 0 7 2362664 1451792 939104 2165760 835368 3112632 3306216 0 3935280 1430352 1417688 847880
 80 1 0 0 4690440 1871776 2535984 997296 1022392 1489216 1720160 3803296 2231216 1488992 1540136
 89 1 1 4737160 0 1496904 1267672 863784 738040 1076680 954880 828776 950256 927792 918408
 98 1 2 1811288 1001800 0 4293288 2310568 2134424 1501840 1379504 3891968 1478632 1537928 1558272
 107 1 3 2644832 1308608 4315272 0 1818368 2665736 1084688 1067720 3044024 3879784 1447560 1480176
 116 1 4 968920 866304 2223272 1809672 0 3808592 3186848 2069088 3195448 2232320 1517632 1538160
 125 1 5 1022776 807560 2217416 2582024 3792032 0 2247536 2329600 2368992 2415720 1568448 1520208
 134 1 6 1546784 1303704 1424456 1073872 3135944 2191280 0 3345208 2460624 3101920 1572632 1573560
 143 1 7 1727528 929920 1336616 1048848 1861256 2289664 3379528 0 1649352 1661248 1648392 1068784
 152 2 0 0 4511552 2093064 1416048 2705512 1497728 2378704 2477536 3799696 1316424 1406560 4084392
 161 2 1 4563512 0 1253344 1622816 2229184 1096080 1913752 1578784 3891568 1519120 1498096 1512296
 170 2 2 1879656 1672168 0 3118272 1557944 687760 1656296 429856 816904 853616 869512 904872
 179 2 3 1364840 1564872 2656160 0 2504336 2662208 1419656 3091136 3848688 1482848 1477864 1464712
 188 2 4 2616784 2398520 1729640 2420624 0 3550608 1479304 1328128 3140544 2239232 1475840 1518976
 197 2 5 1462752 1084400 741320 2543616 3515024 0 1870040 1648192 1553944 1634504 1624032 1595992
 206 2 6 2327608 1922072 1748144 1328864 1489952 1857704 0 3284176 2466720 1519904 1567744 1579880
 215 2 7 2562536 1516592 730808 3041536 1300496 1786816 3277448 0 1496128 4669568 1502112 951824
 224 3 0 0 5152264 2380144 1144336 1351656 1035000 1926360 1526920 2203000 1362224 2250112 1492792
 233 3 1 5140416 0 2431320 1568448 2261312 2640536 955216 2816000 3026864 1302664 3727368 2176232
 242 3 2 2420600 2530992 0 3029840 2770816 981528 2783056 783024 3727888 1265856 1366208 3967544
 251 3 3 885008 1310608 3324928 0 1369848 1621720 677824 1722112 716096 884408 836672 874872
 260 3 4 1416872 2227952 2646360 877880 0 3962064 1420728 1231896 3785248 1316560 1426968 1476424
 269 3 5 1014456 2454968 974664 1787872 3883032 0 2228896 1241088 2243216 1528728 1514632 1521728
 278 3 6 1926448 936120 2655544 697848 1360720 2186520 0 3155264 1565360 1465168 1538576 1556152
 287 3 7 1519304 2692992 783712 1673344 1200472 1220232 3152104 0 1554656 1536584 1518728 949920
 296 4 0 0 4142168 1387880 2434136 911360 1419368 1599216 2172992 2446312 1478184 1568832 1555928
 305 4 1 4167752 0 2902608 2360568 922416 1448264 1106256 1166912 3208752 1584288 1525888 1593216
 314 4 2 1351896 2955040 0 3754456 2496872 943800 2417408 1273544 3062496 1451064 2288112 1562392
 323 4 3 2617672 2405224 3676976 0 1229120 3011976 992192 2793096 3714000 1409008 3672016 2262592
 332 4 4 862816 748760 2422136 1571536 0 3889360 1665208 633224 724432 829888 817480 3452360
 341 4 5 1441208 1521200 953760 2889536 3663616 0 2298048 1342864 4545880 1505600 1472920 1532408
 350 4 6 1497064 1109384 2348288 1022208 1620632 2252960 0 3309056 1651896 1558696 1595656 1645376
 359 4 7 2082552 1164816 1227872 2700176 815376 1303752 3328968 0 1622312 1598944 1621016 1081288
 368 5 0 0 4044728 1286048 910480 1692712 1560384 2393264 1997624 3141008 1465784 1481280 1454992
 377 5 1 4006984 0 1740080 1155144 2908416 1270520 909712 2048672 2429704 1489608 1502272 1498096
 386 5 2 1243808 1715576 0 3710376 2256504 744096 2686840 823392 1550744 1471880 1562824 1509176
 395 5 3 928576 1160328 3740336 0 2148680 2438736 947488 1903432 2191616 1508600 1517128 1530104
 404 5 4 1850288 3059744 2284472 2150912 0 3303104 2125536 874800 4529872 1330536 2171504 1422296
 413 5 5 1495416 1164416 707368 2470480 3558696 0 1744768 1449352 586960 702608 3056848 1645792
 422 5 6 2338904 931888 2809024 932776 2239448 1192280 0 3564576 2964256 1328760 1388168 3980152
 431 5 7 1959744 1994648 811336 1895680 868144 1394504 3524424 0 1555816 1552200 1548560 1021976
 440 6 0 0 4175144 3094864 1474936 1015016 1704216 882496 2591640 2297016 2342976 1540888 1530520
 449 6 1 4205280 0 2345952 1273032 1519104 2157632 1971024 1639056 2370016 3247680 1546096 1517480
 458 6 2 2961960 2425808 0 3856864 1366016 1072528 1326232 1898560 2441728 2336328 1537360 1528408
 467 6 3 1403864 1260488 3923704 0 4413080 1231568 676040 1492152 1498280 3123064 1581016 1566328
 476 6 4 988232 1477560 1434656 4473000 0 3801144 684696 1272800 1584848 2353040 1607688 1589808
 485 6 5 1798848 2176472 1072856 1173800 3791368 0 3220016 1746576 3039120 3155160 1470344 1490496
 494 6 6 665328 1716848 978632 618888 740808 3718576 0 3199456 742536 1697576 1766112 946696
 503 6 7 2646752 1625632 1923544 1500088 1294880 1726144 3156120 0 3811080 1537224 1519136 1812000
 512 7 0 0 4950640 2253072 1323016 2286616 2660104 2534896 2206904 3743568 3677320 2142864 1353280
 521 7 1 4892520 0 1930184 1535432 1171184 1445856 1003664 2160536 1597512 3096848 1579600 1549168
 530 7 2 2112520 1895272 0 3715592 1975440 1041656 1322696 1290176 1615808 1566856 1633664 1652808
 539 7 3 1342624 1628744 3784272 0 1710448 1811808 3165632 1077824 1496688 2458984 2397200 1569952
 548 7 4 2084936 1180200 1980800 1744632 0 3966648 1424624 1637544 1581480 1484936 3259864 1590120
 557 7 5 2515520 1452104 1037984 1790072 3952664 0 1844832 1259448 1538952 2393888 1601752 1545184
 566 7 6 2455544 1009792 1375560 3243784 1394136 1801576 0 3253472 3886000 1449856 1476816 1514672
 575 7 7 2387128 2067080 1163528 1238136 1403992 1132216 3264072 0 689544 3402952 765632 745152
 584 8 0 0 3428048 1725584 666280 803512 1121192 1612280 2216848 1630208 674064 1574408 806336
 593 8 1 3317576 0 2199104 1497272 2323616 2493336 1215184 2837632 2144712 3666768 2961496 1357520
 602 8 2 1558208 2177056 0 3322896 1977360 1439080 1311848 2547856 1439576 2194032 2267920 1460336
 611 8 3 621784 1435696 3350992 0 1684392 2174056 2760064 1306216 1461648 1532848 1516392 1547040
 620 8 4 872768 2148232 1970064 1696456 0 3565608 1690648 928616 1553176 1466680 1557320 1531312
 629 8 5 1232616 2481872 1507080 2263368 3578544 0 2545496 1000872 1430112 1434336 3235032 1462352
 638 8 6 1670280 1211336 1253760 2746400 1742200 2625096 0 3596952 2367280 1358224 3148720 1454512
 647 8 7 2038536 2837568 2417472 1332000 888296 1000456 3519992 0 3893712 1424584 1473560 854152
 656 9 0 0 3493568 1756232 960600 1770936 1130856 1827632 3403880 2315384 3630040 1472832 2297952
 665 9 1 3538112 0 2433856 949192 917832 841800 1107872 1188760 1014688 813376 931608 893248
 674 9 2 1814184 2229952 0 3729144 2380992 2243416 1709904 2475328 1449168 4618776 2205128 1416576
 683 9 3 935784 776016 3784952 0 1682696 1785888 3191352 1360760 1529552 1601056 1619200 2455168
 692 9 4 1753192 925000 2331024 1730776 0 3936336 1440568 1801584 1551768 1484928 1516520 3285712
 701 9 5 1108984 872456 2092744 1783520 3912528 0 1815216 1379320 1529144 1654656 1627192 1643856
 710 9 6 1827576 1331288 1753544 3253376 1380144 1803632 0 3631376 3224432 1458760 1568104 1559008
 719 9 7 3318488 1381840 2625360 1443424 1784472 1483936 3705992 0 2948824 1435768 3899904 888424
 728 10 0 0 5893824 1640576 840504 1017416 1394720 1841152 2512440 3093640 2124176 1351496 2144552
 737 10 1 5896144 0 1671344 1933096 2331120 1806624 860816 2081008 1352904 4492128 1346144 2947720
 746 10 2 1555208 1964536 0 3088208 1652672 1023512 1052728 1071616 843536 680976 773000 1616848
 755 10 3 823712 1793032 2684808 0 1688032 2963984 3180224 1351808 1386176 3059968 1480208 1472104
 764 10 4 1003336 2191656 1816000 1713256 0 3518744 1684176 942736 1528304 1496016 1529280 1590360
 773 10 5 1466592 1827960 1214512 2926424 3565088 0 2498128 1029472 1386984 1446104 1464208 3179896
 782 10 6 1837824 870216 1055024 3084568 1823688 2611784 0 3582408 2339560 1366200 1441448 3169632
 791 10 7 2336872 2094472 1210136 1303280 952312 1030712 3524160 0 1548016 1517480 1560104 1015784
 800 11 0 0 3761120 2784144 728208 1052680 1122184 1447352 2868784 1552528 1522088 2431496 1542032
 809 11 1 3745776 0 3735744 1239120 1978128 1091392 1049160 2051032 3895048 1500200 2390256 1524744
 818 11 2 3009000 3791760 0 2695920 2410744 1485800 1744568 1832768 1397424 2976048 3176736 2221584
 827 11 3 526368 1043960 3003688 0 1257504 1539712 2876304 901064 884544 820680 958352 924232
 836 11 4 1063648 1874952 2313624 749856 0 4684648 1417888 1753856 1515648 3754632 1520776 1513088
 845 11 5 1122160 1118752 1426720 1686272 4544600 0 1829680 2200768 1486784 2394560 1586888 1600824
 854 11 6 1418864 1048096 1745696 2925432 1338624 1820968 0 3676304 3145600 1468232 1552080 1591184
 863 11 7 3024632 2173872 1814264 1113720 1752072 2136848 3635464 0 2322368 3102424 1452816 1779848
 872 12 0 0 3931120 1371472 2265976 833680 1011544 1829440 1605504 1457200 1442312 2267208 1542216
 881 12 1 3940960 0 2600064 1818696 870584 1720088 872792 2082560 2299504 1501824 1494368 1467464
 890 12 2 1372096 2539800 0 4039392 2629280 1433992 915088 1006952 2282496 1419472 1541848 1529160
 899 12 3 2468304 1916872 4092272 0 1189512 2591360 2769112 924528 1240416 3694576 3798496 1336128
 908 12 4 638960 893800 2410168 1619792 0 3085296 1826912 1031640 808360 695888 1637000 763744
 917 12 5 1018464 1727240 1475600 2604152 2819944 0 2924712 1417880 1338544 3728600 2364568 1427688
 926 12 6 1843784 845328 888136 2770576 1873288 2984496 0 4399640 2317360 2112600 3111968 1394032
 935 12 7 1633216 2080272 966944 930224 1157712 1359296 4187672 0 1569064 1552984 1575840 992104
 944 13 0 0 3724824 1392072 907016 2445400 938856 1829864 2564120 1505816 1525760 1555464 2361864
 953 13 1 3741504 0 2317256 1531832 1891800 896304 2109872 2545208 2419648 1506336 1567240 2401896
 962 13 2 1418384 2235544 0 4056512 2389040 1226392 1751304 1853760 1537256 1469920 1548784 3305568
 971 13 3 906408 1541320 4164280 0 1675328 1733576 3177936 1398296 1498880 2401304 1601432 1604296
 980 13 4 2583544 1970184 2335584 1721216 0 2850688 1380592 1335720 1497552 3743312 2298432 1461400
 989 13 5 800928 704704 1052312 1636480 3081600 0 2358048 939584 946432 813704 899880 952176
 998 13 6 1869512 2264752 1749712 3256792 1420592 2024480 0 4026760 3113096 4481824 1411784 1413416
 1007 13 7 2546480 2466928 1863024 1460528 1382688 1329352 4046544 0 2224320 1495808 4006152 910400
 1016 14 0 0 3953264 1350032 1226832 972624 2015880 1661128 1649800 1410776 1452944 1492104 2259912
 1025 14 1 3896000 0 1809480 1453496 1131688 1397936 639248 2857072 3138880 1513928 1447072 1512520
 1034 14 2 1342144 1810480 0 3709928 2656504 1786232 727152 972496 1554928 1463056 1533888 1592664
 1043 14 3 1283336 1525080 3752664 0 2063248 2925656 2515080 930040 1384384 1431632 1468544 3902664
 1052 14 4 960832 1157456 2769408 2052424 0 4219080 1857256 1354648 1517448 2210576 1469528 2238384
 1061 14 5 2197872 1428488 1890824 2988264 4353344 0 1540568 1707776 1281592 4542400 1332376 2239416
 1070 14 6 1628728 469712 598824 2495496 1859992 2121056 0 3656160 1633064 619200 751352 2546904
 1079 14 7 1592136 2839528 1007992 954528 1310688 1812592 3436072 0 1517184 3007440 1473376 960328
 1088 15 0 0 3766872 1333472 1799944 1806056 2313568 2582136 2871528 1401176 1315352 5451136 1412736
 1097 15 1 3760208 0 2524016 1239000 1943504 1510360 1469680 1680720 1570672 1609424 2382024 1540616
 1106 15 2 1356904 2682360 0 3692416 2662976 930952 2660680 1058112 4666160 1411048 1477504 1503504
 1115 15 3 1697032 1229640 3772240 0 1750976 1861056 1797760 2870912 1409600 3107840 2297752 1508040
 1124 15 4 1799872 1893416 2552064 1750720 0 3523200 1098320 1143424 1573024 1514984 1595024 2407336
 1133 15 5 2152352 1438320 985416 1858944 3553152 0 1831336 1180224 1536048 1629216 1590848 1608432
 1142 15 6 2679752 1446568 2644736 1695808 1104000 1917440 0 2872192 1585832 3068280 1530304 1557840
 1151 15 7 3009744 1760496 880960 2731456 998912 1052416 3069248 0 3398832 636096 704200 1569472
 1160 16 0 0 3694336 1060864 1673984 1158416 1183808 897864 1691400 865384 1721216 763520 897088
 1169 16 1 3535104 0 1763584 1559872 1498312 1491784 1431360 2269008 1493080 1525376 4547392 1469696
 1178 16 2 841312 1767552 0 3685888 2271048 1370480 1954112 1923200 1585488 1497488 2361856 1568064
 1187 16 3 1999488 1634624 3788864 0 1765184 1855296 1017672 3030656 2219272 2252800 2274632 1475776
 1196 16 4 1226496 1528768 2184256 1733512 0 3581952 1856520 2405056 1514648 2266832 2332096 1548544
 1205 16 5 1259264 1425952 1316936 1848456 3563080 0 1858624 1670464 1554184 1594280 1595912 1630024
 1214 16 6 928648 1454872 1959880 969600 1756736 1897088 0 4006272 1634896 1520456 1618384 1601536
 1223 16 7 1702464 2316480 2098512 3226560 2386112 1755592 4107528 0 2083280 5347720 3622080 726272
 1232 17 0 0 4718208 2077024 1406336 1805160 1496176 1476608 2011848 1334832 2994240 4294176 2240960
 1241 17 1 4586624 0 1671040 828496 1198752 817856 793568 956872 1020104 939272 806080 897280
 1250 17 2 2065032 1286272 0 4835984 2283072 2131096 2348080 2406912 1382016 1290336 6232640 1388160
 1259 17 3 1333056 801472 4854656 0 3030328 2347440 1815040 2325128 3790784 2343976 1452352 1425928
 1268 17 4 1792680 1331320 2247040 2853368 0 3554016 1070304 915408 1582208 1536616 2381000 1562368
 1277 17 5 1429120 902272 1999552 2259904 3572456 0 2293080 1367880 1537288 1578248 2390888 1597080
 1286 17 6 1457344 940632 2286592 1653312 1091144 2258216 0 3294656 1626208 1524208 1588928 1643664
 1295 17 7 2019136 934976 2314560 2387664 910272 1313416 3345792 0 1591960 2334416 1589896 1022400
 1304 18 0 0 4437560 1648136 2188296 1771728 1435008 1102720 1676424 1455176 2297416 2348160 1515976
 1313 18 1 4542784 0 1644648 3087936 2389152 2664008 2285248 2384448 1304912 2055248 5945856 3672624
 1322 18 2 1597320 1723008 0 3023624 1532480 611912 1659144 576320 896608 867600 811712 871744
 1331 18 3 2141568 3203344 2694912 0 2637656 2672632 1420288 2388616 1340504 3224280 3856704 1408840
 1340 18 4 1855088 2217288 1721472 2497000 0 3578816 1107880 909440 2364160 1605520 1593096 1567688
 1349 18 5 1503312 2549416 718080 2613952 3571968 0 1871576 984064 1495120 1585976 2374208 1598016
 1358 18 6 1096712 2127960 1722880 1340416 1110360 1912512 0 3692544 1598208 1512384 2332936 1590224
 1367 18 7 1688264 2191808 759936 2336704 921984 987008 3637000 0 1618512 1631296 1590528 1039168
 1376 19 0 0 3716232 2698448 848096 1837984 1502720 1464064 1664736 1534048 1461272 2380736 1570696
 1385 19 1 3730952 0 3177992 893632 1539648 1106072 1415712 1179328 1622176 1603096 1617088 1621896
 1394 19 2 2961344 3421888 0 2654592 2908160 983624 1964264 1234440 1449352 1362000 3885064 2250440
 1403 19 3 617432 895544 3051392 0 2046336 1591872 668616 2024192 890560 971688 798472 905664
 1412 19 4 1855136 1597640 3000576 1935168 0 5075840 2690888 2507584 3556808 3656688 5187976 1242312
 1421 19 5 1420624 1127384 941696 1747712 4979920 0 1889024 965320 1518032 1593752 2311360 1581384
 1430 19 6 1527504 1510480 1955584 769928 2474368 1851520 0 3699000 1593312 1508200 2353096 1610440
 1439 19 7 1671328 1180752 1269136 2134344 2314448 929744 3780952 0 2418496 2332736 1536704 989784
 1448 20 0 0 3758672 1710600 2083080 909832 2110032 1101440 2066112 1510488 1543384 2373952 1565312
 1457 20 1 3752288 0 1788480 1919872 1315968 2519168 1106056 1563592 1592224 1596776 2395136 1546960
 1466 20 2 1639872 1831504 0 4028744 2047872 963328 1967296 888704 1598920 1528064 1608128 1613144
 1475 20 3 2078080 2075416 4126216 0 1945728 2623296 1787072 2803080 1274128 1323336 5342528 3622056
 1484 20 4 772800 1097096 2050496 2289984 0 3457736 1098240 522240 867584 1697808 779968 846144
 1493 20 5 2297120 2642432 962240 2557376 3266496 0 3031896 1762432 2136752 2212000 4541768 1358600
 1502 20 6 1098760 1087568 1976656 1692080 1238280 2936840 0 3716912 1590656 1521928 2392704 1570128
 1511 20 7 2109440 1635840 893312 2698944 792256 1623680 3770288 0 3255720 1544072 1532360 1001600
 1520 21 0 0 4182848 1351080 983616 2430024 873984 1915824 2148640 1486376 3224648 1514408 1582600
 1529 21 1 4113056 0 2236704 1655112 2537960 906752 1443816 1180192 1576312 1598528 2364160 1540608
 1538 21 2 1339600 2110304 0 3722752 2283680 1848512 1943744 881056 1555456 1509304 2386256 1582288
 1547 21 3 1001024 1596416 3766408 0 1772096 1718784 1690824 2009152 1515840 1623536 2301272 1588744
 1556 21 4 2647624 2732048 2223904 1744568 0 4080760 1818760 1298184 1386584 2165480 4637248 2187792
 1565 21 5 670536 753408 1798944 1649096 4246400 0 3188616 673296 3347208 786920 669464 784968
 1574 21 6 1901736 1479152 1947336 1816328 1825472 2809488 0 4515648 1405760 1296720 6188384 1373888
 1583 21 7 2106232 1177640 866880 2001984 1267328 785472 4335232 0 1657128 1591624 1599560 1044544
 1592 22 0 0 4202112 1348672 1004672 1434832 1798816 2027568 2109120 1494544 3176904 1544576 1590736
 1601 22 1 4160736 0 1815056 1240792 1538392 1810256 938840 1864632 1642664 1602136 1614656 1626496
 1610 22 2 1358440 1826952 0 3739464 2186560 1644112 1748096 889184 1601352 1551976 2342800 1594736
 1619 22 3 990528 1222848 3695176 0 2490184 2975240 776704 1980320 1495832 1543400 2365760 1555784
 1628 22 4 1514272 1602024 2290992 2481120 0 4689824 783400 1256456 1478376 3169264 2307152 1503112
 1637 22 5 1842760 1928200 1746056 3022856 4748464 0 2121592 2443904 1252064 1359680 6132552 3597128
 1646 22 6 1952128 750176 1735752 717760 736848 2284928 0 3340008 1667168 926752 750032 885832
 1655 22 7 2045312 1968400 889112 1995520 1306384 2400912 3190120 0 1505328 1523032 3873408 959208
 1664 23 0 0 4142472 2146344 1801664 2311576 2682704 3632344 2088528 1234344 1255584 3709584 5347144
 1673 23 1 4197192 0 2253720 1676352 1952576 2271496 2480024 884264 1480920 3906232 1491776 2290688
 1682 23 2 2008304 2148432 0 3349944 1878336 1312640 1949192 751936 1648040 1518816 1620488 1614088
 1691 23 3 1687368 1578880 3345480 0 1752128 2227456 1401152 2127936 1497336 1592144 1547720 2378816
 1700 23 4 2099104 1847424 1865544 1734784 0 3553928 1090320 848512 1649352 1562936 1639168 1598024
 1709 23 5 2578952 2227144 1372928 2302736 3534848 0 2267144 1236544 1380584 3997000 1493640 1526216
 1718 23 6 3738016 2707592 1927752 1323584 1082784 2233376 0 2881216 1468792 1404976 3865632 2256328
 1727 23 7 2047552 707648 643712 2052032 641800 883264 2949120 0 930208 891968 826248 811088
 1736 24 0 0 4276608 896648 1080200 812032 760528 891712 1916240 934200 909968 941696 816192
 1745 24 1 4333824 0 2231200 2020304 1508688 1467536 1442120 2252184 1502864 2236248 2221888 4524352
 1754 24 2 814216 2156672 0 4257144 2654848 3007448 1949456 2448048 4083768 2165384 1434888 2221200
 1763 24 3 1225472 1993368 4131704 0 1716992 2271824 981656 2036376 1538856 1581840 1561536 2378440
 1772 24 4 919360 1524808 2546496 1742344 0 3543944 1476360 2053016 1590952 1464616 1566464 2381928
 1781 24 5 940912 1467528 2843048 2322816 3532008 0 1879384 966008 1471720 2374472 1593152 1580640
 1790 24 6 924352 1424960 1958656 1002336 1415080 1911536 0 4397768 1615216 2242968 1610176 1612448
 1799 24 7 1684368 2342016 2459024 2028608 2110424 996872 4486984 0 1429216 1395456 5482472 822464
 1808 25 0 0 3890048 1666816 976000 1401280 1065480 1482320 2040000 1450568 1438912 1505984 4476200
 1817 25 1 3998496 0 1483144 1722288 1188672 763040 807488 967872 1026504 910080 924752 809376
 1826 25 2 1708864 1318120 0 4550528 3462296 2531208 3150808 2387552 1285224 2695608 3550784 6012000
 1835 25 3 992256 1746528 4361808 0 1784768 1885568 1005376 2346056 2376120 1563272 1538560 1582928
 1844 25 4 1442112 1349584 3257280 1785856 0 3952568 1092208 900648 1610904 1480608 1552840 2381072
 1853 25 5 1087376 897064 2323072 1875600 4004216 0 2256208 1369576 1452456 2372016 1534856 2402944
 1862 25 6 1415424 957440 2990792 1004288 1083328 2234224 0 3297152 1623136 1528424 1624280 1612048
 1871 25 7 1995072 945000 2303072 2383048 928328 1297816 3330624 0 1588536 1581120 2387456 1011144
 1880 26 0 0 4469512 1209616 2098976 1057504 1813736 1109168 1666640 1539144 1534096 1547376 2381376
 1889 26 1 4512296 0 1696960 1961712 1927840 1858240 2269160 1582720 1464416 1428360 1409040 6134368
 1898 26 2 1296336 1891496 0 3320320 1567040 545024 1666368 572192 940920 1604000 827280 769288
 1907 26 3 2186992 2036200 3001168 0 2585920 3578568 1398120 3302040 3855312 2151376 2165568 3738240
 1916 26 4 1095984 1832520 1746968 2463976 0 3951192 1096840 957232 1604552 1564152 1609360 1576472
 1925 26 5 1939488 1982040 700808 3336344 3999432 0 1910176 987080 1460504 3251640 1509248 2318616
 1934 26 6 1096952 2123096 1722368 1342872 1064760 1905936 0 3726856 1573096 1571760 1620728 2344984
 1943 26 7 1688536 1535240 770736 3113264 955816 1016032 3652672 0 1634432 1591368 1591992 1062024
 1952 27 0 0 3753216 2688080 811720 1451920 1512352 1813744 1663616 1482720 1520872 1554048 2358792
 1961 27 1 3767240 0 2464576 895392 1907984 1129200 2268520 1595256 1601320 2466432 1560384 1562760
 1970 27 2 2948480 2584016 0 2656192 2567744 981440 2287112 1209376 1470880 1390816 1473408 3922472
 1979 27 3 581632 904720 3102568 0 1795136 1601864 889088 2046144 934568 948352 894984 786752
 1988 27 4 1393472 2029624 2584064 1599040 0 5066528 2285120 2129864 2193552 1244888 3595136 5316440
 1997 27 5 1427120 1141568 972416 1751808 4956608 0 1880536 947656 1541144 1615640 1597760 2342944
 2006 27 6 1944016 2288672 2325000 1095744 2142920 1873104 0 3759816 1494704 3859760 1445840 2293264
 2015 27 7 1671488 1573048 1271336 2166216 1971600 987520 3686640 0 1557992 1562816 2387072 1000008
 2024 28 0 0 4138752 1772352 2102048 881984 2098952 1106696 1673896 1508968 1519080 1569800 2396760
 2033 28 1 4145984 0 1837152 1913872 1306824 2545856 1559648 1606296 1536528 3244920 1519752 2345152
 2042 28 2 1663952 1855128 0 4066152 1716288 932264 2294592 903232 1651840 1584936 1644032 1636240
 2051 28 3 2119312 2097000 4181848 0 2446312 1899448 2173456 2009040 1362552 1401344 1392712 5423040
 2060 28 4 763520 1036360 1643264 2873096 0 4316416 1043728 1487000 3599232 811528 751616 707456
 2069 28 5 2291912 2652688 965744 1877568 4057664 0 2630888 1396192 1409288 1445576 2180736 4616776
 2078 28 6 1103632 1485104 2380048 2106960 1211712 2621992 0 3653120 1567288 2265728 1534000 2319824
 2087 28 7 1701176 1529640 914752 2018104 1618904 1332032 3706376 0 1594208 2335808 1605832 1011400
 2096 29 0 0 3795640 1700688 992128 2435856 914776 1463632 1681800 1544608 1536664 1630024 1612544
 2105 29 1 3769920 0 2617536 1642960 1890520 1699160 1442504 1198112 1596520 1599280 1575880 2404880
 2114 29 2 1744184 2590192 0 3714960 2247680 1136392 3087400 1327104 1491456 3204184 1505928 2329616
 2123 29 3 1017536 1604824 3743872 0 1800712 1733320 1665744 1995368 1539344 1583016 1614984 2300048
 2132 29 4 2681984 1949344 2206464 1745344 0 2922024 2916112 1341392 1483552 1421992 1427848 4706584
 2141 29 5 733768 1645216 972352 1655952 3206768 0 2653568 676264 1817440 871456 858448 765912
 2150 29 6 1508112 1477144 3157192 1817728 3016000 2520728 0 4536768 1240136 2117184 3602832 6071776
 2159 29 7 1690088 1210824 1288472 1982816 1269632 789152 4325904 0 1635272 1615664 1598600 1051848
 2168 30 0 0 3762360 1693256 1012184 1061360 1790600 1344944 2383560 1562568 1546424 1647120 1626656
 2177 30 1 3810440 0 2182000 1275272 1135440 1851808 1299312 1883056 1612088 1628960 1614608 1589008
 2186 30 2 1761888 2211264 0 3765376 2239296 1658144 2146832 1339168 1499560 3189608 1539232 2275096
 2195 30 3 1015256 1274568 3706000 0 2560496 3092856 765872 2012952 1521040 1632568 1564592 2387304
 2204 30 4 1046248 1166544 2283528 2539400 0 4224160 1240752 1275760 1623248 1482600 1575856 2402720
 2213 30 5 1878640 1942080 1760776 3130224 4377688 0 2518920 2545056 3765424 1321320 1287824 6183696
 2222 30 6 1251536 1167672 2053976 726312 1223168 2727928 0 3314040 851320 2746360 860864 731520
 2231 30 7 2496928 1969224 1261208 2033696 1334008 2526920 3215000 0 1467200 1525896 2254832 3281168
 2240 31 0 0 3710416 1032672 1047168 650376 679376 2085112 914992 985552 997080 1072960 1055104
 2249 31 1 3734080 0 1516248 1324232 774336 724080 2138352 900296 1085872 1062920 1032384 1061888
 2258 31 2 1060328 1525944 0 719688 158728 235536 238720 43584 1068048 1025120 1058696 1046952
 2267 31 3 1128912 1378200 719712 0 1029440 150912 286528 22784 922120 1864784 1041152 1027200
 2276 31 4 639584 771648 175168 1078336 0 756104 291408 43264 1051528 973768 1040384 1043976
 2285 31 5 695936 741336 251136 155648 747528 0 1087488 19968 1009600 1048672 1041216 1021632
 2294 31 6 2319056 2337144 258120 291080 304704 1084872 0 89024 1771736 860760 900360 3283648
 2303 31 7 1402144 899248 159488 236032 113664 160512 360192 0 355840 1202936 281856 193280
 2312 32 0 0 797440 527488 223232 163584 197640 202056 814464 682840 655000 787456 824080
 2321 32 1 831368 0 987424 442440 299408 205760 211016 280192 790720 820616 816640 788992
 2330 32 2 524816 999808 0 695112 169216 251136 245512 170496 813312 705224 791616 758176
 2339 32 3 203528 447488 711296 0 1043584 161280 276480 278344 734856 793432 788288 804928
 2348 32 4 163336 294784 165952 1051520 0 778048 291152 117888 682632 698336 757568 731280
 2357 32 5 200464 198728 248960 155400 754264 0 1083664 160768 568000 825216 729928 758656
 2366 32 6 199944 196544 253512 272384 270208 1086720 0 522944 723280 633296 782736 743632
 2375 32 7 806720 282176 150912 281416 124488 167424 532032 0 688648 636864 814016 205568