# Format <LP ID> <Terminal ID> <Job ID> <Local Rank> <Total sends> <Total Recvs> <Bytes sent> <Bytes recvd> <Send time> <Comm. time> <Compute time> <Avg msg time> <Max Msg Time>
 0 0 0 0 1020 1020 67012300 70881100 24577206.419907 1756495907.799736 57406436991.000000 0.000000 0.000000
 1 1 0 1 1632 1632 101528728 105447128 168071430.436445 1827845703.397629 57323291980.000000 0.000000 0.000000
 2 2 0 2 816 816 64553208 64638008 198722462.696028 1255878447.182472 57899727488.000000 0.000000 0.000000
 7 3 0 3 1428 1428 105341284 105466084 33632553.585169 1106599808.346886 58050943880.000000 0.000000 0.000000
 8 4 0 4 816 816 68151920 64011120 216839215.487099 2134423539.135391 57022544870.000000 0.000000 0.000000
 9 5 0 5 1632 1632 109551896 105659096 35084718.050159 1225638993.733269 57924820320.000000 0.000000 0.000000
 14 6 0 6 816 816 79113784 78958584 158652823.289085 159486456.242500 58999340864.000000 0.000000 0.000000
 15 7 0 7 1428 1428 112033708 119382508 279421311.327168 2542302753.674347 56603730388.000000 0.000000 0.000000
 16 8 0 8 1020 1020 100114004 93552404 98748558.870836 1007059902.929008 58147133946.000000 0.000000 0.000000
 21 9 0 9 1632 1632 101528728 105447128 76219950.174932 2067421169.329247 57086378198.000000 0.000000 0.000000
 22 10 0 10 1020 1020 67012300 70881100 60080640.064709 2217558592.296280 56924030378.000000 0.000000 0.000000
 23 11 0 11 1428 1428 98869004 98953804 31696718.401924 1233921270.279282 57922016563.000000 0.000000 0.000000
 28 12 0 12 816 816 70776616 70899816 22642768535.820290 23737674725.358315 35257015751.000000 0.000000 0.000000
 29 13 0 13 1632 1632 102394744 98201144 22547037452.766888 24161196196.581123 34827608262.000000 0.000000 0.000000
 30 14 0 14 1020 1020 75035964 71192764 22513378416.821609 24154962940.660156 34832504007.000000 0.000000 0.000000
 35 15 0 15 1632 1632 130830952 130083752 22529124249.946964 23356810998.264526 35638382612.000000 0.000000 0.000000
 36 16 0 16 816 816 86534816 93885216 268832647.714149 23934757563.127182 35053935882.000000 0.000000 0.000000
 37 17 0 17 612 612 74862620 67705820 25493199.445511 22539482820.405449 36453416056.000000 0.000000 0.000000