# Format <LP ID> <Group ID> <Router ID> <Link traffic per router port(s)># Router ports in the order: 6 local channels, 3 global channels
 6 0 0 0 385872 704 424328 28152 16592 37640 37544 37536
 13 0 1 380432 0 388656 221840 609720 244480 614912 24 0
 20 0 2 568 382208 0 38712 50712 418768 38208 42704 36216
 27 0 3 411904 217168 40752 0 453424 84736 39752 40200 39984
 34 0 4 54432 573328 52120 451504 0 456216 34432 37056 39936
 41 0 5 38728 215688 417280 79344 443432 0 43576 44000 39600
 48 1 0 0 652592 263376 37496 38400 36400 603000 16416 16960
 55 1 1 607560 0 434496 37896 37408 39624 40584 33280 38616
 62 1 2 243688 460736 0 40608 35008 35880 32488 37392 39376
 69 1 3 39352 38784 41184 0 0 0 35080 41744 39176
 76 1 4 37248 43792 29784 0 0 0 34072 37152 39712
 83 1 5 42512 40392 43904 0 0 0 34336 37520 39824
 90 2 0 0 37992 0 0 0 0 32680 0 0
 97 2 1 32672 0 0 0 0 0 38272 0 0
 104 2 2 0 0 0 0 0 0 0 0 0
 111 2 3 0 0 0 0 0 0 0 0 0
 118 2 4 0 0 0 0 0 0 0 0 0
 125 2 5 0 0 0 0 0 0 0 0 0
 132 3 0 0 39576 0 0 0 0 34704 0 0
 139 3 1 34992 0 0 0 0 0 39616 0 0
 146 3 2 0 0 0 0 0 0 0 0 0
 153 3 3 0 0 0 0 0 0 0 0 0
 160 3 4 0 0 0 0 0 0 0 0 0
 167 3 5 0 0 0 0 0 0 0 0 0
 174 4 0 0 33680 0 0 0 0 33856 0 0
 181 4 1 34496 0 0 0 0 0 34672 0 0
 188 4 2 0 0 0 0 0 0 0 0 0
 195 4 3 0 0 0 0 0 0 0 0 0
 202 4 4 0 0 0 0 0 0 0 0 0
 209 4 5 0 0 0 0 0 0 0 0 0
 216 5 0 0 43720 0 0 0 0 34336 0 0
 223 5 1 34336 0 0 0 0 0 43720 0 0
 230 5 2 0 0 0 0 0 0 0 0 0
 237 5 3 0 0 0 0 0 0 0 0 0
 244 5 4 0 0 0 0 0 0 0 0 0
 251 5 5 0 0 0 0 0 0 0 0 0
 258 6 0 0 37824 0 0 0 0 16480 0 0
 265 6 1 16480 0 0 0 0 0 37824 0 0
 272 6 2 0 0 0 0 0 0 0 0 0
 279 6 3 0 0 0 0 0 0 0 0 0
 286 6 4 0 0 0 0 0 0 0 0 0
 293 6 5 0 0 0 0 0 0 0 0 0
 300 7 0 0 24 0 0 0 0 33240 0 0
 307 7 1 33240 0 0 0 0 0 24 0 0
 314 7 2 0 0 0 0 0 0 0 0 0
 321 7 3 0 0 0 0 0 0 0 0 0
 328 7 4 0 0 0 0 0 0 0 0 0
 335 7 5 0 0 0 0 0 0 0 0 0
 342 8 0 0 42864 0 0 0 0 37720 0 0
 349 8 1 37720 0 0 0 0 0 42864 0 0
 356 8 2 0 0 0 0 0 0 0 0 0
 363 8 3 0 0 0 0 0 0 0 0 0
 370 8 4 0 0 0 0 0 0 0 0 0
 377 8 5 0 0 0 0 0 0 0 0 0
 384 9 0 0 40480 0 0 0 0 41984 0 0
 391 9 1 41984 0 0 0 0 0 40480 0 0
 398 9 2 0 0 0 0 0 0 0 0 0
 405 9 3 0 0 0 0 0 0 0 0 0
 412 9 4 0 0 0 0 0 0 0 0 0
 419 9 5 0 0 0 0 0 0 0 0 0
 426 10 0 0 37392 0 0 0 0 37552 0 0
 433 10 1 37552 0 0 0 0 0 37392 0 0
 440 10 2 0 0 0 0 0 0 0 0 0
 447 10 3 0 0 0 0 0 0 0 0 0
 454 10 4 0 0 0 0 0 0 0 0 0
 461 10 5 0 0 0 0 0 0 0 0 0
 468 11 0 0 44256 0 0 0 0 37792 0 0
 475 11 1 37792 0 0 0 0 0 44256 0 0
 482 11 2 0 0 0 0 0 0 0 0 0
 489 11 3 0 0 0 0 0 0 0 0 0
 496 11 4 0 0 0 0 0 0 0 0 0
 503 11 5 0 0 0 0 0 0 0 0 0
 510 12 0 0 37896 0 0 0 0 16808 0 0
 517 12 1 16808 0 0 0 0 0 37896 0 0
 524 12 2 0 0 0 0 0 0 0 0 0
 531 12 3 0 0 0 0 0 0 0 0 0
 538 12 4 0 0 0 0 0 0 0 0 0
 545 12 5 0 0 0 0 0 0 0 0 0
 552 13 0 0 0 0 0 0 0 38616 0 0
 559 13 1 38616 0 0 0 0 0 0 0 0
 566 13 2 0 0 0 0 0 0 0 0 0
 573 13 3 0 0 0 0 0 0 0 0 0
 580 13 4 0 0 0 0 0 0 0 0 0
 587 13 5 0 0 0 0 0 0 0 0 0
 594 14 0 0 36544 0 0 0 0 39856 0 0
 601 14 1 39856 0 0 0 0 0 36544 0 0
 608 14 2 0 0 0 0 0 0 0 0 0
 615 14 3 0 0 0 0 0 0 0 0 0
 622 14 4 0 0 0 0 0 0 0 0 0
 629 14 5 0 0 0 0 0 0 0 0 0
 636 15 0 0 40560 0 0 0 0 39424 0 0
 643 15 1 39424 0 0 0 0 0 40560 0 0
 650 15 2 0 0 0 0 0 0 0 0 0
 657 15 3 0 0 0 0 0 0 0 0 0
 664 15 4 0 0 0 0 0 0 0 0 0
 671 15 5 0 0 0 0 0 0 0 0 0
 678 16 0 0 40328 0 0 0 0 39912 0 0
 685 16 1 39912 0 0 0 0 0 40328 0 0
 692 16 2 0 0 0 0 0 0 0 0 0
 699 16 3 0 0 0 0 0 0 0 0 0
 706 16 4 0 0 0 0 0 0 0 0 0
 713 16 5 0 0 0 0 0 0 0 0 0
 720 17 0 0 39864 0 0 0 0 39792 0 0
 727 17 1 39792 0 0 0 0 0 39864 0 0
 734 17 2 0 0 0 0 0 0 0 0 0
 741 17 3 0 0 0 0 0 0 0 0 0
 748 17 4 0 0 0 0 0 0 0 0 0
 755 17 5 0 0 0 0 0 0 0 0 0
 762 18 0 0 38008 0 0 0 0 41352 0 0
 769 18 1 41352 0 0 0 0 0 38008 0 0
 776 18 2 0 0 0 0 0 0 0 0 0
 783 18 3 0 0 0 0 0 0 0 0 0
 790 18 4 0 0 0 0 0 0 0 0 0
 797 18 5 0 0 0 0 0 0 0 0 0