# Format <LP ID> <Terminal ID> <Job ID> <Local Rank> <Total sends> <Total Recvs> <Bytes sent> <Bytes recvd> <Send time> <Comm. time> <Compute time> <Avg msg time> <Max Msg Time>
 0 0 0 0 386 386 375504 372576 34174417.045040 95312911.627336 421445414.000000 0.000000 0.000000
 1 1 0 1 436 436 499744 496960 92050894.282643 116110568.363726 400680969.000000 0.000000 0.000000
 2 2 0 2 432 432 380560 378304 21185985.073995 110718544.502212 406014323.000000 0.000000 0.000000
 7 3 0 3 438 438 501776 497360 2337833.599759 62922990.526682 453870765.000000 0.000000 0.000000
 8 4 0 4 798 798 634624 632464 59406580.361719 105669465.467322 411178033.000000 0.000000 0.000000
 9 5 0 5 566 566 505488 501888 73468386.525935 110575831.503457 406217948.000000 0.000000 0.000000
 14 6 0 6 378 378 377264 374768 111449778.896449 111208404.495490 405552232.000000 0.000000 0.000000
 15 7 0 7 636 636 503376 505680 209029184.561549 110178661.729974 406617530.000000 0.000000 0.000000
 16 8 0 8 430 430 377664 378480 112383175.673313 113742348.451825 403005036.000000 0.000000 0.000000
 21 9 0 9 648 648 505520 505424 73554730.345467 107107568.131581 409691593.000000 0.000000 0.000000
 22 10 0 10 646 646 628512 629376 59018321.394424 113731189.940559 403118618.000000 0.000000 0.000000
 23 11 0 11 618 618 504176 505712 51690097.583727 114121612.878291 402669890.000000 0.000000 0.000000
 28 12 0 12 764 764 628688 628640 186998966.412570 107927556.805690 408924470.000000 0.000000 0.000000
 29 13 0 13 1060 1060 760240 756640 262139616.672051 95803231.832245 421055583.000000 0.000000 0.000000
 30 14 0 14 640 640 627024 628944 215593418.522114 112174393.827490 404679939.000000 0.000000 0.000000
 35 15 0 15 496 496 498080 501104 117793066.272509 112325048.215022 404476753.000000 0.000000 0.000000
 36 16 0 16 818 818 629824 638080 132893491.849742 108200018.013733 408656717.000000 0.000000 0.000000
 37 17 0 17 562 562 503296 504928 104236422.517910 105060134.628409 411724256.000000 0.000000 0.000000
 42 18 0 18 420 420 375680 371408 115286120.832814 110201226.187349 406548900.000000 0.000000 0.000000
 43 19 0 19 500 500 499920 499536 103428991.294223 96823193.311593 419973314.000000 0.000000 0.000000
 44 20 0 20 446 446 377088 375792 112064770.272295 111277212.581573 405490972.000000 0.000000 0.000000
 49 21 0 21 562 562 503040 505680 121878455.741253 112509165.197625 404295339.000000 0.000000 0.000000
 50 22 0 22 842 842 635616 640320 147519065.199160 109882113.332198 406977339.000000 0.000000 0.000000
 51 23 0 23 556 556 500432 500288 118087025.824668 111411392.086015 405389169.000000 0.000000 0.000000
 56 24 0 24 458 458 377408 377984 15591237.982757 13767171.587567 502964206.000000 0.000000 0.000000
 57 25 0 25 568 568 500112 503712 15449429.797321 14221181.332958 502581788.000000 0.000000 0.000000
 58 26 0 26 420 420 373712 372320 13274590.728386 14426172.947114 502344323.000000 0.000000 0.000000