# Format <LP ID> <Group ID> <Router ID> <Link traffic per router port(s)># Router ports in the order: 10 local channels, 5 global channels
 10 0 0 0 41800688 17091620 1994796 27031344 2026784 2050072 2014820 2062816 29898612 3450704 3438128 3470572 3428656 3416672
 21 0 1 42999920 0 31636984 39373340 13921628 14216116 14379292 14247480 40352444 9308800 104260732 429124 441356 430436 438792
 32 0 2 17982988 26303268 0 21669856 15910316 3334552 3364932 29455224 3354424 3721284 3435120 3375708 3420776 3396192 3466196
 43 0 3 3371472 39817468 20002336 0 34223444 3327380 29437952 3388564 3307844 3728628 3462028 3427888 3407144 3414176 3460152
 54 0 4 30459508 12312824 13366112 34617924 0 29547860 3381700 3365000 3389556 3715096 3473408 3407272 3466524 3418280 3461716
 65 0 5 3357840 12587704 3341044 3354112 29531704 0 34147940 18312488 3320652 28692248 3425528 3428652 3410932 3449564 3466464
 76 0 6 3366472 12745136 3318064 29397116 3393492 32524176 0 20795712 28334908 3712076 3415316 3444052 3462904 3412444 3440088
 87 0 7 3419516 12668512 29405212 3340592 3317748 17888464 17087352 0 21660268 16250712 3420140 3464212 3419576 3403088 3396052
 98 0 8 3426268 38361756 3381224 3380868 3421640 3369792 30407952 20026456 0 34715896 3382840 3399792 3439328 3452016 3410280
 109 0 9 29565072 12539140 3352232 3371864 3362724 30407180 3328408 13335828 34587832 0 3440552 3451908 3415436 3424856 3435776
 120 1 0 0 44791328 29410388 14463612 39283412 14029936 14451960 14363188 10335584 40153264 103613920 436080 441720 454996 452776
 131 1 1 40515468 0 19480104 27001156 2011540 1996264 2000060 2005568 29719848 2048952 3445088 3452128 3389920 3395340 3462540
 142 1 2 27176456 17104632 0 21688240 15855268 3353448 3314328 29453520 3584572 3390200 3492304 3468772 3485376 3446872 3386800
 153 1 3 12778976 30442808 20023896 0 34186568 3352128 29380024 3341720 3642508 3328760 3447936 3500596 3444356 3442848 3459108
 164 1 4 39621448 3391404 13344484 34594116 0 29496900 3348500 3333952 3667636 3366852 3447292 3431960 3466696 3454708 3458308
 175 1 5 12231844 3403192 3379528 3394180 29574800 0 34189060 18288456 3698224 28385396 3461516 3450860 3383096 3425064 3441420
 186 1 6 12691984 3348464 3330128 29435832 3334360 32561412 0 20845520 28652044 3381172 3473424 3429704 3450156 3429700 3395120
 197 1 7 12552904 3392048 29469332 3330940 3313972 17938784 17111120 0 21990508 15867540 3434784 3434600 3436736 3441832 3448112
 208 1 8 12733060 29449092 3306072 3314404 3309452 3363608 30406540 20054996 0 34183804 3432848 3439620 3505436 3464940 3387732
 219 1 9 38325372 3416732 3363244 3369932 3354024 30470080 3366268 13364976 34993780 0 3472280 3421812 3470796 3454292 3445968
 230 2 0 0 3431944 0 0 0 0 0 0 0 0 3493108 0 0 0 0
 241 2 1 3492344 0 0 0 0 0 0 0 0 0 3434956 0 0 0 0
 252 2 2 0 0 0 0 0 0 0 0 0 0 0 0 0 0 0
 263 2 3 0 0 0 0 0 0 0 0 0 0 0 0 0 0 0
 274 2 4 0 0 0 0 0 0 0 0 0 0 0 0 0 0 0
 285 2 5 0 0 0 0 0 0 0 0 0 0 0 0 0 0 0
 296 2 6 0 0 0 0 0 0 0 0 0 0 0 0 0 0 0
 307 2 7 0 0 0 0 0 0 0 0 0 0 0 0 0 0 0
 318 2 8 0 0 0 0 0 0 0 0 0 0 0 0 0 0 0
 329 2 9 0 0 0 0 0 0 0 0 0 0 0 0 0 0 0
 340 3 0 0 3460876 0 0 0 0 0 0 0 0 3446408 0 0 0 0
 351 3 1 3445312 0 0 0 0 0 0 0 0 0 3461192 0 0 0 0
 362 3 2 0 0 0 0 0 0 0 0 0 0 0 0 0 0 0
 373 3 3 0 0 0 0 0 0 0 0 0 0 0 0 0 0 0
 384 3 4 0 0 0 0 0 0 0 0 0 0 0 0 0 0 0
 395 3 5 0 0 0 0 0 0 0 0 0 0 0 0 0 0 0
 406 3 6 0 0 0 0 0 0 0 0 0 0 0 0 0 0 0
 417 3 7 0 0 0 0 0 0 0 0 0 0 0 0 0 0 0
 428 3 8 0 0 0 0 0 0 0 0 0 0 0 0 0 0 0
 439 3 9 0 0 0 0 0 0 0 0 0 0 0 0 0 0 0
 450 4 0 0 3472200 0 0 0 0 0 0 0 0 3447124 0 0 0 0
 461 4 1 3446916 0 0 0 0 0 0 0 0 0 3472772 0 0 0 0
 472 4 2 0 0 0 0 0 0 0 0 0 0 0 0 0 0 0
 483 4 3 0 0 0 0 0 0 0 0 0 0 0 0 0 0 0
 494 4 4 0 0 0 0 0 0 0 0 0 0 0 0 0 0 0
 505 4 5 0 0 0 0 0 0 0 0 0 0 0 0 0 0 0
 516 4 6 0 0 0 0 0 0 0 0 0 0 0 0 0 0 0
 527 4 7 0 0 0 0 0 0 0 0 0 0 0 0 0 0 0
 538 4 8 0 0 0 0 0 0 0 0 0 0 0 0 0 0 0
 549 4 9 0 0 0 0 0 0 0 0 0 0 0 0 0 0 0
 560 5 0 0 3423388 0 0 0 0 0 0 0 0 3463660 0 0 0 0
 571 5 1 3463068 0 0 0 0 0 0 0 0 0 3423472 0 0 0 0
 582 5 2 0 0 0 0 0 0 0 0 0 0 0 0 0 0 0
 593 5 3 0 0 0 0 0 0 0 0 0 0 0 0 0 0 0
 604 5 4 0 0 0 0 0 0 0 0 0 0 0 0 0 0 0
 615 5 5 0 0 0 0 0 0 0 0 0 0 0 0 0 0 0
 626 5 6 0 0 0 0 0 0 0 0 0 0 0 0 0 0 0
 637 5 7 0 0 0 0 0 0 0 0 0 0 0 0 0 0 0
 648 5 8 0 0 0 0 0 0 0 0 0 0 0 0 0 0 0
 659 5 9 0 0 0 0 0 0 0 0 0 0 0 0 0 0 0
 670 6 0 0 3415236 0 0 0 0 0 0 0 0 3473800 0 0 0 0
 681 6 1 3473656 0 0 0 0 0 0 0 0 0 3414700 0 0 0 0
 692 6 2 0 0 0 0 0 0 0 0 0 0 0 0 0 0 0
 703 6 3 0 0 0 0 0 0 0 0 0 0 0 0 0 0 0
 714 6 4 0 0 0 0 0 0 0 0 0 0 0 0 0 0 0
 725 6 5 0 0 0 0 0 0 0 0 0 0 0 0 0 0 0
 736 6 6 0 0 0 0 0 0 0 0 0 0 0 0 0 0 0
 747 6 7 0 0 0 0 0 0 0 0 0 0 0 0 0 0 0
 758 6 8 0 0 0 0 0 0 0 0 0 0 0 0 0 0 0
 769 6 9 0 0 0 0 0 0 0 0 0 0 0 0 0 0 0
 780 7 0 0 3419404 0 0 0 0 0 0 0 0 3433636 0 0 0 0
 791 7 1 3434408 0 0 0 0 0 0 0 0 0 3419744 0 0 0 0
 802 7 2 0 0 0 0 0 0 0 0 0 0 0 0 0 0 0
 813 7 3 0 0 0 0 0 0 0 0 0 0 0 0 0 0 0
 824 7 4 0 0 0 0 0 0 0 0 0 0 0 0 0 0 0
 835 7 5 0 0 0 0 0 0 0 0 0 0 0 0 0 0 0
 846 7 6 0 0 0 0 0 0 0 0 0 0 0 0 0 0 0
 857 7 7 0 0 0 0 0 0 0 0 0 0 0 0 0 0 0
 868 7 8 0 0 0 0 0 0 0 0 0 0 0 0 0 0 0
 879 7 9 0 0 0 0 0 0 0 0 0 0 0 0 0 0 0
 890 8 0 0 3382308 0 0 0 0 0 0 0 0 3431412 0 0 0 0
 901 8 1 3432160 0 0 0 0 0 0 0 0 0 3381928 0 0 0 0
 912 8 2 0 0 0 0 0 0 0 0 0 0 0 0 0 0 0
 923 8 3 0 0 0 0 0 0 0 0 0 0 0 0 0 0 0
 934 8 4 0 0 0 0 0 0 0 0 0 0 0 0 0 0 0
 945 8 5 0 0 0 0 0 0 0 0 0 0 0 0 0 0 0
 956 8 6 0 0 0 0 0 0 0 0 0 0 0 0 0 0 0
 967 8 7 0 0 0 0 0 0 0 0 0 0 0 0 0 0 0
 978 8 8 0 0 0 0 0 0 0 0 0 0 0 0 0 0 0
 989 8 9 0 0 0 0 0 0 0 0 0 0 0 0 0 0 0
 1000 9 0 0 3440844 0 0 0 0 0 0 0 0 3472652 0 0 0 0
 1011 9 1 3472616 0 0 0 0 0 0 0 0 0 3440996 0 0 0 0
 1022 9 2 0 0 0 0 0 0 0 0 0 0 0 0 0 0 0
 1033 9 3 0 0 0 0 0 0 0 0 0 0 0 0 0 0 0
 1044 9 4 0 0 0 0 0 0 0 0 0 0 0 0 0 0 0
 1055 9 5 0 0 0 0 0 0 0 0 0 0 0 0 0 0 0
 1066 9 6 0 0 0 0 0 0 0 0 0 0 0 0 0 0 0
 1077 9 7 0 0 0 0 0 0 0 0 0 0 0 0 0 0 0
 1088 9 8 0 0 0 0 0 0 0 0 0 0 0 0 0 0 0
 1099 9 9 0 0 0 0 0 0 0 0 0 0 0 0 0 0 0
 1110 10 0 0 3437172 0 0 0 0 0 0 0 0 435480 0 0 0 0
 1121 10 1 435680 0 0 0 0 0 0 0 0 0 3437640 0 0 0 0
 1132 10 2 0 0 0 0 0 0 0 0 0 0 0 0 0 0 0
 1143 10 3 0 0 0 0 0 0 0 0 0 0 0 0 0 0 0
 1154 10 4 0 0 0 0 0 0 0 0 0 0 0 0 0 0 0
 1165 10 5 0 0 0 0 0 0 0 0 0 0 0 0 0 0 0
 1176 10 6 0 0 0 0 0 0 0 0 0 0 0 0 0 0 0
 1187 10 7 0 0 0 0 0 0 0 0 0 0 0 0 0 0 0
 1198 10 8 0 0 0 0 0 0 0 0 0 0 0 0 0 0 0
 1209 10 9 0 0 0 0 0 0 0 0 0 0 0 0 0 0 0
 1220 11 0 0 429572 0 0 0 0 0 0 0 0 3450680 0 0 0 0
 1231 11 1 3451436 0 0 0 0 0 0 0 0 0 429712 0 0 0 0
 1242 11 2 0 0 0 0 0 0 0 0 0 0 0 0 0 0 0
 1253 11 3 0 0 0 0 0 0 0 0 0 0 0 0 0 0 0
 1264 11 4 0 0 0 0 0 0 0 0 0 0 0 0 0 0 0
 1275 11 5 0 0 0 0 0 0 0 0 0 0 0 0 0 0 0
 1286 11 6 0 0 0 0 0 0 0 0 0 0 0 0 0 0 0
 1297 11 7 0 0 0 0 0 0 0 0 0 0 0 0 0 0 0
 1308 11 8 0 0 0 0 0 0 0 0 0 0 0 0 0 0 0
 1319 11 9 0 0 0 0 0 0 0 0 0 0 0 0 0 0 0
 1330 12 0 0 3376052 0 0 0 0 0 0 0 0 3468480 0 0 0 0
 1341 12 1 3468644 0 0 0 0 0 0 0 0 0 3375512 0 0 0 0
 1352 12 2 0 0 0 0 0 0 0 0 0 0 0 0 0 0 0
 1363 12 3 0 0 0 0 0 0 0 0 0 0 0 0 0 0 0
 1374 12 4 0 0 0 0 0 0 0 0 0 0 0 0 0 0 0
 1385 12 5 0 0 0 0 0 0 0 0 0 0 0 0 0 0 0
 1396 12 6 0 0 0 0 0 0 0 0 0 0 0 0 0 0 0
 1407 12 7 0 0 0 0 0 0 0 0 0 0 0 0 0 0 0
 1418 12 8 0 0 0 0 0 0 0 0 0 0 0 0 0 0 0
 1429 12 9 0 0 0 0 0 0 0 0 0 0 0 0 0 0 0
 1440 13 0 0 3428912 0 0 0 0 0 0 0 0 3498304 0 0 0 0
 1451 13 1 3499028 0 0 0 0 0 0 0 0 0 3428508 0 0 0 0
 1462 13 2 0 0 0 0 0 0 0 0 0 0 0 0 0 0 0
 1473 13 3 0 0 0 0 0 0 0 0 0 0 0 0 0 0 0
 1484 13 4 0 0 0 0 0 0 0 0 0 0 0 0 0 0 0
 1495 13 5 0 0 0 0 0 0 0 0 0 0 0 0 0 0 0
 1506 13 6 0 0 0 0 0 0 0 0 0 0 0 0 0 0 0
 1517 13 7 0 0 0 0 0 0 0 0 0 0 0 0 0 0 0
 1528 13 8 0 0 0 0 0 0 0 0 0 0 0 0 0 0 0
 1539 13 9 0 0 0 0 0 0 0 0 0 0 0 0 0 0 0
 1550 14 0 0 3406304 0 0 0 0 0 0 0 0 3431536 0 0 0 0
 1561 14 1 3431964 0 0 0 0 0 0 0 0 0 3406432 0 0 0 0
 1572 14 2 0 0 0 0 0 0 0 0 0 0 0 0 0 0 0
 1583 14 3 0 0 0 0 0 0 0 0 0 0 0 0 0 0 0
 1594 14 4 0 0 0 0 0 0 0 0 0 0 0 0 0 0 0
 1605 14 5 0 0 0 0 0 0 0 0 0 0 0 0 0 0 0
 1616 14 6 0 0 0 0 0 0 0 0 0 0 0 0 0 0 0
 1627 14 7 0 0 0 0 0 0 0 0 0 0 0 0 0 0 0
 1638 14 8 0 0 0 0 0 0 0 0 0 0 0 0 0 0 0
 1649 14 9 0 0 0 0 0 0 0 0 0 0 0 0 0 0 0
 1660 15 0 0 3428116 0 0 0 0 0 0 0 0 3450204 0 0 0 0
 1671 15 1 3449612 0 0 0 0 0 0 0 0 0 3428324 0 0 0 0
 1682 15 2 0 0 0 0 0 0 0 0 0 0 0 0 0 0 0
 1693 15 3 0 0 0 0 0 0 0 0 0 0 0 0 0 0 0
 1704 15 4 0 0 0 0 0 0 0 0 0 0 0 0 0 0 0
 1715 15 5 0 0 0 0 0 0 0 0 0 0 0 0 0 0 0
 1726 15 6 0 0 0 0 0 0 0 0 0 0 0 0 0 0 0
 1737 15 7 0 0 0 0 0 0 0 0 0 0 0 0 0 0 0
 1748 15 8 0 0 0 0 0 0 0 0 0 0 0 0 0 0 0
 1759 15 9 0 0 0 0 0 0 0 0 0 0 0 0 0 0 0
 1770 16 0 0 3445252 0 0 0 0 0 0 0 0 3430224 0 0 0 0
 1781 16 1 3429060 0 0 0 0 0 0 0 0 0 3445768 0 0 0 0
 1792 16 2 0 0 0 0 0 0 0 0 0 0 0 0 0 0 0
 1803 16 3 0 0 0 0 0 0 0 0 0 0 0 0 0 0 0
 1814 16 4 0 0 0 0 0 0 0 0 0 0 0 0 0 0 0
 1825 16 5 0 0 0 0 0 0 0 0 0 0 0 0 0 0 0
 1836 16 6 0 0 0 0 0 0 0 0 0 0 0 0 0 0 0
 1847 16 7 0 0 0 0 0 0 0 0 0 0 0 0 0 0 0
 1858 16 8 0 0 0 0 0 0 0 0 0 0 0 0 0 0 0
 1869 16 9 0 0 0 0 0 0 0 0 0 0 0 0 0 0 0
 1880 17 0 0 3464040 0 0 0 0 0 0 0 0 3433164 0 0 0 0
 1891 17 1 3432900 0 0 0 0 0 0 0 0 0 3463180 0 0 0 0
 1902 17 2 0 0 0 0 0 0 0 0 0 0 0 0 0 0 0
 1913 17 3 0 0 0 0 0 0 0 0 0 0 0 0 0 0 0
 1924 17 4 0 0 0 0 0 0 0 0 0 0 0 0 0 0 0
 1935 17 5 0 0 0 0 0 0 0 0 0 0 0 0 0 0 0
 1946 17 6 0 0 0 0 0 0 0 0 0 0 0 0 0 0 0
 1957 17 7 0 0 0 0 0 0 0 0 0 0 0 0 0 0 0
 1968 17 8 0 0 0 0 0 0 0 0 0 0 0 0 0 0 0
 1979 17 9 0 0 0 0 0 0 0 0 0 0 0 0 0 0 0
 1990 18 0 0 3397700 0 0 0 0 0 0 0 0 3441128 0 0 0 0
 2001 18 1 3440696 0 0 0 0 0 0 0 0 0 3397400 0 0 0 0
 2012 18 2 0 0 0 0 0 0 0 0 0 0 0 0 0 0 0
 2023 18 3 0 0 0 0 0 0 0 0 0 0 0 0 0 0 0
 2034 18 4 0 0 0 0 0 0 0 0 0 0 0 0 0 0 0
 2045 18 5 0 0 0 0 0 0 0 0 0 0 0 0 0 0 0
 2056 18 6 0 0 0 0 0 0 0 0 0 0 0 0 0 0 0
 2067 18 7 0 0 0 0 0 0 0 0 0 0 0 0 0 0 0
 2078 18 8 0 0 0 0 0 0 0 0 0 0 0 0 0 0 0
 2089 18 9 0 0 0 0 0 0 0 0 0 0 0 0 0 0 0
 2100 19 0 0 3452244 0 0 0 0 0 0 0 0 3420076 0 0 0 0
 2111 19 1 3420780 0 0 0 0 0 0 0 0 0 3452448 0 0 0 0
 2122 19 2 0 0 0 0 0 0 0 0 0 0 0 0 0 0 0
 2133 19 3 0 0 0 0 0 0 0 0 0 0 0 0 0 0 0
 2144 19 4 0 0 0 0 0 0 0 0 0 0 0 0 0 0 0
 2155 19 5 0 0 0 0 0 0 0 0 0 0 0 0 0 0 0
 2166 19 6 0 0 0 0 0 0 0 0 0 0 0 0 0 0 0
 2177 19 7 0 0 0 0 0 0 0 0 0 0 0 0 0 0 0
 2188 19 8 0 0 0 0 0 0 0 0 0 0 0 0 0 0 0
 2199 19 9 0 0 0 0 0 0 0 0 0 0 0 0 0 0 0
 2210 20 0 0 3469832 0 0 0 0 0 0 0 0 441360 0 0 0 0
 2221 20 1 441376 0 0 0 0 0 0 0 0 0 3469532 0 0 0 0
 2232 20 2 0 0 0 0 0 0 0 0 0 0 0 0 0 0 0
 2243 20 3 0 0 0 0 0 0 0 0 0 0 0 0 0 0 0
 2254 20 4 0 0 0 0 0 0 0 0 0 0 0 0 0 0 0
 2265 20 5 0 0 0 0 0 0 0 0 0 0 0 0 0 0 0
 2276 20 6 0 0 0 0 0 0 0 0 0 0 0 0 0 0 0
 2287 20 7 0 0 0 0 0 0 0 0 0 0 0 0 0 0 0
 2298 20 8 0 0 0 0 0 0 0 0 0 0 0 0 0 0 0
 2309 20 9 0 0 0 0 0 0 0 0 0 0 0 0 0 0 0
 2320 21 0 0 440728 0 0 0 0 0 0 0 0 3388280 0 0 0 0
 2331 21 1 3388012 0 0 0 0 0 0 0 0 0 440468 0 0 0 0
 2342 21 2 0 0 0 0 0 0 0 0 0 0 0 0 0 0 0
 2353 21 3 0 0 0 0 0 0 0 0 0 0 0 0 0 0 0
 2364 21 4 0 0 0 0 0 0 0 0 0 0 0 0 0 0 0
 2375 21 5 0 0 0 0 0 0 0 0 0 0 0 0 0 0 0
 2386 21 6 0 0 0 0 0 0 0 0 0 0 0 0 0 0 0
 2397 21 7 0 0 0 0 0 0 0 0 0 0 0 0 0 0 0
 2408 21 8 0 0 0 0 0 0 0 0 0 0 0 0 0 0 0
 2419 21 9 0 0 0 0 0 0 0 0 0 0 0 0 0 0 0
 2430 22 0 0 3419420 0 0 0 0 0 0 0 0 3485528 0 0 0 0
 2441 22 1 3485052 0 0 0 0 0 0 0 0 0 3419580 0 0 0 0
 2452 22 2 0 0 0 0 0 0 0 0 0 0 0 0 0 0 0
 2463 22 3 0 0 0 0 0 0 0 0 0 0 0 0 0 0 0
 2474 22 4 0 0 0 0 0 0 0 0 0 0 0 0 0 0 0
 2485 22 5 0 0 0 0 0 0 0 0 0 0 0 0 0 0 0
 2496 22 6 0 0 0 0 0 0 0 0 0 0 0 0 0 0 0
 2507 22 7 0 0 0 0 0 0 0 0 0 0 0 0 0 0 0
 2518 22 8 0 0 0 0 0 0 0 0 0 0 0 0 0 0 0
 2529 22 9 0 0 0 0 0 0 0 0 0 0 0 0 0 0 0
 2540 23 0 0 3405632 0 0 0 0 0 0 0 0 3445040 0 0 0 0
 2551 23 1 3445172 0 0 0 0 0 0 0 0 0 3405032 0 0 0 0
 2562 23 2 0 0 0 0 0 0 0 0 0 0 0 0 0 0 0
 2573 23 3 0 0 0 0 0 0 0 0 0 0 0 0 0 0 0
 2584 23 4 0 0 0 0 0 0 0 0 0 0 0 0 0 0 0
 2595 23 5 0 0 0 0 0 0 0 0 0 0 0 0 0 0 0
 2606 23 6 0 0 0 0 0 0 0 0 0 0 0 0 0 0 0
 2617 23 7 0 0 0 0 0 0 0 0 0 0 0 0 0 0 0
 2628 23 8 0 0 0 0 0 0 0 0 0 0 0 0 0 0 0
 2639 23 9 0 0 0 0 0 0 0 0 0 0 0 0 0 0 0
 2650 24 0 0 3466412 0 0 0 0 0 0 0 0 3464628 0 0 0 0
 2661 24 1 3464976 0 0 0 0 0 0 0 0 0 3466060 0 0 0 0
 2672 24 2 0 0 0 0 0 0 0 0 0 0 0 0 0 0 0
 2683 24 3 0 0 0 0 0 0 0 0 0 0 0 0 0 0 0
 2694 24 4 0 0 0 0 0 0 0 0 0 0 0 0 0 0 0
 2705 24 5 0 0 0 0 0 0 0 0 0 0 0 0 0 0 0
 2716 24 6 0 0 0 0 0 0 0 0 0 0 0 0 0 0 0
 2727 24 7 0 0 0 0 0 0 0 0 0 0 0 0 0 0 0
 2738 24 8 0 0 0 0 0 0 0 0 0 0 0 0 0 0 0
 2749 24 9 0 0 0 0 0 0 0 0 0 0 0 0 0 0 0
 2760 25 0 0 3408332 0 0 0 0 0 0 0 0 3384328 0 0 0 0
 2771 25 1 3384440 0 0 0 0 0 0 0 0 0 3408660 0 0 0 0
 2782 25 2 0 0 0 0 0 0 0 0 0 0 0 0 0 0 0
 2793 25 3 0 0 0 0 0 0 0 0 0 0 0 0 0 0 0
 2804 25 4 0 0 0 0 0 0 0 0 0 0 0 0 0 0 0
 2815 25 5 0 0 0 0 0 0 0 0 0 0 0 0 0 0 0
 2826 25 6 0 0 0 0 0 0 0 0 0 0 0 0 0 0 0
 2837 25 7 0 0 0 0 0 0 0 0 0 0 0 0 0 0 0
 2848 25 8 0 0 0 0 0 0 0 0 0 0 0 0 0 0 0
 2859 25 9 0 0 0 0 0 0 0 0 0 0 0 0 0 0 0
 2870 26 0 0 3462412 0 0 0 0 0 0 0 0 3447880 0 0 0 0
 2881 26 1 3448564 0 0 0 0 0 0 0 0 0 3463084 0 0 0 0
 2892 26 2 0 0 0 0 0 0 0 0 0 0 0 0 0 0 0
 2903 26 3 0 0 0 0 0 0 0 0 0 0 0 0 0 0 0
 2914 26 4 0 0 0 0 0 0 0 0 0 0 0 0 0 0 0
 2925 26 5 0 0 0 0 0 0 0 0 0 0 0 0 0 0 0
 2936 26 6 0 0 0 0 0 0 0 0 0 0 0 0 0 0 0
 2947 26 7 0 0 0 0 0 0 0 0 0 0 0 0 0 0 0
 2958 26 8 0 0 0 0 0 0 0 0 0 0 0 0 0 0 0
 2969 26 9 0 0 0 0 0 0 0 0 0 0 0 0 0 0 0
 2980 27 0 0 3419156 0 0 0 0 0 0 0 0 3434944 0 0 0 0
 2991 27 1 3435880 0 0 0 0 0 0 0 0 0 3420116 0 0 0 0
 3002 27 2 0 0 0 0 0 0 0 0 0 0 0 0 0 0 0
 3013 27 3 0 0 0 0 0 0 0 0 0 0 0 0 0 0 0
 3024 27 4 0 0 0 0 0 0 0 0 0 0 0 0 0 0 0
 3035 27 5 0 0 0 0 0 0 0 0 0 0 0 0 0 0 0
 3046 27 6 0 0 0 0 0 0 0 0 0 0 0 0 0 0 0
 3057 27 7 0 0 0 0 0 0 0 0 0 0 0 0 0 0 0
 3068 27 8 0 0 0 0 0 0 0 0 0 0 0 0 0 0 0
 3079 27 9 0 0 0 0 0 0 0 0 0 0 0 0 0 0 0
 3090 28 0 0 3438280 0 0 0 0 0 0 0 0 3504648 0 0 0 0
 3101 28 1 3506016 0 0 0 0 0 0 0 0 0 3438404 0 0 0 0
 3112 28 2 0 0 0 0 0 0 0 0 0 0 0 0 0 0 0
 3123 28 3 0 0 0 0 0 0 0 0 0 0 0 0 0 0 0
 3134 28 4 0 0 0 0 0 0 0 0 0 0 0 0 0 0 0
 3145 28 5 0 0 0 0 0 0 0 0 0 0 0 0 0 0 0
 3156 28 6 0 0 0 0 0 0 0 0 0 0 0 0 0 0 0
 3167 28 7 0 0 0 0 0 0 0 0 0 0 0 0 0 0 0
 3178 28 8 0 0 0 0 0 0 0 0 0 0 0 0 0 0 0
 3189 28 9 0 0 0 0 0 0 0 0 0 0 0 0 0 0 0
 3200 29 0 0 3416256 0 0 0 0 0 0 0 0 3469820 0 0 0 0
 3211 29 1 3469444 0 0 0 0 0 0 0 0 0 3415988 0 0 0 0
 3222 29 2 0 0 0 0 0 0 0 0 0 0 0 0 0 0 0
 3233 29 3 0 0 0 0 0 0 0 0 0 0 0 0 0 0 0
 3244 29 4 0 0 0 0 0 0 0 0 0 0 0 0 0 0 0
 3255 29 5 0 0 0 0 0 0 0 0 0 0 0 0 0 0 0
 3266 29 6 0 0 0 0 0 0 0 0 0 0 0 0 0 0 0
 3277 29 7 0 0 0 0 0 0 0 0 0 0 0 0 0 0 0
 3288 29 8 0 0 0 0 0 0 0 0 0 0 0 0 0 0 0
 3299 29 9 0 0 0 0 0 0 0 0 0 0 0 0 0 0 0
 3310 30 0 0 3427112 0 0 0 0 0 0 0 0 455032 0 0 0 0
 3321 30 1 455080 0 0 0 0 0 0 0 0 0 3427376 0 0 0 0
 3332 30 2 0 0 0 0 0 0 0 0 0 0 0 0 0 0 0
 3343 30 3 0 0 0 0 0 0 0 0 0 0 0 0 0 0 0
 3354 30 4 0 0 0 0 0 0 0 0 0 0 0 0 0 0 0
 3365 30 5 0 0 0 0 0 0 0 0 0 0 0 0 0 0 0
 3376 30 6 0 0 0 0 0 0 0 0 0 0 0 0 0 0 0
 3387 30 7 0 0 0 0 0 0 0 0 0 0 0 0 0 0 0
 3398 30 8 0 0 0 0 0 0 0 0 0 0 0 0 0 0 0
 3409 30 9 0 0 0 0 0 0 0 0 0 0 0 0 0 0 0
 3420 31 0 0 430016 0 0 0 0 0 0 0 0 3394612 0 0 0 0
 3431 31 1 3394668 0 0 0 0 0 0 0 0 0 429976 0 0 0 0
 3442 31 2 0 0 0 0 0 0 0 0 0 0 0 0 0 0 0
 3453 31 3 0 0 0 0 0 0 0 0 0 0 0 0 0 0 0
 3464 31 4 0 0 0 0 0 0 0 0 0 0 0 0 0 0 0
 3475 31 5 0 0 0 0 0 0 0 0 0 0 0 0 0 0 0
 3486 31 6 0 0 0 0 0 0 0 0 0 0 0 0 0 0 0
 3497 31 7 0 0 0 0 0 0 0 0 0 0 0 0 0 0 0
 3508 31 8 0 0 0 0 0 0 0 0 0 0 0 0 0 0 0
 3519 31 9 0 0 0 0 0 0 0 0 0 0 0 0 0 0 0
 3530 32 0 0 3395056 0 0 0 0 0 0 0 0 3447240 0 0 0 0
 3541 32 1 3447228 0 0 0 0 0 0 0 0 0 3394744 0 0 0 0
 3552 32 2 0 0 0 0 0 0 0 0 0 0 0 0 0 0 0
 3563 32 3 0 0 0 0 0 0 0 0 0 0 0 0 0 0 0
 3574 32 4 0 0 0 0 0 0 0 0 0 0 0 0 0 0 0
 3585 32 5 0 0 0 0 0 0 0 0 0 0 0 0 0 0 0
 3596 32 6 0 0 0 0 0 0 0 0 0 0 0 0 0 0 0
 3607 32 7 0 0 0 0 0 0 0 0 0 0 0 0 0 0 0
 3618 32 8 0 0 0 0 0 0 0 0 0 0 0 0 0 0 0
 3629 32 9 0 0 0 0 0 0 0 0 0 0 0 0 0 0 0
 3640 33 0 0 3413008 0 0 0 0 0 0 0 0 3442608 0 0 0 0
 3651 33 1 3442048 0 0 0 0 0 0 0 0 0 3411868 0 0 0 0
 3662 33 2 0 0 0 0 0 0 0 0 0 0 0 0 0 0 0
 3673 33 3 0 0 0 0 0 0 0 0 0 0 0 0 0 0 0
 3684 33 4 0 0 0 0 0 0 0 0 0 0 0 0 0 0 0
 3695 33 5 0 0 0 0 0 0 0 0 0 0 0 0 0 0 0
 3706 33 6 0 0 0 0 0 0 0 0 0 0 0 0 0 0 0
 3717 33 7 0 0 0 0 0 0 0 0 0 0 0 0 0 0 0
 3728 33 8 0 0 0 0 0 0 0 0 0 0 0 0 0 0 0
 3739 33 9 0 0 0 0 0 0 0 0 0 0 0 0 0 0 0
 3750 34 0 0 3416812 0 0 0 0 0 0 0 0 3453384 0 0 0 0
 3761 34 1 3453284 0 0 0 0 0 0 0 0 0 3417692 0 0 0 0
 3772 34 2 0 0 0 0 0 0 0 0 0 0 0 0 0 0 0
 3783 34 3 0 0 0 0 0 0 0 0 0 0 0 0 0 0 0
 3794 34 4 0 0 0 0 0 0 0 0 0 0 0 0 0 0 0
 3805 34 5 0 0 0 0 0 0 0 0 0 0 0 0 0 0 0
 3816 34 6 0 0 0 0 0 0 0 0 0 0 0 0 0 0 0
 3827 34 7 0 0 0 0 0 0 0 0 0 0 0 0 0 0 0
 3838 34 8 0 0 0 0 0 0 0 0 0 0 0 0 0 0 0
 3849 34 9 0 0 0 0 0 0 0 0 0 0 0 0 0 0 0
 3860 35 0 0 3447520 0 0 0 0 0 0 0 0 3424180 0 0 0 0
 3871 35 1 3423740 0 0 0 0 0 0 0 0 0 3448076 0 0 0 0
 3882 35 2 0 0 0 0 0 0 0 0 0 0 0 0 0 0 0
 3893 35 3 0 0 0 0 0 0 0 0 0 0 0 0 0 0 0
 3904 35 4 0 0 0 0 0 0 0 0 0 0 0 0 0 0 0
 3915 35 5 0 0 0 0 0 0 0 0 0 0 0 0 0 0 0
 3926 35 6 0 0 0 0 0 0 0 0 0 0 0 0 0 0 0
 3937 35 7 0 0 0 0 0 0 0 0 0 0 0 0 0 0 0
 3948 35 8 0 0 0 0 0 0 0 0 0 0 0 0 0 0 0
 3959 35 9 0 0 0 0 0 0 0 0 0 0 0 0 0 0 0
 3970 36 0 0 3410484 0 0 0 0 0 0 0 0 3427772 0 0 0 0
 3981 36 1 3427936 0 0 0 0 0 0 0 0 0 3410804 0 0 0 0
 3992 36 2 0 0 0 0 0 0 0 0 0 0 0 0 0 0 0
 4003 36 3 0 0 0 0 0 0 0 0 0 0 0 0 0 0 0
 4014 36 4 0 0 0 0 0 0 0 0 0 0 0 0 0 0 0
 4025 36 5 0 0 0 0 0 0 0 0 0 0 0 0 0 0 0
 4036 36 6 0 0 0 0 0 0 0 0 0 0 0 0 0 0 0
 4047 36 7 0 0 0 0 0 0 0 0 0 0 0 0 0 0 0
 4058 36 8 0 0 0 0 0 0 0 0 0 0 0 0 0 0 0
 4069 36 9 0 0 0 0 0 0 0 0 0 0 0 0 0 0 0
 4080 37 0 0 3401528 0 0 0 0 0 0 0 0 3441320 0 0 0 0
 4091 37 1 3442056 0 0 0 0 0 0 0 0 0 3401780 0 0 0 0
 4102 37 2 0 0 0 0 0 0 0 0 0 0 0 0 0 0 0
 4113 37 3 0 0 0 0 0 0 0 0 0 0 0 0 0 0 0
 4124 37 4 0 0 0 0 0 0 0 0 0 0 0 0 0 0 0
 4135 37 5 0 0 0 0 0 0 0 0 0 0 0 0 0 0 0
 4146 37 6 0 0 0 0 0 0 0 0 0 0 0 0 0 0 0
 4157 37 7 0 0 0 0 0 0 0 0 0 0 0 0 0 0 0
 4168 37 8 0 0 0 0 0 0 0 0 0 0 0 0 0 0 0
 4179 37 9 0 0 0 0 0 0 0 0 0 0 0 0 0 0 0
 4190 38 0 0 3453900 0 0 0 0 0 0 0 0 3463324 0 0 0 0
 4201 38 1 3464364 0 0 0 0 0 0 0 0 0 3453336 0 0 0 0
 4212 38 2 0 0 0 0 0 0 0 0 0 0 0 0 0 0 0
 4223 38 3 0 0 0 0 0 0 0 0 0 0 0 0 0 0 0
 4234 38 4 0 0 0 0 0 0 0 0 0 0 0 0 0 0 0
 4245 38 5 0 0 0 0 0 0 0 0 0 0 0 0 0 0 0
 4256 38 6 0 0 0 0 0 0 0 0 0 0 0 0 0 0 0
 4267 38 7 0 0 0 0 0 0 0 0 0 0 0 0 0 0 0
 4278 38 8 0 0 0 0 0 0 0 0 0 0 0 0 0 0 0
 4289 38 9 0 0 0 0 0 0 0 0 0 0 0 0 0 0 0
 4300 39 0 0 3424708 0 0 0 0 0 0 0 0 3455372 0 0 0 0
 4311 39 1 3454772 0 0 0 0 0 0 0 0 0 3424592 0 0 0 0
 4322 39 2 0 0 0 0 0 0 0 0 0 0 0 0 0 0 0
 4333 39 3 0 0 0 0 0 0 0 0 0 0 0 0 0 0 0
 4344 39 4 0 0 0 0 0 0 0 0 0 0 0 0 0 0 0
 4355 39 5 0 0 0 0 0 0 0 0 0 0 0 0 0 0 0
 4366 39 6 0 0 0 0 0 0 0 0 0 0 0 0 0 0 0
 4377 39 7 0 0 0 0 0 0 0 0 0 0 0 0 0 0 0
 4388 39 8 0 0 0 0 0 0 0 0 0 0 0 0 0 0 0
 4399 39 9 0 0 0 0 0 0 0 0 0 0 0 0 0 0 0
 4410 40 0 0 3416784 0 0 0 0 0 0 0 0 452516 0 0 0 0
 4421 40 1 452564 0 0 0 0 0 0 0 0 0 3416604 0 0 0 0
 4432 40 2 0 0 0 0 0 0 0 0 0 0 0 0 0 0 0
 4443 40 3 0 0 0 0 0 0 0 0 0 0 0 0 0 0 0
 4454 40 4 0 0 0 0 0 0 0 0 0 0 0 0 0 0 0
 4465 40 5 0 0 0 0 0 0 0 0 0 0 0 0 0 0 0
 4476 40 6 0 0 0 0 0 0 0 0 0 0 0 0 0 0 0
 4487 40 7 0 0 0 0 0 0 0 0 0 0 0 0 0 0 0
 4498 40 8 0 0 0 0 0 0 0 0 0 0 0 0 0 0 0
 4509 40 9 0 0 0 0 0 0 0 0 0 0 0 0 0 0 0
 4520 41 0 0 439640 0 0 0 0 0 0 0 0 3462428 0 0 0 0
 4531 41 1 3462252 0 0 0 0 0 0 0 0 0 439508 0 0 0 0
 4542 41 2 0 0 0 0 0 0 0 0 0 0 0 0 0 0 0
 4553 41 3 0 0 0 0 0 0 0 0 0 0 0 0 0 0 0
 4564 41 4 0 0 0 0 0 0 0 0 0 0 0 0 0 0 0
 4575 41 5 0 0 0 0 0 0 0 0 0 0 0 0 0 0 0
 4586 41 6 0 0 0 0 0 0 0 0 0 0 0 0 0 0 0
 4597 41 7 0 0 0 0 0 0 0 0 0 0 0 0 0 0 0
 4608 41 8 0 0 0 0 0 0 0 0 0 0 0 0 0 0 0
 4619 41 9 0 0 0 0 0 0 0 0 0 0 0 0 0 0 0
 4630 42 0 0 3464936 0 0 0 0 0 0 0 0 3386624 0 0 0 0
 4641 42 1 3386608 0 0 0 0 0 0 0 0 0 3465440 0 0 0 0
 4652 42 2 0 0 0 0 0 0 0 0 0 0 0 0 0 0 0
 4663 42 3 0 0 0 0 0 0 0 0 0 0 0 0 0 0 0
 4674 42 4 0 0 0 0 0 0 0 0 0 0 0 0 0 0 0
 4685 42 5 0 0 0 0 0 0 0 0 0 0 0 0 0 0 0
 4696 42 6 0 0 0 0 0 0 0 0 0 0 0 0 0 0 0
 4707 42 7 0 0 0 0 0 0 0 0 0 0 0 0 0 0 0
 4718 42 8 0 0 0 0 0 0 0 0 0 0 0 0 0 0 0
 4729 42 9 0 0 0 0 0 0 0 0 0 0 0 0 0 0 0
 4740 43 0 0 3458316 0 0 0 0 0 0 0 0 3457692 0 0 0 0
 4751 43 1 3458536 0 0 0 0 0 0 0 0 0 3458896 0 0 0 0
 4762 43 2 0 0 0 0 0 0 0 0 0 0 0 0 0 0 0
 4773 43 3 0 0 0 0 0 0 0 0 0 0 0 0 0 0 0
 4784 43 4 0 0 0 0 0 0 0 0 0 0 0 0 0 0 0
 4795 43 5 0 0 0 0 0 0 0 0 0 0 0 0 0 0 0
 4806 43 6 0 0 0 0 0 0 0 0 0 0 0 0 0 0 0
 4817 43 7 0 0 0 0 0 0 0 0 0 0 0 0 0 0 0
 4828 43 8 0 0 0 0 0 0 0 0 0 0 0 0 0 0 0
 4839 43 9 0 0 0 0 0 0 0 0 0 0 0 0 0 0 0
 4850 44 0 0 3460328 0 0 0 0 0 0 0 0 3458836 0 0 0 0
 4861 44 1 3458464 0 0 0 0 0 0 0 0 0 3461772 0 0 0 0
 4872 44 2 0 0 0 0 0 0 0 0 0 0 0 0 0 0 0
 4883 44 3 0 0 0 0 0 0 0 0 0 0 0 0 0 0 0
 4894 44 4 0 0 0 0 0 0 0 0 0 0 0 0 0 0 0
 4905 44 5 0 0 0 0 0 0 0 0 0 0 0 0 0 0 0
 4916 44 6 0 0 0 0 0 0 0 0 0 0 0 0 0 0 0
 4927 44 7 0 0 0 0 0 0 0 0 0 0 0 0 0 0 0
 4938 44 8 0 0 0 0 0 0 0 0 0 0 0 0 0 0 0
 4949 44 9 0 0 0 0 0 0 0 0 0 0 0 0 0 0 0
 4960 45 0 0 3464056 0 0 0 0 0 0 0 0 3441160 0 0 0 0
 4971 45 1 3441400 0 0 0 0 0 0 0 0 0 3463100 0 0 0 0
 4982 45 2 0 0 0 0 0 0 0 0 0 0 0 0 0 0 0
 4993 45 3 0 0 0 0 0 0 0 0 0 0 0 0 0 0 0
 5004 45 4 0 0 0 0 0 0 0 0 0 0 0 0 0 0 0
 5015 45 5 0 0 0 0 0 0 0 0 0 0 0 0 0 0 0
 5026 45 6 0 0 0 0 0 0 0 0 0 0 0 0 0 0 0
 5037 45 7 0 0 0 0 0 0 0 0 0 0 0 0 0 0 0
 5048 45 8 0 0 0 0 0 0 0 0 0 0 0 0 0 0 0
 5059 45 9 0 0 0 0 0 0 0 0 0 0 0 0 0 0 0
 5070 46 0 0 3440500 0 0 0 0 0 0 0 0 3395868 0 0 0 0
 5081 46 1 3395240 0 0 0 0 0 0 0 0 0 3439432 0 0 0 0
 5092 46 2 0 0 0 0 0 0 0 0 0 0 0 0 0 0 0
 5103 46 3 0 0 0 0 0 0 0 0 0 0 0 0 0 0 0
 5114 46 4 0 0 0 0 0 0 0 0 0 0 0 0 0 0 0
 5125 46 5 0 0 0 0 0 0 0 0 0 0 0 0 0 0 0
 5136 46 6 0 0 0 0 0 0 0 0 0 0 0 0 0 0 0
 5147 46 7 0 0 0 0 0 0 0 0 0 0 0 0 0 0 0
 5158 46 8 0 0 0 0 0 0 0 0 0 0 0 0 0 0 0
 5169 46 9 0 0 0 0 0 0 0 0 0 0 0 0 0 0 0
 5180 47 0 0 3394512 0 0 0 0 0 0 0 0 3447708 0 0 0 0
 5191 47 1 3447836 0 0 0 0 0 0 0 0 0 3394648 0 0 0 0
 5202 47 2 0 0 0 0 0 0 0 0 0 0 0 0 0 0 0
 5213 47 3 0 0 0 0 0 0 0 0 0 0 0 0 0 0 0
 5224 47 4 0 0 0 0 0 0 0 0 0 0 0 0 0 0 0
 5235 47 5 0 0 0 0 0 0 0 0 0 0 0 0 0 0 0
 5246 47 6 0 0 0 0 0 0 0 0 0 0 0 0 0 0 0
 5257 47 7 0 0 0 0 0 0 0 0 0 0 0 0 0 0 0
 5268 47 8 0 0 0 0 0 0 0 0 0 0 0 0 0 0 0
 5279 47 9 0 0 0 0 0 0 0 0 0 0 0 0 0 0 0
 5290 48 0 0 3409680 0 0 0 0 0 0 0 0 3386640 0 0 0 0
 5301 48 1 3386656 0 0 0 0 0 0 0 0 0 3409408 0 0 0 0
 5312 48 2 0 0 0 0 0 0 0 0 0 0 0 0 0 0 0
 5323 48 3 0 0 0 0 0 0 0 0 0 0 0 0 0 0 0
 5334 48 4 0 0 0 0 0 0 0 0 0 0 0 0 0 0 0
 5345 48 5 0 0 0 0 0 0 0 0 0 0 0 0 0 0 0
 5356 48 6 0 0 0 0 0 0 0 0 0 0 0 0 0 0 0
 5367 48 7 0 0 0 0 0 0 0 0 0 0 0 0 0 0 0
 5378 48 8 0 0 0 0 0 0 0 0 0 0 0 0 0 0 0
 5389 48 9 0 0 0 0 0 0 0 0 0 0 0 0 0 0 0
 5400 49 0 0 3434588 0 0 0 0 0 0 0 0 3444292 0 0 0 0
 5411 49 1 3444128 0 0 0 0 0 0 0 0 0 3436376 0 0 0 0
 5422 49 2 0 0 0 0 0 0 0 0 0 0 0 0 0 0 0
 5433 49 3 0 0 0 0 0 0 0 0 0 0 0 0 0 0 0
 5444 49 4 0 0 0 0 0 0 0 0 0 0 0 0 0 0 0
 5455 49 5 0 0 0 0 0 0 0 0 0 0 0 0 0 0 0
 5466 49 6 0 0 0 0 0 0 0 0 0 0 0 0 0 0 0
 5477 49 7 0 0 0 0 0 0 0 0 0 0 0 0 0 0 0
 5488 49 8 0 0 0 0 0 0 0 0 0 0 0 0 0 0 0
 5499 49 9 0 0 0 0 0 0 0 0 0 0 0 0 0 0 0
 5510 50 0 0 3450484 0 0 0 0 0 0 0 0 3442228 0 0 0 0
 5521 50 1 3442336 0 0 0 0 0 0 0 0 0 3450868 0 0 0 0
 5532 50 2 0 0 0 0 0 0 0 0 0 0 0 0 0 0 0
 5543 50 3 0 0 0 0 0 0 0 0 0 0 0 0 0 0 0
 5554 50 4 0 0 0 0 0 0 0 0 0 0 0 0 0 0 0
 5565 50 5 0 0 0 0 0 0 0 0 0 0 0 0 0 0 0
 5576 50 6 0 0 0 0 0 0 0 0 0 0 0 0 0 0 0
 5587 50 7 0 0 0 0 0 0 0 0 0 0 0 0 0 0 0
 5598 50 8 0 0 0 0 0 0 0 0 0 0 0 0 0 0 0
 5609 50 9 0 0 0 0 0 0 0 0 0 0 0 0 0 0 0