# Format <LP ID> <Terminal ID> <Job ID> <Local Rank> <Total sends> <Total Recvs> <Bytes sent> <Bytes recvd> <Send time> <Comm. time> <Compute time> <Avg msg time> <Max Msg Time>
 0 0 0 0 28000 28000 32064632 32064632 126991089.112300 138553885.425312 221281641.000000 0.000000 0.000000
 1 1 0 1 28000 28000 38753880 38753880 131833125.940641 147138034.865700 212697416.000000 0.000000 0.000000
 2 2 0 2 28000 28000 38747532 38747532 131552568.727243 142038853.682129 217796347.000000 0.000000 0.000000
 3 3 0 3 28000 24000 32501596 32493596 126966925.905928 157421246.662066 202414089.000000 0.000000 0.000000
 4 4 0 4 28000 32000 39170140 39178140 132493225.511795 136724249.368932 223112292.000000 0.000000 0.000000
 11 5 0 5 28000 24000 33759788 33751788 128050564.632465 152708517.146838 207128263.000000 0.000000 0.000000
 12 6 0 6 24000 24000 27933140 27933140 109308218.221094 174653663.622250 185164753.000000 0.000000 0.000000
 13 7 0 7 28000 32000 39588272 39596272 132152242.042226 137254577.918341 222578617.000000 0.000000 0.000000
 14 8 0 8 28000 24000 32924208 32916208 127609083.258608 153090362.604584 206742940.000000 0.000000 0.000000
 15 9 0 9 24000 28000 32912828 32920828 113010837.467334 165839816.538552 193975712.000000 0.000000 0.000000
 22 10 0 10 28000 28000 36667572 36667572 130110893.415439 145157401.506151 214673135.000000 0.000000 0.000000
 23 11 0 11 28000 24000 32918660 32910660 127391789.403874 152636356.894086 207194322.000000 0.000000 0.000000
 24 12 0 12 24000 24000 29573788 29573788 110182544.365791 152642059.585267 207171666.000000 0.000000 0.000000
 25 13 0 13 28000 32000 40403528 40411528 133103091.907731 117368195.364643 242476255.000000 0.000000 0.000000
 26 14 0 14 28000 24000 32512728 32504728 127323101.968890 127752352.952864 232092238.000000 0.000000 0.000000
 33 15 0 15 24000 28000 32515708 32523708 112714832.657403 144154231.497314 215673868.000000 0.000000 0.000000
 34 16 0 16 28000 28000 36259468 36259468 129836429.662206 125840672.456913 233999395.000000 0.000000 0.000000
 35 17 0 17 28000 24000 32512832 32504832 127443625.310130 131402633.870825 228437534.000000 0.000000 0.000000
 36 18 0 18 24000 28000 33333032 33341032 112970535.471537 145453922.354743 214370975.000000 0.000000 0.000000
 37 19 0 19 28000 28000 36672956 36672956 130641743.780093 127373307.705989 232472337.000000 0.000000 0.000000
 44 20 0 20 28000 24000 32510664 32502664 127431634.764635 131516240.743034 228329607.000000 0.000000 0.000000
 45 21 0 21 24000 28000 32493036 32501036 112941347.604317 143491445.165440 216339161.000000 0.000000 0.000000
 46 22 0 22 28000 28000 36248328 36248328 129843406.147005 127509012.876372 232327608.000000 0.000000 0.000000
 47 23 0 23 28000 24000 32512220 32504220 127128027.825678 132122557.806230 227714205.000000 0.000000 0.000000
 48 24 0 24 24000 28000 34574828 34582828 114376413.929101 149240510.641783 210581177.000000 0.000000 0.000000
 55 25 0 25 28000 28000 32086876 32086876 126909589.900310 150846977.195098 208992324.000000 0.000000 0.000000
 56 26 0 26 28000 28000 38747032 38747032 131974485.008451 142034913.777585 217804276.000000 0.000000 0.000000
 57 27 0 27 28000 28000 38731736 38731736 131550614.728043 142334112.689580 217504609.000000 0.000000 0.000000
 58 28 0 28 28000 24000 32499384 32491384 126958852.615712 154804077.296087 205034763.000000 0.000000 0.000000
 59 29 0 29 28000 32000 39165636 39173636 132540617.296465 136003473.881905 223833299.000000 0.000000 0.000000
 66 30 0 30 28000 24000 33762344 33754344 128198598.656625 151633839.788651 208203034.000000 0.000000 0.000000
 67 31 0 31 24000 24000 27919224 27919224 109310353.476943 173488617.734488 186331504.000000 0.000000 0.000000
 68 32 0 32 28000 32000 39589368 39597368 132275545.136353 136721075.697982 223121860.000000 0.000000 0.000000
 69 33 0 33 28000 24000 32931868 32923868 127751437.755393 153330612.143797 206512422.000000 0.000000 0.000000
 70 34 0 34 24000 28000 32917724 32925724 113011210.640906 164485108.437595 195339573.000000 0.000000 0.000000
 77 35 0 35 28000 28000 36670540 36670540 130075371.034223 145318901.141464 214527185.000000 0.000000 0.000000
 78 36 0 36 28000 24000 32926448 32918448 127339673.517765 124042564.068434 235803630.000000 0.000000 0.000000
 79 37 0 37 24000 24000 29578180 29578180 110180055.839083 148595087.278640 211233941.000000 0.000000 0.000000
 80 38 0 38 28000 32000 40395288 40403288 133080542.405350 107472279.417563 252373566.000000 0.000000 0.000000
 81 39 0 39 28000 24000 32509204 32501204 127303980.847234 125527926.893801 234318056.000000 0.000000 0.000000
 88 40 0 40 24000 28000 32489604 32497604 112708162.483779 137912060.133158 221916890.000000 0.000000 0.000000
 89 41 0 41 28000 28000 36249024 36249024 129833977.195464 120071481.186382 239774973.000000 0.000000 0.000000
 90 42 0 42 28000 24000 32512212 32504212 127430565.314572 126122888.971846 233723661.000000 0.000000 0.000000
 91 43 0 43 24000 28000 33330416 33338416 112984203.068149 138485892.461683 221345589.000000 0.000000 0.000000
 92 44 0 44 28000 28000 36664632 36664632 130635367.593168 119877521.863389 239964819.000000 0.000000 0.000000
 99 45 0 45 28000 24000 32512460 32504460 127315557.227863 125499223.779301 234343357.000000 0.000000 0.000000
 100 46 0 46 24000 28000 32504656 32512656 112804633.350663 135384700.818861 224442540.000000 0.000000 0.000000
 101 47 0 47 28000 28000 36240660 36240660 129696193.853301 119860075.221176 239979491.000000 0.000000 0.000000
 102 48 0 48 28000 24000 32497448 32489448 126970858.107954 139539197.208298 220300506.000000 0.000000 0.000000
 103 49 0 49 24000 28000 34559788 34567788 114183932.976539 162207966.869428 197616771.000000 0.000000 0.000000
 110 50 0 50 28000 28000 32073480 32073480 126898220.680563 149338368.514120 210498245.000000 0.000000 0.000000
 111 51 0 51 28000 28000 38736336 38736336 131810206.036409 141281385.476650 218555148.000000 0.000000 0.000000
 112 52 0 52 28000 28000 38740296 38740296 131535513.158336 139930277.390669 219905173.000000 0.000000 0.000000
 113 53 0 53 28000 24000 32496240 32488240 126916710.208906 153447567.077832 206387759.000000 0.000000 0.000000
 114 54 0 54 28000 32000 39172064 39180064 132429101.761960 134023475.132825 225812989.000000 0.000000 0.000000
 121 55 0 55 28000 24000 33734884 33726884 128160007.119849 149757413.459527 210079277.000000 0.000000 0.000000
 122 56 0 56 24000 24000 27921168 27921168 109318824.672798 171229710.627477 188587885.000000 0.000000 0.000000
 123 57 0 57 28000 32000 39571236 39579236 132246657.937220 135272739.987855 224567343.000000 0.000000 0.000000
 124 58 0 58 28000 24000 32913348 32905348 127751364.837921 150926712.921181 208913513.000000 0.000000 0.000000
 125 59 0 59 24000 28000 32901292 32909292 113018269.207641 162358696.919914 197464719.000000 0.000000 0.000000
 132 60 0 60 28000 28000 36652636 36652636 130057133.619218 110772902.992111 249068822.000000 0.000000 0.000000
 133 61 0 61 28000 24000 32903816 32895816 127332656.340428 121621715.053214 238220139.000000 0.000000 0.000000
 134 62 0 62 24000 24000 29578936 29578936 110169487.853511 139984892.537577 219840684.000000 0.000000 0.000000
 135 63 0 63 28000 32000 40420396 40428396 133095689.796675 106227668.812833 253610329.000000 0.000000 0.000000
 136 64 0 64 28000 24000 32511148 32503148 127325272.931034 120860884.163553 238977243.000000 0.000000 0.000000
 143 65 0 65 24000 28000 32486276 32494276 112663476.049436 132592271.055501 227230596.000000 0.000000 0.000000
 144 66 0 66 28000 28000 36263460 36263460 129805818.316658 116585341.383983 243258798.000000 0.000000 0.000000
 145 67 0 67 28000 24000 32516192 32508192 127414130.284698 120982529.228708 238861752.000000 0.000000 0.000000
 146 68 0 68 24000 28000 33328608 33336608 112972066.501839 133406622.929528 226422680.000000 0.000000 0.000000
 147 69 0 69 28000 28000 36652080 36652080 130597685.208102 116298695.569950 243539895.000000 0.000000 0.000000
 154 70 0 70 28000 24000 32513128 32505128 127378709.556093 120295164.869445 239543657.000000 0.000000 0.000000
 155 71 0 71 24000 28000 32502492 32510492 112874313.782431 130053535.422253 229770034.000000 0.000000 0.000000
 156 72 0 72 28000 28000 36243032 36243032 129814444.235705 130678308.694669 229163078.000000 0.000000 0.000000
 157 73 0 73 28000 24000 32513740 32505740 127090301.411828 151344094.834592 208497423.000000 0.000000 0.000000
 158 74 0 74 24000 28000 34580544 34588544 114310796.084795 159089962.416332 200734882.000000 0.000000 0.000000
 165 75 0 75 28000 28000 32073304 32073304 126932802.449176 147067088.325011 212769334.000000 0.000000 0.000000
 166 76 0 76 28000 28000 38745076 38745076 131950947.972356 139567101.654407 220269253.000000 0.000000 0.000000
 167 77 0 77 28000 28000 38745084 38745084 131601278.770251 139104650.165132 220731289.000000 0.000000 0.000000
 168 78 0 78 28000 24000 32506812 32498812 126991918.703584 152681866.877306 207154213.000000 0.000000 0.000000
 169 79 0 79 28000 32000 39157496 39165496 132470392.732867 134327424.471653 225512260.000000 0.000000 0.000000
 176 80 0 80 28000 24000 33753704 33745704 128164204.436073 149671691.350828 210168233.000000 0.000000 0.000000
 177 81 0 81 24000 24000 27913272 27913272 109313327.061829 170869698.854475 188949207.000000 0.000000 0.000000
 178 82 0 82 28000 32000 39590796 39598796 132270413.086305 136680378.408703 223159730.000000 0.000000 0.000000
 179 83 0 83 28000 24000 32925712 32917712 127755007.432994 151606497.868945 208233754.000000 0.000000 0.000000
 180 84 0 84 24000 28000 32915360 32923360 113014626.546488 136827539.356979 222996887.000000 0.000000 0.000000
 187 85 0 85 28000 28000 36667220 36667220 130079813.870656 119900517.466958 239942113.000000 0.000000 0.000000
 188 86 0 86 28000 24000 32913384 32905384 127364946.886431 127223754.704145 232618993.000000 0.000000 0.000000
 189 87 0 87 24000 24000 29579992 29579992 110173348.180115 149225843.722746 210598094.000000 0.000000 0.000000
 190 88 0 88 28000 32000 40408496 40416496 133088582.170078 113157437.715321 246685767.000000 0.000000 0.000000
 191 89 0 89 28000 24000 32501152 32493152 127311530.049451 127606631.051555 232236686.000000 0.000000 0.000000
 198 90 0 90 24000 28000 32488836 32496836 112540726.122121 141611257.111375 218214517.000000 0.000000 0.000000
 199 91 0 91 28000 28000 36249616 36249616 129666143.948512 122024462.797491 237821715.000000 0.000000 0.000000
 200 92 0 92 28000 24000 32511208 32503208 127269883.657110 128352530.720185 231493775.000000 0.000000 0.000000
 201 93 0 93 24000 28000 33332156 33340156 112842487.832183 142417162.517944 217412151.000000 0.000000 0.000000
 202 94 0 94 28000 28000 36649744 36649744 130405866.181423 120910647.535507 238929658.000000 0.000000 0.000000
 209 95 0 95 28000 24000 32494248 32486248 127302613.832717 127623709.552319 232216835.000000 0.000000 0.000000
 210 96 0 96 24000 28000 32497608 32505608 112890402.605483 200764951.591901 159058924.000000 0.000000 0.000000
 211 97 0 97 28000 28000 36236440 36236440 129728675.127065 204123765.070885 155710913.000000 0.000000 0.000000
 212 98 0 98 28000 24000 32480632 32472632 126989694.147655 208247918.239767 151586885.000000 0.000000 0.000000
 213 99 0 99 24000 28000 34541172 34549172 114347921.474566 211979874.356175 147840461.000000 0.000000 0.000000