# Format <LP ID> <Terminal ID> <Job ID> <Local Rank> <Total sends> <Total Recvs> <Bytes sent> <Bytes recvd> <Send time> <Comm. time> <Compute time> <Avg msg time> <Max Msg Time>
 0 0 0 0 1020 1020 67012300 70881100 24574627.460861 1756463393.361214 57406436991.000000 0.000000 0.000000
 1 1 0 1 1632 1632 101528728 105447128 168154046.055336 1827830367.428925 57323291980.000000 0.000000 0.000000
 2 2 0 2 816 816 64553208 64638008 198662094.873543 1255853320.386482 57899727488.000000 0.000000 0.000000
 3 3 0 3 1428 1428 105341284 105466084 33414304.275616 1106598710.409897 58050943880.000000 0.000000 0.000000
 9 4 0 4 816 816 68151920 64011120 216593926.512728 2134398191.781853 57022544870.000000 0.000000 0.000000
 10 5 0 5 1632 1632 109551896 105659096 35055507.686768 1225641627.266136 57924820320.000000 0.000000 0.000000
 11 6 0 6 816 816 79113784 78958584 158654447.843103 159461301.629944 58999340864.000000 0.000000 0.000000
 12 7 0 7 1428 1428 112033708 119382508 277357425.015135 2542277505.838440 56603730388.000000 0.000000 0.000000
 18 8 0 8 1020 1020 100114004 93552404 97439489.481682 1007034844.346832 58147133946.000000 0.000000 0.000000
 19 9 0 9 1632 1632 101528728 105447128 78028882.039202 2067374599.922279 57086378198.000000 0.000000 0.000000
 20 10 0 10 1020 1020 67012300 70881100 60044921.259674 2217527798.307816 56924030378.000000 0.000000 0.000000
 21 11 0 11 1428 1428 98869004 98953804 31860292.768160 1233924001.682663 57922016563.000000 0.000000 0.000000
 27 12 0 12 816 816 70776616 70899816 22642648035.682716 23737643930.956497 35257015751.000000 0.000000 0.000000
 28 13 0 13 1632 1632 102394744 98201144 22546956292.321945 24161198925.362373 34827608262.000000 0.000000 0.000000
 29 14 0 14 1020 1020 75035964 71192764 22511751285.661415 24154948423.291832 34832504007.000000 0.000000 0.000000
 30 15 0 15 1632 1632 130830952 130083752 22530142479.418804 23356813680.338860 35638382612.000000 0.000000 0.000000
 36 16 0 16 816 816 86534816 93885216 268451235.081978 23934732808.865479 35053935882.000000 0.000000 0.000000
 37 17 0 17 612 612 74862620 67705820 25565412.634689 22539458173.555992 36453416056.000000 0.000000 0.000000