# Format <LP ID> <Terminal ID> <Job ID> <Local Rank> <Total sends> <Total Recvs> <Bytes sent> <Bytes recvd> <Send time> <Comm. time> <Compute time> <Avg msg time> <Max Msg Time>
 0 0 0 0 386 386 375504 372576 34163518.975803 95311284.996797 421445414.000000 0.000000 0.000000
 1 1 0 1 436 436 499744 496960 92057012.107086 116109682.941421 400680969.000000 0.000000 0.000000
 2 2 0 2 432 432 380560 378304 21180707.558856 110717321.247011 406014323.000000 0.000000 0.000000
 3 3 0 3 438 438 501776 497360 2343614.676859 62922634.919514 453870765.000000 0.000000 0.000000
 9 4 0 4 798 798 634624 632464 59414037.378078 105668746.981891 411178033.000000 0.000000 0.000000
 10 5 0 5 566 566 505488 501888 73460499.940211 110575841.333537 406217948.000000 0.000000 0.000000
 11 6 0 6 378 378 377264 374768 111444805.084916 111206872.924876 405552232.000000 0.000000 0.000000
 12 7 0 7 636 636 503376 505680 209016891.908888 110178570.680083 406617530.000000 0.000000 0.000000
 18 8 0 8 430 430 377664 378480 112379432.537540 113741106.024102 403005036.000000 0.000000 0.000000
 19 9 0 9 648 648 505520 505424 73525071.050363 107106375.177909 409691593.000000 0.000000 0.000000
 20 10 0 10 646 646 628512 629376 58989485.062002 113730470.592642 403118618.000000 0.000000 0.000000
 21 11 0 11 618 618 504176 505712 51659322.232670 114120683.070208 402669890.000000 0.000000 0.000000
 27 12 0 12 764 764 628688 628640 186955836.134357 107926838.222455 408924470.000000 0.000000 0.000000
 28 13 0 13 1060 1060 760240 756640 262086436.833629 95802512.762988 421055583.000000 0.000000 0.000000
 29 14 0 14 640 640 627024 628944 215549616.460656 112173675.187961 404679939.000000 0.000000 0.000000
 30 15 0 15 496 496 498080 501104 117765979.676596 112323809.963635 404476753.000000 0.000000 0.000000
 36 16 0 16 818 818 629824 638080 132858850.082444 108199299.947760 408656717.000000 0.000000 0.000000
 37 17 0 17 562 562 503296 504928 104206554.665943 105059286.071339 411724256.000000 0.000000 0.000000
 38 18 0 18 420 420 375680 371408 115262582.381003 110199481.516739 406548900.000000 0.000000 0.000000
 39 19 0 19 500 500 499920 499536 103397603.541826 96821958.293119 419973314.000000 0.000000 0.000000
 45 20 0 20 446 446 377088 375792 112025980.689566 111274219.872391 405490972.000000 0.000000 0.000000
 46 21 0 21 562 562 503040 505680 121835622.954399 112507625.359936 404295339.000000 0.000000 0.000000
 47 22 0 22 842 842 635616 640320 147443040.868767 109880996.426512 406977339.000000 0.000000 0.000000
 48 23 0 23 556 556 500432 500288 118023591.034429 111409912.343897 405389169.000000 0.000000 0.000000
 54 24 0 24 458 458 377408 377984 15553203.519756 13765808.836276 502964206.000000 0.000000 0.000000
 55 25 0 25 568 568 500112 503712 15410386.777440 14219699.572449 502581788.000000 0.000000 0.000000
 56 26 0 26 420 420 373712 372320 13243743.137122 14423277.302729 502344323.000000 0.000000 0.000000