# Format <LP ID> <Rail ID> <Level ID> <Switch ID> <Link traffic per switch port(s)># Switch ports: 8
 58 0 0 0 480151048 524938280 498237760 500938920 42618032 42431724 42163716 41861248
 59 0 1 32 39317392 42618032 0 0 0 0 0 0
 60 0 2 64 0 0 0 0 0 0 0 0
 119 0 0 1 106668612 102672076 111519904 70786720 39317392 39097672 38867272 38501768
 120 0 1 33 39097672 42431724 0 0 0 0 0 0
 121 0 2 65 0 0 0 0 0 0 0 0
 180 0 0 2 0 0 0 0 0 0 0 0
 181 0 1 34 38867272 42163716 0 0 0 0 0 0
 182 0 2 66 0 0 0 0 0 0 0 0
 241 0 0 3 0 0 0 0 0 0 0 0
 242 0 1 35 38501768 41861248 0 0 0 0 0 0
 243 0 2 67 0 0 0 0 0 0 0 0
 302 0 0 4 0 0 0 0 0 0 0 0
 303 0 1 36 0 0 0 0 0 0 0 0
 304 0 2 68 0 0 0 0 0 0 0 0
 363 0 0 5 0 0 0 0 0 0 0 0
 364 0 1 37 0 0 0 0 0 0 0 0
 365 0 2 69 0 0 0 0 0 0 0 0
 424 0 0 6 0 0 0 0 0 0 0 0
 425 0 1 38 0 0 0 0 0 0 0 0
 426 0 2 70 0 0 0 0 0 0 0 0
 485 0 0 7 0 0 0 0 0 0 0 0
 486 0 1 39 0 0 0 0 0 0 0 0
 487 0 2 71 0 0 0 0 0 0 0 0
 546 0 0 8 0 0 0 0 0 0 0 0
 547 0 1 40 0 0 0 0 0 0 0 0
 548 0 2 72 0 0 0 0 0 0 0 0
 607 0 0 9 0 0 0 0 0 0 0 0
 608 0 1 41 0 0 0 0 0 0 0 0
 609 0 2 73 0 0 0 0 0 0 0 0
 668 0 0 10 0 0 0 0 0 0 0 0
 669 0 1 42 0 0 0 0 0 0 0 0
 670 0 2 74 0 0 0 0 0 0 0 0
 729 0 0 11 0 0 0 0 0 0 0 0
 730 0 1 43 0 0 0 0 0 0 0 0
 731 0 2 75 0 0 0 0 0 0 0 0
 790 0 0 12 0 0 0 0 0 0 0 0
 791 0 1 44 0 0 0 0 0 0 0 0
 792 0 2 76 0 0 0 0 0 0 0 0
 851 0 0 13 0 0 0 0 0 0 0 0
 852 0 1 45 0 0 0 0 0 0 0 0
 853 0 2 77 0 0 0 0 0 0 0 0
 912 0 0 14 0 0 0 0 0 0 0 0
 913 0 1 46 0 0 0 0 0 0 0 0
 914 0 2 78 0 0 0 0 0 0 0 0
 973 0 0 15 0 0 0 0 0 0 0 0
 974 0 1 47 0 0 0 0 0 0 0 0
 975 0 2 79 0 0 0 0 0 0 0 0
 1034 0 0 16 0 0 0 0 0 0 0 0
 1035 0 1 48 0 0 0 0 0 0 0 0
 1095 0 0 17 0 0 0 0 0 0 0 0
 1096 0 1 49 0 0 0 0 0 0 0 0
 1156 0 0 18 0 0 0 0 0 0 0 0
 1157 0 1 50 0 0 0 0 0 0 0 0
 1217 0 0 19 0 0 0 0 0 0 0 0
 1218 0 1 51 0 0 0 0 0 0 0 0
 1278 0 0 20 0 0 0 0 0 0 0 0
 1279 0 1 52 0 0 0 0 0 0 0 0
 1339 0 0 21 0 0 0 0 0 0 0 0
 1340 0 1 53 0 0 0 0 0 0 0 0
 1400 0 0 22 0 0 0 0 0 0 0 0
 1401 0 1 54 0 0 0 0 0 0 0 0
 1461 0 0 23 0 0 0 0 0 0 0 0
 1462 0 1 55 0 0 0 0 0 0 0 0
 1522 0 0 24 0 0 0 0 0 0 0 0
 1523 0 1 56 0 0 0 0 0 0 0 0
 1583 0 0 25 0 0 0 0 0 0 0 0
 1584 0 1 57 0 0 0 0 0 0 0 0
 1644 0 0 26 0 0 0 0 0 0 0 0
 1645 0 1 58 0 0 0 0 0 0 0 0
 1705 0 0 27 0 0 0 0 0 0 0 0
 1706 0 1 59 0 0 0 0 0 0 0 0
 1766 0 0 28 0 0 0 0 0 0 0 0
 1767 0 1 60 0 0 0 0 0 0 0 0
 1827 0 0 29 0 0 0 0 0 0 0 0
 1828 0 1 61 0 0 0 0 0 0 0 0
 1888 0 0 30 0 0 0 0 0 0 0 0
 1889 0 1 62 0 0 0 0 0 0 0 0
 1949 0 0 31 0 0 0 0 0 0 0 0
 1950 0 1 63 0 0 0 0 0 0 0 0