# Format <LP id> <Terminal ID> <Total Data Size> <Aggregate packet latency> <# Flits/Packets finished> <Avg hops> <Busy Time>
 4 0 3061376 1341.417319 6904 1.966912 0.000000
 5 1 3039904 2501.024713 6748 2.248449 0.000000
 6 2 3039904 1550.291090 6748 2.261651 0.000000
 7 3 3039904 1711.617672 6748 2.850406 0.000000
 13 4 3061376 1347.018571 6904 2.847185 0.000000
 14 5 3039904 1657.700545 6748 2.686814 0.000000
 15 6 3039904 2242.532970 6748 2.567123 0.000000
 16 7 3039904 1475.550860 6748 2.731828 0.000000
 22 8 3061376 1181.715528 6904 2.999608 0.000000
 23 9 3007488 838.924310 6488 2.651083 0.000000
 24 10 3007488 1255.310651 6488 2.822121 0.000000
 25 11 3007488 859.074433 6488 2.823994 0.000000
 31 12 3007488 2119.747750 6488 2.712575 0.000000
 32 13 3007488 1335.362919 6488 2.622251 0.000000
 33 14 3039904 1253.200401 6748 2.779466 0.000000
 34 15 3007488 854.794509 6488 2.608161 0.000000
 40 16 3039904 1259.307395 6748 3.032925 0.000000
 41 17 3007488 778.883740 6488 2.702965 0.000000
 42 18 3007488 845.632564 6488 2.862518 0.000000
 43 19 3039904 1390.453719 6748 2.833386 0.000000
 49 20 3039904 805.495908 6748 2.845236 0.000000
 50 21 3007488 771.177319 6488 2.706548 0.000000
 51 22 3039904 815.561317 6748 2.871163 0.000000
 52 23 3039904 763.652850 6748 2.707014 0.000000
 58 24 3061376 1107.112474 6904 3.009174 0.000000
 59 25 3039904 1066.331287 6748 3.281136 0.000000
 60 26 3039904 1651.878916 6748 3.203515 0.000000
 61 27 3039904 1620.153640 6748 3.830762 0.000000
 67 28 3061376 1247.878507 6904 3.907558 0.000000
 68 29 3007488 1530.042132 6488 2.674377 0.000000
 69 30 3007488 873.522392 6488 3.687408 0.000000
 70 31 3007488 916.330981 6488 3.720150 0.000000
 76 32 3007488 1115.583217 6488 3.667698 0.000000
 77 33 3007488 1225.856220 6488 3.472227 0.000000
 78 34 3039904 1742.456192 6748 3.543821 0.000000
 79 35 3007488 896.129905 6488 2.710946 0.000000
 85 36 3039904 2129.337596 6748 3.503579 0.000000
 86 37 3007488 1446.959390 6488 3.661834 0.000000
 87 38 3007488 775.922904 6488 2.882880 0.000000
 88 39 3039904 1482.126900 6748 3.843646 0.000000
 94 40 3039904 781.224756 6748 3.366868 0.000000
 95 41 3007488 740.623708 6488 2.651898 0.000000
 96 42 3039904 1026.586534 6748 3.258868 0.000000
 97 43 3039904 1069.145026 6748 3.204072 0.000000
 103 44 3061376 1202.519069 6904 3.768778 0.000000
 104 45 3007488 1385.820147 6488 3.083075 0.000000
 105 46 3007488 825.424604 6488 2.825949 0.000000
 106 47 3007488 970.412791 6488 3.295732 0.000000
 112 48 3007488 1714.920314 6488 2.868382 0.000000
 113 49 3007488 1188.609161 6488 3.152142 0.000000
 114 50 3039904 2119.760575 6748 3.794576 0.000000
 115 51 3007488 1393.770093 6488 2.709806 0.000000
 121 52 3039904 1991.000485 6748 3.476618 0.000000
 122 53 3007488 970.614713 6488 3.122170 0.000000
 123 54 3007488 1070.107210 6488 2.863903 0.000000
 124 55 3039904 1150.876187 6748 3.762367 0.000000
 130 56 3039904 1534.928142 6748 3.307460 0.000000
 131 57 3007488 1006.701581 6488 2.706223 0.000000
 132 58 3039904 2030.422711 6748 3.313584 0.000000
 133 59 3039904 1193.236661 6748 3.158502 0.000000
 139 60 3061376 987.352451 6904 3.933354 0.000000
 140 61 2963712 1022.988028 6072 3.141696 0.000000
 141 62 2963712 1360.015516 6072 4.270442 0.000000
 142 63 2963712 937.178285 6072 3.803707 0.000000
 148 64 2963712 846.873160 6072 3.397918 0.000000
 149 65 2963712 792.201154 6072 3.076519 0.000000
 150 66 2963712 796.729096 6072 2.816150 0.000000
 151 67 2963712 777.299841 6072 2.813526 0.000000
 157 68 2963712 937.249623 6072 2.493482 0.000000
 158 69 2963712 990.348387 6072 3.002624 0.000000
 159 70 3007488 1239.435238 6488 3.193191 0.000000
 160 71 2963712 676.881099 6072 2.323768 0.000000
 166 72 3007488 1152.390265 6488 3.051556 0.000000
 167 73 2963712 688.617643 6072 2.668444 0.000000
 168 74 3007488 1728.297453 6488 3.371233 0.000000
 169 75 2963712 1192.971652 6072 2.335280 0.000000
 175 76 3007488 2590.279363 6488 2.994543 0.000000
 176 77 2963712 877.299464 6072 3.149145 0.000000
 177 78 2963712 725.218153 6072 2.326562 0.000000
 178 79 3007488 1108.089236 6488 3.338573 0.000000
 184 80 3007488 1111.620500 6488 3.026796 0.000000
 185 81 2963712 938.172848 6072 2.654308 0.000000
 186 82 2963712 600.548270 6072 2.327408 0.000000
 187 83 3007488 937.722836 6488 3.340772 0.000000
 193 84 3007488 960.864006 6488 3.022153 0.000000
 194 85 2963712 622.433310 6072 2.158117 0.000000
 195 86 3007488 923.001767 6488 2.868545 0.000000
 196 87 3007488 967.356315 6488 2.866672 0.000000
 202 88 3039904 909.497923 6748 3.507794 0.000000
 203 89 2963712 733.926045 6072 2.161842 0.000000
 204 90 3007488 831.702018 6488 2.868627 0.000000
 205 91 3007488 708.862501 6488 2.859098 0.000000
 211 92 3039904 989.890907 6748 3.516065 0.000000
 212 93 2963712 1004.860726 6072 3.143643 0.000000
 213 94 2963712 1188.814234 6072 3.802015 0.000000
 214 95 2963712 1065.953225 6072 3.806501 0.000000
 220 96 2963712 960.633404 6072 3.478585 0.000000
 221 97 3007488 957.593675 6488 3.549112 0.000000
 222 98 3007488 903.156453 6488 3.218928 0.000000
 223 99 3007488 880.397014 6488 3.234322 0.000000
 229 100 3007488 1198.845375 6488 2.504317 0.000000
 230 101 2963712 1038.349465 6072 3.084476 0.000000
 231 102 3007488 1271.899512 6488 3.185779 0.000000
 232 103 2963712 726.467700 6072 2.325207 0.000000
 238 104 3007488 816.446992 6488 2.915051 0.000000
 239 105 3007488 896.926922 6488 2.651165 0.000000
 240 106 3039904 838.929393 6748 3.267536 0.000000
 241 107 3007488 805.691095 6488 2.334012 0.000000
 247 108 3039904 966.115222 6748 3.068554 0.000000
 248 109 2963712 916.507856 6072 3.169545 0.000000
 249 110 2963712 810.946463 6072 2.333841 0.000000
 250 111 3007488 1052.447536 6488 3.368627 0.000000
 256 112 3007488 719.539929 6488 3.023049 0.000000
 257 113 3007488 732.565247 6488 2.701417 0.000000
 258 114 3007488 747.988132 6488 2.384183 0.000000
 259 115 3039904 1461.682731 6748 3.363767 0.000000
 265 116 3039904 1189.789115 6748 3.052489 0.000000
 266 117 2963712 721.772878 6072 2.159556 0.000000
 267 118 3007488 1406.209597 6488 2.866346 0.000000
 268 119 3007488 1220.978146 6488 2.863821 0.000000
 274 120 3039904 823.983421 6748 3.508589 0.000000
 275 121 3007488 853.040367 6488 2.227561 0.000000
 276 122 3039904 799.677560 6748 2.892795 0.000000
 277 123 3039904 1147.660235 6748 2.894862 0.000000
 283 124 3061376 965.518645 6904 3.482986 0.000000
 284 125 0 nan 0 nan 0.000000
 285 126 0 nan 0 nan 0.000000
 286 127 0 nan 0 nan 0.000000
 292 128 0 nan 0 nan 0.000000
 293 129 0 nan 0 nan 0.000000
 294 130 0 nan 0 nan 0.000000
 295 131 0 nan 0 nan 0.000000
 301 132 0 nan 0 nan 0.000000
 302 133 0 nan 0 nan 0.000000
 303 134 0 nan 0 nan 0.000000
 304 135 0 nan 0 nan 0.000000
 310 136 0 nan 0 nan 0.000000
 311 137 0 nan 0 nan 0.000000
 312 138 0 nan 0 nan 0.000000
 313 139 0 nan 0 nan 0.000000
 319 140 0 nan 0 nan 0.000000
 320 141 0 nan 0 nan 0.000000
 321 142 0 nan 0 nan 0.000000
 322 143 0 nan 0 nan 0.000000
 328 144 0 nan 0 nan 0.000000
 329 145 0 nan 0 nan 0.000000
 330 146 0 nan 0 nan 0.000000
 331 147 0 nan 0 nan 0.000000
 337 148 0 nan 0 nan 0.000000
 338 149 0 nan 0 nan 0.000000
 339 150 0 nan 0 nan 0.000000
 340 151 0 nan 0 nan 0.000000
 346 152 0 nan 0 nan 0.000000
 347 153 0 nan 0 nan 0.000000
 348 154 0 nan 0 nan 0.000000
 349 155 0 nan 0 nan 0.000000
 355 156 0 nan 0 nan 0.000000
 356 157 0 nan 0 nan 0.000000
 357 158 0 nan 0 nan 0.000000
 358 159 0 nan 0 nan 0.000000
 364 160 0 nan 0 nan 0.000000
 365 161 0 nan 0 nan 0.000000
 366 162 0 nan 0 nan 0.000000
 367 163 0 nan 0 nan 0.000000
 373 164 0 nan 0 nan 0.000000
 374 165 0 nan 0 nan 0.000000
 375 166 0 nan 0 nan 0.000000
 376 167 0 nan 0 nan 0.000000
 382 168 0 nan 0 nan 0.000000
 383 169 0 nan 0 nan 0.000000
 384 170 0 nan 0 nan 0.000000
 385 171 0 nan 0 nan 0.000000
 391 172 0 nan 0 nan 0.000000
 392 173 0 nan 0 nan 0.000000
 393 174 0 nan 0 nan 0.000000
 394 175 0 nan 0 nan 0.000000
 400 176 0 nan 0 nan 0.000000
 401 177 0 nan 0 nan 0.000000
 402 178 0 nan 0 nan 0.000000
 403 179 0 nan 0 nan 0.000000
 409 180 0 nan 0 nan 0.000000
 410 181 0 nan 0 nan 0.000000
 411 182 0 nan 0 nan 0.000000
 412 183 0 nan 0 nan 0.000000
 418 184 0 nan 0 nan 0.000000
 419 185 0 nan 0 nan 0.000000
 420 186 0 nan 0 nan 0.000000
 421 187 0 nan 0 nan 0.000000
 427 188 0 nan 0 nan 0.000000
 428 189 0 nan 0 nan 0.000000
 429 190 0 nan 0 nan 0.000000
 430 191 0 nan 0 nan 0.000000
 436 192 0 nan 0 nan 0.000000
 437 193 0 nan 0 nan 0.000000
 438 194 0 nan 0 nan 0.000000
 439 195 0 nan 0 nan 0.000000
 445 196 0 nan 0 nan 0.000000
 446 197 0 nan 0 nan 0.000000
 447 198 0 nan 0 nan 0.000000
 448 199 0 nan 0 nan 0.000000
 454 200 0 nan 0 nan 0.000000
 455 201 0 nan 0 nan 0.000000
 456 202 0 nan 0 nan 0.000000
 457 203 0 nan 0 nan 0.000000
 463 204 0 nan 0 nan 0.000000
 464 205 0 nan 0 nan 0.000000
 465 206 0 nan 0 nan 0.000000
 466 207 0 nan 0 nan 0.000000
 472 208 0 nan 0 nan 0.000000
 473 209 0 nan 0 nan 0.000000
 474 210 0 nan 0 nan 0.000000
 475 211 0 nan 0 nan 0.000000
 481 212 0 nan 0 nan 0.000000
 482 213 0 nan 0 nan 0.000000
 483 214 0 nan 0 nan 0.000000
 484 215 0 nan 0 nan 0.000000
 490 216 0 nan 0 nan 0.000000
 491 217 0 nan 0 nan 0.000000
 492 218 0 nan 0 nan 0.000000
 493 219 0 nan 0 nan 0.000000
 499 220 0 nan 0 nan 0.000000
 500 221 0 nan 0 nan 0.000000
 501 222 0 nan 0 nan 0.000000
 502 223 0 nan 0 nan 0.000000
 508 224 0 nan 0 nan 0.000000
 509 225 0 nan 0 nan 0.000000
 510 226 0 nan 0 nan 0.000000
 511 227 0 nan 0 nan 0.000000
 517 228 0 nan 0 nan 0.000000
 518 229 0 nan 0 nan 0.000000
 519 230 0 nan 0 nan 0.000000
 520 231 0 nan 0 nan 0.000000
 526 232 0 nan 0 nan 0.000000
 527 233 0 nan 0 nan 0.000000
 528 234 0 nan 0 nan 0.000000
 529 235 0 nan 0 nan 0.000000
 535 236 0 nan 0 nan 0.000000
 536 237 0 nan 0 nan 0.000000
 537 238 0 nan 0 nan 0.000000
 538 239 0 nan 0 nan 0.000000
 544 240 0 nan 0 nan 0.000000
 545 241 0 nan 0 nan 0.000000
 546 242 0 nan 0 nan 0.000000
 547 243 0 nan 0 nan 0.000000
 553 244 0 nan 0 nan 0.000000
 554 245 0 nan 0 nan 0.000000
 555 246 0 nan 0 nan 0.000000
 556 247 0 nan 0 nan 0.000000
 562 248 0 nan 0 nan 0.000000
 563 249 0 nan 0 nan 0.000000
 564 250 0 nan 0 nan 0.000000
 565 251 0 nan 0 nan 0.000000
 571 252 0 nan 0 nan 0.000000
 572 253 0 nan 0 nan 0.000000
 573 254 0 nan 0 nan 0.000000
 574 255 0 nan 0 nan 0.000000
 580 256 0 nan 0 nan 0.000000
 581 257 0 nan 0 nan 0.000000
 582 258 0 nan 0 nan 0.000000
 583 259 0 nan 0 nan 0.000000
 589 260 0 nan 0 nan 0.000000
 590 261 0 nan 0 nan 0.000000
 591 262 0 nan 0 nan 0.000000
 592 263 0 nan 0 nan 0.000000
 598 264 0 nan 0 nan 0.000000
 599 265 0 nan 0 nan 0.000000
 600 266 0 nan 0 nan 0.000000
 601 267 0 nan 0 nan 0.000000
 607 268 0 nan 0 nan 0.000000
 608 269 0 nan 0 nan 0.000000
 609 270 0 nan 0 nan 0.000000
 610 271 0 nan 0 nan 0.000000
 616 272 0 nan 0 nan 0.000000
 617 273 0 nan 0 nan 0.000000
 618 274 0 nan 0 nan 0.000000
 619 275 0 nan 0 nan 0.000000
 625 276 0 nan 0 nan 0.000000
 626 277 0 nan 0 nan 0.000000
 627 278 0 nan 0 nan 0.000000
 628 279 0 nan 0 nan 0.000000
 634 280 0 nan 0 nan 0.000000
 635 281 0 nan 0 nan 0.000000
 636 282 0 nan 0 nan 0.000000
 637 283 0 nan 0 nan 0.000000
 643 284 0 nan 0 nan 0.000000
 644 285 0 nan 0 nan 0.000000
 645 286 0 nan 0 nan 0.000000
 646 287 0 nan 0 nan 0.000000
 652 288 0 nan 0 nan 0.000000
 653 289 0 nan 0 nan 0.000000
 654 290 0 nan 0 nan 0.000000
 655 291 0 nan 0 nan 0.000000
 661 292 0 nan 0 nan 0.000000
 662 293 0 nan 0 nan 0.000000
 663 294 0 nan 0 nan 0.000000
 664 295 0 nan 0 nan 0.000000
 670 296 0 nan 0 nan 0.000000
 671 297 0 nan 0 nan 0.000000
 672 298 0 nan 0 nan 0.000000
 673 299 0 nan 0 nan 0.000000
 679 300 0 nan 0 nan 0.000000
 680 301 0 nan 0 nan 0.000000
 681 302 0 nan 0 nan 0.000000
 682 303 0 nan 0 nan 0.000000
 688 304 0 nan 0 nan 0.000000
 689 305 0 nan 0 nan 0.000000
 690 306 0 nan 0 nan 0.000000
 691 307 0 nan 0 nan 0.000000
 697 308 0 nan 0 nan 0.000000
 698 309 0 nan 0 nan 0.000000
 699 310 0 nan 0 nan 0.000000
 700 311 0 nan 0 nan 0.000000
 706 312 0 nan 0 nan 0.000000
 707 313 0 nan 0 nan 0.000000
 708 314 0 nan 0 nan 0.000000
 709 315 0 nan 0 nan 0.000000
 715 316 0 nan 0 nan 0.000000
 716 317 0 nan 0 nan 0.000000
 717 318 0 nan 0 nan 0.000000
 718 319 0 nan 0 nan 0.000000
 724 320 0 nan 0 nan 0.000000
 725 321 0 nan 0 nan 0.000000
 726 322 0 nan 0 nan 0.000000
 727 323 0 nan 0 nan 0.000000
 733 324 0 nan 0 nan 0.000000
 734 325 0 nan 0 nan 0.000000
 735 326 0 nan 0 nan 0.000000
 736 327 0 nan 0 nan 0.000000
 742 328 0 nan 0 nan 0.000000
 743 329 0 nan 0 nan 0.000000
 744 330 0 nan 0 nan 0.000000
 745 331 0 nan 0 nan 0.000000
 751 332 0 nan 0 nan 0.000000
 752 333 0 nan 0 nan 0.000000
 753 334 0 nan 0 nan 0.000000
 754 335 0 nan 0 nan 0.000000
 760 336 0 nan 0 nan 0.000000
 761 337 0 nan 0 nan 0.000000
 762 338 0 nan 0 nan 0.000000
 763 339 0 nan 0 nan 0.000000
 769 340 0 nan 0 nan 0.000000
 770 341 0 nan 0 nan 0.000000
 771 342 0 nan 0 nan 0.000000
 772 343 0 nan 0 nan 0.000000
 778 344 0 nan 0 nan 0.000000
 779 345 0 nan 0 nan 0.000000
 780 346 0 nan 0 nan 0.000000
 781 347 0 nan 0 nan 0.000000
 787 348 0 nan 0 nan 0.000000
 788 349 0 nan 0 nan 0.000000
 789 350 0 nan 0 nan 0.000000
 790 351 0 nan 0 nan 0.000000
 796 352 0 nan 0 nan 0.000000
 797 353 0 nan 0 nan 0.000000
 798 354 0 nan 0 nan 0.000000
 799 355 0 nan 0 nan 0.000000
 805 356 0 nan 0 nan 0.000000
 806 357 0 nan 0 nan 0.000000
 807 358 0 nan 0 nan 0.000000
 808 359 0 nan 0 nan 0.000000
 814 360 0 nan 0 nan 0.000000
 815 361 0 nan 0 nan 0.000000
 816 362 0 nan 0 nan 0.000000
 817 363 0 nan 0 nan 0.000000
 823 364 0 nan 0 nan 0.000000
 824 365 0 nan 0 nan 0.000000
 825 366 0 nan 0 nan 0.000000
 826 367 0 nan 0 nan 0.000000
 832 368 0 nan 0 nan 0.000000
 833 369 0 nan 0 nan 0.000000
 834 370 0 nan 0 nan 0.000000
 835 371 0 nan 0 nan 0.000000
 841 372 0 nan 0 nan 0.000000
 842 373 0 nan 0 nan 0.000000
 843 374 0 nan 0 nan 0.000000
 844 375 0 nan 0 nan 0.000000
 850 376 0 nan 0 nan 0.000000
 851 377 0 nan 0 nan 0.000000
 852 378 0 nan 0 nan 0.000000
 853 379 0 nan 0 nan 0.000000
 859 380 0 nan 0 nan 0.000000
 860 381 0 nan 0 nan 0.000000
 861 382 0 nan 0 nan 0.000000
 862 383 0 nan 0 nan 0.000000
 868 384 0 nan 0 nan 0.000000
 869 385 0 nan 0 nan 0.000000
 870 386 0 nan 0 nan 0.000000
 871 387 0 nan 0 nan 0.000000
 877 388 0 nan 0 nan 0.000000
 878 389 0 nan 0 nan 0.000000
 879 390 0 nan 0 nan 0.000000
 880 391 0 nan 0 nan 0.000000
 886 392 0 nan 0 nan 0.000000
 887 393 0 nan 0 nan 0.000000
 888 394 0 nan 0 nan 0.000000
 889 395 0 nan 0 nan 0.000000
 895 396 0 nan 0 nan 0.000000
 896 397 0 nan 0 nan 0.000000
 897 398 0 nan 0 nan 0.000000
 898 399 0 nan 0 nan 0.000000
 904 400 0 nan 0 nan 0.000000
 905 401 0 nan 0 nan 0.000000
 906 402 0 nan 0 nan 0.000000
 907 403 0 nan 0 nan 0.000000
 913 404 0 nan 0 nan 0.000000
 914 405 0 nan 0 nan 0.000000
 915 406 0 nan 0 nan 0.000000
 916 407 0 nan 0 nan 0.000000
 922 408 0 nan 0 nan 0.000000
 923 409 0 nan 0 nan 0.000000
 924 410 0 nan 0 nan 0.000000
 925 411 0 nan 0 nan 0.000000
 931 412 0 nan 0 nan 0.000000
 932 413 0 nan 0 nan 0.000000
 933 414 0 nan 0 nan 0.000000
 934 415 0 nan 0 nan 0.000000
 940 416 0 nan 0 nan 0.000000
 941 417 0 nan 0 nan 0.000000
 942 418 0 nan 0 nan 0.000000
 943 419 0 nan 0 nan 0.000000
 949 420 0 nan 0 nan 0.000000
 950 421 0 nan 0 nan 0.000000
 951 422 0 nan 0 nan 0.000000
 952 423 0 nan 0 nan 0.000000
 958 424 0 nan 0 nan 0.000000
 959 425 0 nan 0 nan 0.000000
 960 426 0 nan 0 nan 0.000000
 961 427 0 nan 0 nan 0.000000
 967 428 0 nan 0 nan 0.000000
 968 429 0 nan 0 nan 0.000000
 969 430 0 nan 0 nan 0.000000
 970 431 0 nan 0 nan 0.000000
 976 432 0 nan 0 nan 0.000000
 977 433 0 nan 0 nan 0.000000
 978 434 0 nan 0 nan 0.000000
 979 435 0 nan 0 nan 0.000000
 985 436 0 nan 0 nan 0.000000
 986 437 0 nan 0 nan 0.000000
 987 438 0 nan 0 nan 0.000000
 988 439 0 nan 0 nan 0.000000
 994 440 0 nan 0 nan 0.000000
 995 441 0 nan 0 nan 0.000000
 996 442 0 nan 0 nan 0.000000
 997 443 0 nan 0 nan 0.000000
 1003 444 0 nan 0 nan 0.000000
 1004 445 0 nan 0 nan 0.000000
 1005 446 0 nan 0 nan 0.000000
 1006 447 0 nan 0 nan 0.000000
 1012 448 0 nan 0 nan 0.000000
 1013 449 0 nan 0 nan 0.000000
 1014 450 0 nan 0 nan 0.000000
 1015 451 0 nan 0 nan 0.000000
 1021 452 0 nan 0 nan 0.000000
 1022 453 0 nan 0 nan 0.000000
 1023 454 0 nan 0 nan 0.000000
 1024 455 0 nan 0 nan 0.000000
 1030 456 0 nan 0 nan 0.000000
 1031 457 0 nan 0 nan 0.000000
 1032 458 0 nan 0 nan 0.000000
 1033 459 0 nan 0 nan 0.000000
 1039 460 0 nan 0 nan 0.000000
 1040 461 0 nan 0 nan 0.000000
 1041 462 0 nan 0 nan 0.000000
 1042 463 0 nan 0 nan 0.000000
 1048 464 0 nan 0 nan 0.000000
 1049 465 0 nan 0 nan 0.000000
 1050 466 0 nan 0 nan 0.000000
 1051 467 0 nan 0 nan 0.000000
 1057 468 0 nan 0 nan 0.000000
 1058 469 0 nan 0 nan 0.000000
 1059 470 0 nan 0 nan 0.000000
 1060 471 0 nan 0 nan 0.000000
 1066 472 0 nan 0 nan 0.000000
 1067 473 0 nan 0 nan 0.000000
 1068 474 0 nan 0 nan 0.000000
 1069 475 0 nan 0 nan 0.000000
 1075 476 0 nan 0 nan 0.000000
 1076 477 0 nan 0 nan 0.000000
 1077 478 0 nan 0 nan 0.000000
 1078 479 0 nan 0 nan 0.000000
 1084 480 0 nan 0 nan 0.000000
 1085 481 0 nan 0 nan 0.000000
 1086 482 0 nan 0 nan 0.000000
 1087 483 0 nan 0 nan 0.000000
 1093 484 0 nan 0 nan 0.000000
 1094 485 0 nan 0 nan 0.000000
 1095 486 0 nan 0 nan 0.000000
 1096 487 0 nan 0 nan 0.000000
 1102 488 0 nan 0 nan 0.000000
 1103 489 0 nan 0 nan 0.000000
 1104 490 0 nan 0 nan 0.000000
 1105 491 0 nan 0 nan 0.000000
 1111 492 0 nan 0 nan 0.000000
 1112 493 0 nan 0 nan 0.000000
 1113 494 0 nan 0 nan 0.000000
 1114 495 0 nan 0 nan 0.000000
 1120 496 0 nan 0 nan 0.000000
 1121 497 0 nan 0 nan 0.000000
 1122 498 0 nan 0 nan 0.000000
 1123 499 0 nan 0 nan 0.000000
 1129 500 0 nan 0 nan 0.000000
 1130 501 0 nan 0 nan 0.000000
 1131 502 0 nan 0 nan 0.000000
 1132 503 0 nan 0 nan 0.000000
 1138 504 0 nan 0 nan 0.000000
 1139 505 0 nan 0 nan 0.000000
 1140 506 0 nan 0 nan 0.000000
 1141 507 0 nan 0 nan 0.000000
 1147 508 0 nan 0 nan 0.000000
 1148 509 0 nan 0 nan 0.000000
 1149 510 0 nan 0 nan 0.000000
 1150 511 0 nan 0 nan 0.000000
 1156 512 0 nan 0 nan 0.000000
 1157 513 0 nan 0 nan 0.000000
 1158 514 0 nan 0 nan 0.000000
 1159 515 0 nan 0 nan 0.000000
 1165 516 0 nan 0 nan 0.000000
 1166 517 0 nan 0 nan 0.000000
 1167 518 0 nan 0 nan 0.000000
 1168 519 0 nan 0 nan 0.000000
 1174 520 0 nan 0 nan 0.000000
 1175 521 0 nan 0 nan 0.000000
 1176 522 0 nan 0 nan 0.000000
 1177 523 0 nan 0 nan 0.000000
 1183 524 0 nan 0 nan 0.000000
 1184 525 0 nan 0 nan 0.000000
 1185 526 0 nan 0 nan 0.000000
 1186 527 0 nan 0 nan 0.000000
 1192 528 0 nan 0 nan 0.000000
 1193 529 0 nan 0 nan 0.000000
 1194 530 0 nan 0 nan 0.000000
 1195 531 0 nan 0 nan 0.000000
 1201 532 0 nan 0 nan 0.000000
 1202 533 0 nan 0 nan 0.000000
 1203 534 0 nan 0 nan 0.000000
 1204 535 0 nan 0 nan 0.000000
 1210 536 0 nan 0 nan 0.000000
 1211 537 0 nan 0 nan 0.000000
 1212 538 0 nan 0 nan 0.000000
 1213 539 0 nan 0 nan 0.000000
 1219 540 0 nan 0 nan 0.000000
 1220 541 0 nan 0 nan 0.000000
 1221 542 0 nan 0 nan 0.000000
 1222 543 0 nan 0 nan 0.000000
 1228 544 0 nan 0 nan 0.000000
 1229 545 0 nan 0 nan 0.000000
 1230 546 0 nan 0 nan 0.000000
 1231 547 0 nan 0 nan 0.000000
 1237 548 0 nan 0 nan 0.000000
 1238 549 0 nan 0 nan 0.000000
 1239 550 0 nan 0 nan 0.000000
 1240 551 0 nan 0 nan 0.000000
 1246 552 0 nan 0 nan 0.000000
 1247 553 0 nan 0 nan 0.000000
 1248 554 0 nan 0 nan 0.000000
 1249 555 0 nan 0 nan 0.000000
 1255 556 0 nan 0 nan 0.000000
 1256 557 0 nan 0 nan 0.000000
 1257 558 0 nan 0 nan 0.000000
 1258 559 0 nan 0 nan 0.000000
 1264 560 0 nan 0 nan 0.000000
 1265 561 0 nan 0 nan 0.000000
 1266 562 0 nan 0 nan 0.000000
 1267 563 0 nan 0 nan 0.000000
 1273 564 0 nan 0 nan 0.000000
 1274 565 0 nan 0 nan 0.000000
 1275 566 0 nan 0 nan 0.000000
 1276 567 0 nan 0 nan 0.000000
 1282 568 0 nan 0 nan 0.000000
 1283 569 0 nan 0 nan 0.000000
 1284 570 0 nan 0 nan 0.000000
 1285 571 0 nan 0 nan 0.000000
 1291 572 0 nan 0 nan 0.000000
 1292 573 0 nan 0 nan 0.000000
 1293 574 0 nan 0 nan 0.000000
 1294 575 0 nan 0 nan 0.000000
 1300 576 0 nan 0 nan 0.000000
 1301 577 0 nan 0 nan 0.000000
 1302 578 0 nan 0 nan 0.000000
 1303 579 0 nan 0 nan 0.000000
 1309 580 0 nan 0 nan 0.000000
 1310 581 0 nan 0 nan 0.000000
 1311 582 0 nan 0 nan 0.000000
 1312 583 0 nan 0 nan 0.000000
 1318 584 0 nan 0 nan 0.000000
 1319 585 0 nan 0 nan 0.000000
 1320 586 0 nan 0 nan 0.000000
 1321 587 0 nan 0 nan 0.000000
 1327 588 0 nan 0 nan 0.000000
 1328 589 0 nan 0 nan 0.000000
 1329 590 0 nan 0 nan 0.000000
 1330 591 0 nan 0 nan 0.000000
 1336 592 0 nan 0 nan 0.000000
 1337 593 0 nan 0 nan 0.000000
 1338 594 0 nan 0 nan 0.000000
 1339 595 0 nan 0 nan 0.000000
 1345 596 0 nan 0 nan 0.000000
 1346 597 0 nan 0 nan 0.000000
 1347 598 0 nan 0 nan 0.000000
 1348 599 0 nan 0 nan 0.000000
 1354 600 0 nan 0 nan 0.000000
 1355 601 0 nan 0 nan 0.000000
 1356 602 0 nan 0 nan 0.000000
 1357 603 0 nan 0 nan 0.000000
 1363 604 0 nan 0 nan 0.000000
 1364 605 0 nan 0 nan 0.000000
 1365 606 0 nan 0 nan 0.000000
 1366 607 0 nan 0 nan 0.000000
 1372 608 0 nan 0 nan 0.000000
 1373 609 0 nan 0 nan 0.000000
 1374 610 0 nan 0 nan 0.000000
 1375 611 0 nan 0 nan 0.000000
 1381 612 0 nan 0 nan 0.000000
 1382 613 0 nan 0 nan 0.000000
 1383 614 0 nan 0 nan 0.000000
 1384 615 0 nan 0 nan 0.000000
 1390 616 0 nan 0 nan 0.000000
 1391 617 0 nan 0 nan 0.000000
 1392 618 0 nan 0 nan 0.000000
 1393 619 0 nan 0 nan 0.000000
 1399 620 0 nan 0 nan 0.000000
 1400 621 0 nan 0 nan 0.000000
 1401 622 0 nan 0 nan 0.000000
 1402 623 0 nan 0 nan 0.000000
 1408 624 0 nan 0 nan 0.000000
 1409 625 0 nan 0 nan 0.000000
 1410 626 0 nan 0 nan 0.000000
 1411 627 0 nan 0 nan 0.000000
 1417 628 0 nan 0 nan 0.000000
 1418 629 0 nan 0 nan 0.000000
 1419 630 0 nan 0 nan 0.000000
 1420 631 0 nan 0 nan 0.000000
 1426 632 0 nan 0 nan 0.000000
 1427 633 0 nan 0 nan 0.000000
 1428 634 0 nan 0 nan 0.000000
 1429 635 0 nan 0 nan 0.000000
 1435 636 0 nan 0 nan 0.000000
 1436 637 0 nan 0 nan 0.000000
 1437 638 0 nan 0 nan 0.000000
 1438 639 0 nan 0 nan 0.000000
 1444 640 0 nan 0 nan 0.000000
 1445 641 0 nan 0 nan 0.000000
 1446 642 0 nan 0 nan 0.000000
 1447 643 0 nan 0 nan 0.000000
 1453 644 0 nan 0 nan 0.000000
 1454 645 0 nan 0 nan 0.000000
 1455 646 0 nan 0 nan 0.000000
 1456 647 0 nan 0 nan 0.000000
 1462 648 0 nan 0 nan 0.000000
 1463 649 0 nan 0 nan 0.000000
 1464 650 0 nan 0 nan 0.000000
 1465 651 0 nan 0 nan 0.000000
 1471 652 0 nan 0 nan 0.000000
 1472 653 0 nan 0 nan 0.000000
 1473 654 0 nan 0 nan 0.000000
 1474 655 0 nan 0 nan 0.000000
 1480 656 0 nan 0 nan 0.000000
 1481 657 0 nan 0 nan 0.000000
 1482 658 0 nan 0 nan 0.000000
 1483 659 0 nan 0 nan 0.000000
 1489 660 0 nan 0 nan 0.000000
 1490 661 0 nan 0 nan 0.000000
 1491 662 0 nan 0 nan 0.000000
 1492 663 0 nan 0 nan 0.000000
 1498 664 0 nan 0 nan 0.000000
 1499 665 0 nan 0 nan 0.000000
 1500 666 0 nan 0 nan 0.000000
 1501 667 0 nan 0 nan 0.000000
 1507 668 0 nan 0 nan 0.000000
 1508 669 0 nan 0 nan 0.000000
 1509 670 0 nan 0 nan 0.000000
 1510 671 0 nan 0 nan 0.000000
 1516 672 0 nan 0 nan 0.000000
 1517 673 0 nan 0 nan 0.000000
 1518 674 0 nan 0 nan 0.000000
 1519 675 0 nan 0 nan 0.000000
 1525 676 0 nan 0 nan 0.000000
 1526 677 0 nan 0 nan 0.000000
 1527 678 0 nan 0 nan 0.000000
 1528 679 0 nan 0 nan 0.000000
 1534 680 0 nan 0 nan 0.000000
 1535 681 0 nan 0 nan 0.000000
 1536 682 0 nan 0 nan 0.000000
 1537 683 0 nan 0 nan 0.000000
 1543 684 0 nan 0 nan 0.000000
 1544 685 0 nan 0 nan 0.000000
 1545 686 0 nan 0 nan 0.000000
 1546 687 0 nan 0 nan 0.000000
 1552 688 0 nan 0 nan 0.000000
 1553 689 0 nan 0 nan 0.000000
 1554 690 0 nan 0 nan 0.000000
 1555 691 0 nan 0 nan 0.000000
 1561 692 0 nan 0 nan 0.000000
 1562 693 0 nan 0 nan 0.000000
 1563 694 0 nan 0 nan 0.000000
 1564 695 0 nan 0 nan 0.000000
 1570 696 0 nan 0 nan 0.000000
 1571 697 0 nan 0 nan 0.000000
 1572 698 0 nan 0 nan 0.000000
 1573 699 0 nan 0 nan 0.000000
 1579 700 0 nan 0 nan 0.000000
 1580 701 0 nan 0 nan 0.000000
 1581 702 0 nan 0 nan 0.000000
 1582 703 0 nan 0 nan 0.000000
 1588 704 0 nan 0 nan 0.000000
 1589 705 0 nan 0 nan 0.000000
 1590 706 0 nan 0 nan 0.000000
 1591 707 0 nan 0 nan 0.000000
 1597 708 0 nan 0 nan 0.000000
 1598 709 0 nan 0 nan 0.000000
 1599 710 0 nan 0 nan 0.000000
 1600 711 0 nan 0 nan 0.000000
 1606 712 0 nan 0 nan 0.000000
 1607 713 0 nan 0 nan 0.000000
 1608 714 0 nan 0 nan 0.000000
 1609 715 0 nan 0 nan 0.000000
 1615 716 0 nan 0 nan 0.000000
 1616 717 0 nan 0 nan 0.000000
 1617 718 0 nan 0 nan 0.000000
 1618 719 0 nan 0 nan 0.000000
 1624 720 0 nan 0 nan 0.000000
 1625 721 0 nan 0 nan 0.000000
 1626 722 0 nan 0 nan 0.000000
 1627 723 0 nan 0 nan 0.000000
 1633 724 0 nan 0 nan 0.000000
 1634 725 0 nan 0 nan 0.000000
 1635 726 0 nan 0 nan 0.000000
 1636 727 0 nan 0 nan 0.000000
 1642 728 0 nan 0 nan 0.000000
 1643 729 0 nan 0 nan 0.000000
 1644 730 0 nan 0 nan 0.000000
 1645 731 0 nan 0 nan 0.000000
 1651 732 0 nan 0 nan 0.000000
 1652 733 0 nan 0 nan 0.000000
 1653 734 0 nan 0 nan 0.000000
 1654 735 0 nan 0 nan 0.000000
 1660 736 0 nan 0 nan 0.000000
 1661 737 0 nan 0 nan 0.000000
 1662 738 0 nan 0 nan 0.000000
 1663 739 0 nan 0 nan 0.000000
 1669 740 0 nan 0 nan 0.000000
 1670 741 0 nan 0 nan 0.000000
 1671 742 0 nan 0 nan 0.000000
 1672 743 0 nan 0 nan 0.000000
 1678 744 0 nan 0 nan 0.000000
 1679 745 0 nan 0 nan 0.000000
 1680 746 0 nan 0 nan 0.000000
 1681 747 0 nan 0 nan 0.000000
 1687 748 0 nan 0 nan 0.000000
 1688 749 0 nan 0 nan 0.000000
 1689 750 0 nan 0 nan 0.000000
 1690 751 0 nan 0 nan 0.000000
 1696 752 0 nan 0 nan 0.000000
 1697 753 0 nan 0 nan 0.000000
 1698 754 0 nan 0 nan 0.000000
 1699 755 0 nan 0 nan 0.000000
 1705 756 0 nan 0 nan 0.000000
 1706 757 0 nan 0 nan 0.000000
 1707 758 0 nan 0 nan 0.000000
 1708 759 0 nan 0 nan 0.000000
 1714 760 0 nan 0 nan 0.000000
 1715 761 0 nan 0 nan 0.000000
 1716 762 0 nan 0 nan 0.000000
 1717 763 0 nan 0 nan 0.000000
 1723 764 0 nan 0 nan 0.000000
 1724 765 0 nan 0 nan 0.000000
 1725 766 0 nan 0 nan 0.000000
 1726 767 0 nan 0 nan 0.000000
 1732 768 0 nan 0 nan 0.000000
 1733 769 0 nan 0 nan 0.000000
 1734 770 0 nan 0 nan 0.000000
 1735 771 0 nan 0 nan 0.000000
 1741 772 0 nan 0 nan 0.000000
 1742 773 0 nan 0 nan 0.000000
 1743 774 0 nan 0 nan 0.000000
 1744 775 0 nan 0 nan 0.000000
 1750 776 0 nan 0 nan 0.000000
 1751 777 0 nan 0 nan 0.000000
 1752 778 0 nan 0 nan 0.000000
 1753 779 0 nan 0 nan 0.000000
 1759 780 0 nan 0 nan 0.000000
 1760 781 0 nan 0 nan 0.000000
 1761 782 0 nan 0 nan 0.000000
 1762 783 0 nan 0 nan 0.000000
 1768 784 0 nan 0 nan 0.000000
 1769 785 0 nan 0 nan 0.000000
 1770 786 0 nan 0 nan 0.000000
 1771 787 0 nan 0 nan 0.000000
 1777 788 0 nan 0 nan 0.000000
 1778 789 0 nan 0 nan 0.000000
 1779 790 0 nan 0 nan 0.000000
 1780 791 0 nan 0 nan 0.000000
 1786 792 0 nan 0 nan 0.000000
 1787 793 0 nan 0 nan 0.000000
 1788 794 0 nan 0 nan 0.000000
 1789 795 0 nan 0 nan 0.000000
 1795 796 0 nan 0 nan 0.000000
 1796 797 0 nan 0 nan 0.000000
 1797 798 0 nan 0 nan 0.000000
 1798 799 0 nan 0 nan 0.000000
 1804 800 0 nan 0 nan 0.000000
 1805 801 0 nan 0 nan 0.000000
 1806 802 0 nan 0 nan 0.000000
 1807 803 0 nan 0 nan 0.000000
 1813 804 0 nan 0 nan 0.000000
 1814 805 0 nan 0 nan 0.000000
 1815 806 0 nan 0 nan 0.000000
 1816 807 0 nan 0 nan 0.000000
 1822 808 0 nan 0 nan 0.000000
 1823 809 0 nan 0 nan 0.000000
 1824 810 0 nan 0 nan 0.000000
 1825 811 0 nan 0 nan 0.000000
 1831 812 0 nan 0 nan 0.000000
 1832 813 0 nan 0 nan 0.000000
 1833 814 0 nan 0 nan 0.000000
 1834 815 0 nan 0 nan 0.000000
 1840 816 0 nan 0 nan 0.000000
 1841 817 0 nan 0 nan 0.000000
 1842 818 0 nan 0 nan 0.000000
 1843 819 0 nan 0 nan 0.000000
 1849 820 0 nan 0 nan 0.000000
 1850 821 0 nan 0 nan 0.000000
 1851 822 0 nan 0 nan 0.000000
 1852 823 0 nan 0 nan 0.000000
 1858 824 0 nan 0 nan 0.000000
 1859 825 0 nan 0 nan 0.000000
 1860 826 0 nan 0 nan 0.000000
 1861 827 0 nan 0 nan 0.000000
 1867 828 0 nan 0 nan 0.000000
 1868 829 0 nan 0 nan 0.000000
 1869 830 0 nan 0 nan 0.000000
 1870 831 0 nan 0 nan 0.000000
 1876 832 0 nan 0 nan 0.000000
 1877 833 0 nan 0 nan 0.000000
 1878 834 0 nan 0 nan 0.000000
 1879 835 0 nan 0 nan 0.000000
 1885 836 0 nan 0 nan 0.000000
 1886 837 0 nan 0 nan 0.000000
 1887 838 0 nan 0 nan 0.000000
 1888 839 0 nan 0 nan 0.000000
 1894 840 0 nan 0 nan 0.000000
 1895 841 0 nan 0 nan 0.000000
 1896 842 0 nan 0 nan 0.000000
 1897 843 0 nan 0 nan 0.000000
 1903 844 0 nan 0 nan 0.000000
 1904 845 0 nan 0 nan 0.000000
 1905 846 0 nan 0 nan 0.000000
 1906 847 0 nan 0 nan 0.000000
 1912 848 0 nan 0 nan 0.000000
 1913 849 0 nan 0 nan 0.000000
 1914 850 0 nan 0 nan 0.000000
 1915 851 0 nan 0 nan 0.000000
 1921 852 0 nan 0 nan 0.000000
 1922 853 0 nan 0 nan 0.000000
 1923 854 0 nan 0 nan 0.000000
 1924 855 0 nan 0 nan 0.000000
 1930 856 0 nan 0 nan 0.000000
 1931 857 0 nan 0 nan 0.000000
 1932 858 0 nan 0 nan 0.000000
 1933 859 0 nan 0 nan 0.000000
 1939 860 0 nan 0 nan 0.000000
 1940 861 0 nan 0 nan 0.000000
 1941 862 0 nan 0 nan 0.000000
 1942 863 0 nan 0 nan 0.000000
 1948 864 0 nan 0 nan 0.000000
 1949 865 0 nan 0 nan 0.000000
 1950 866 0 nan 0 nan 0.000000
 1951 867 0 nan 0 nan 0.000000
 1957 868 0 nan 0 nan 0.000000
 1958 869 0 nan 0 nan 0.000000
 1959 870 0 nan 0 nan 0.000000
 1960 871 0 nan 0 nan 0.000000
 1966 872 0 nan 0 nan 0.000000
 1967 873 0 nan 0 nan 0.000000
 1968 874 0 nan 0 nan 0.000000
 1969 875 0 nan 0 nan 0.000000
 1975 876 0 nan 0 nan 0.000000
 1976 877 0 nan 0 nan 0.000000
 1977 878 0 nan 0 nan 0.000000
 1978 879 0 nan 0 nan 0.000000
 1984 880 0 nan 0 nan 0.000000
 1985 881 0 nan 0 nan 0.000000
 1986 882 0 nan 0 nan 0.000000
 1987 883 0 nan 0 nan 0.000000
 1993 884 0 nan 0 nan 0.000000
 1994 885 0 nan 0 nan 0.000000
 1995 886 0 nan 0 nan 0.000000
 1996 887 0 nan 0 nan 0.000000
 2002 888 0 nan 0 nan 0.000000
 2003 889 0 nan 0 nan 0.000000
 2004 890 0 nan 0 nan 0.000000
 2005 891 0 nan 0 nan 0.000000
 2011 892 0 nan 0 nan 0.000000
 2012 893 0 nan 0 nan 0.000000
 2013 894 0 nan 0 nan 0.000000
 2014 895 0 nan 0 nan 0.000000
 2020 896 0 nan 0 nan 0.000000
 2021 897 0 nan 0 nan 0.000000
 2022 898 0 nan 0 nan 0.000000
 2023 899 0 nan 0 nan 0.000000
 2029 900 0 nan 0 nan 0.000000
 2030 901 0 nan 0 nan 0.000000
 2031 902 0 nan 0 nan 0.000000
 2032 903 0 nan 0 nan 0.000000
 2038 904 0 nan 0 nan 0.000000
 2039 905 0 nan 0 nan 0.000000
 2040 906 0 nan 0 nan 0.000000
 2041 907 0 nan 0 nan 0.000000
 2047 908 0 nan 0 nan 0.000000
 2048 909 0 nan 0 nan 0.000000
 2049 910 0 nan 0 nan 0.000000
 2050 911 0 nan 0 nan 0.000000
 2056 912 0 nan 0 nan 0.000000
 2057 913 0 nan 0 nan 0.000000
 2058 914 0 nan 0 nan 0.000000
 2059 915 0 nan 0 nan 0.000000
 2065 916 0 nan 0 nan 0.000000
 2066 917 0 nan 0 nan 0.000000
 2067 918 0 nan 0 nan 0.000000
 2068 919 0 nan 0 nan 0.000000
 2074 920 0 nan 0 nan 0.000000
 2075 921 0 nan 0 nan 0.000000
 2076 922 0 nan 0 nan 0.000000
 2077 923 0 nan 0 nan 0.000000
 2083 924 0 nan 0 nan 0.000000
 2084 925 0 nan 0 nan 0.000000
 2085 926 0 nan 0 nan 0.000000
 2086 927 0 nan 0 nan 0.000000
 2092 928 0 nan 0 nan 0.000000
 2093 929 0 nan 0 nan 0.000000
 2094 930 0 nan 0 nan 0.000000
 2095 931 0 nan 0 nan 0.000000
 2101 932 0 nan 0 nan 0.000000
 2102 933 0 nan 0 nan 0.000000
 2103 934 0 nan 0 nan 0.000000
 2104 935 0 nan 0 nan 0.000000
 2110 936 0 nan 0 nan 0.000000
 2111 937 0 nan 0 nan 0.000000
 2112 938 0 nan 0 nan 0.000000
 2113 939 0 nan 0 nan 0.000000
 2119 940 0 nan 0 nan 0.000000
 2120 941 0 nan 0 nan 0.000000
 2121 942 0 nan 0 nan 0.000000
 2122 943 0 nan 0 nan 0.000000
 2128 944 0 nan 0 nan 0.000000
 2129 945 0 nan 0 nan 0.000000
 2130 946 0 nan 0 nan 0.000000
 2131 947 0 nan 0 nan 0.000000
 2137 948 0 nan 0 nan 0.000000
 2138 949 0 nan 0 nan 0.000000
 2139 950 0 nan 0 nan 0.000000
 2140 951 0 nan 0 nan 0.000000
 2146 952 0 nan 0 nan 0.000000
 2147 953 0 nan 0 nan 0.000000
 2148 954 0 nan 0 nan 0.000000
 2149 955 0 nan 0 nan 0.000000
 2155 956 0 nan 0 nan 0.000000
 2156 957 0 nan 0 nan 0.000000
 2157 958 0 nan 0 nan 0.000000
 2158 959 0 nan 0 nan 0.000000
 2164 960 0 nan 0 nan 0.000000
 2165 961 0 nan 0 nan 0.000000
 2166 962 0 nan 0 nan 0.000000
 2167 963 0 nan 0 nan 0.000000
 2173 964 0 nan 0 nan 0.000000
 2174 965 0 nan 0 nan 0.000000
 2175 966 0 nan 0 nan 0.000000
 2176 967 0 nan 0 nan 0.000000
 2182 968 0 nan 0 nan 0.000000
 2183 969 0 nan 0 nan 0.000000
 2184 970 0 nan 0 nan 0.000000
 2185 971 0 nan 0 nan 0.000000
 2191 972 0 nan 0 nan 0.000000
 2192 973 0 nan 0 nan 0.000000
 2193 974 0 nan 0 nan 0.000000
 2194 975 0 nan 0 nan 0.000000
 2200 976 0 nan 0 nan 0.000000
 2201 977 0 nan 0 nan 0.000000
 2202 978 0 nan 0 nan 0.000000
 2203 979 0 nan 0 nan 0.000000
 2209 980 0 nan 0 nan 0.000000
 2210 981 0 nan 0 nan 0.000000
 2211 982 0 nan 0 nan 0.000000
 2212 983 0 nan 0 nan 0.000000
 2218 984 0 nan 0 nan 0.000000
 2219 985 0 nan 0 nan 0.000000
 2220 986 0 nan 0 nan 0.000000
 2221 987 0 nan 0 nan 0.000000
 2227 988 0 nan 0 nan 0.000000
 2228 989 0 nan 0 nan 0.000000
 2229 990 0 nan 0 nan 0.000000
 2230 991 0 nan 0 nan 0.000000
 2236 992 0 nan 0 nan 0.000000
 2237 993 0 nan 0 nan 0.000000
 2238 994 0 nan 0 nan 0.000000
 2239 995 0 nan 0 nan 0.000000
 2245 996 0 nan 0 nan 0.000000
 2246 997 0 nan 0 nan 0.000000
 2247 998 0 nan 0 nan 0.000000
 2248 999 0 nan 0 nan 0.000000
 2254 1000 0 nan 0 nan 0.000000
 2255 1001 0 nan 0 nan 0.000000
 2256 1002 0 nan 0 nan 0.000000
 2257 1003 0 nan 0 nan 0.000000
 2263 1004 0 nan 0 nan 0.000000
 2264 1005 0 nan 0 nan 0.000000
 2265 1006 0 nan 0 nan 0.000000
 2266 1007 0 nan 0 nan 0.000000
 2272 1008 0 nan 0 nan 0.000000
 2273 1009 0 nan 0 nan 0.000000
 2274 1010 0 nan 0 nan 0.000000
 2275 1011 0 nan 0 nan 0.000000
 2281 1012 0 nan 0 nan 0.000000
 2282 1013 0 nan 0 nan 0.000000
 2283 1014 0 nan 0 nan 0.000000
 2284 1015 0 nan 0 nan 0.000000
 2290 1016 0 nan 0 nan 0.000000
 2291 1017 0 nan 0 nan 0.000000
 2292 1018 0 nan 0 nan 0.000000
 2293 1019 0 nan 0 nan 0.000000
 2299 1020 0 nan 0 nan 0.000000
 2300 1021 0 nan 0 nan 0.000000
 2301 1022 0 nan 0 nan 0.000000
 2302 1023 0 nan 0 nan 0.000000
 2308 1024 0 nan 0 nan 0.000000
 2309 1025 0 nan 0 nan 0.000000
 2310 1026 0 nan 0 nan 0.000000
 2311 1027 0 nan 0 nan 0.000000
 2317 1028 0 nan 0 nan 0.000000
 2318 1029 0 nan 0 nan 0.000000
 2319 1030 0 nan 0 nan 0.000000
 2320 1031 0 nan 0 nan 0.000000
 2326 1032 0 nan 0 nan 0.000000
 2327 1033 0 nan 0 nan 0.000000
 2328 1034 0 nan 0 nan 0.000000
 2329 1035 0 nan 0 nan 0.000000
 2335 1036 0 nan 0 nan 0.000000
 2336 1037 0 nan 0 nan 0.000000
 2337 1038 0 nan 0 nan 0.000000
 2338 1039 0 nan 0 nan 0.000000
 2344 1040 0 nan 0 nan 0.000000
 2345 1041 0 nan 0 nan 0.000000
 2346 1042 0 nan 0 nan 0.000000
 2347 1043 0 nan 0 nan 0.000000
 2353 1044 0 nan 0 nan 0.000000
 2354 1045 0 nan 0 nan 0.000000
 2355 1046 0 nan 0 nan 0.000000
 2356 1047 0 nan 0 nan 0.000000
 2362 1048 0 nan 0 nan 0.000000
 2363 1049 0 nan 0 nan 0.000000
 2364 1050 0 nan 0 nan 0.000000
 2365 1051 0 nan 0 nan 0.000000
 2371 1052 0 nan 0 nan 0.000000
 2372 1053 0 nan 0 nan 0.000000
 2373 1054 0 nan 0 nan 0.000000
 2374 1055 0 nan 0 nan 0.000000