# Format <LP ID> <Terminal ID> <Job ID> <Local Rank> <Total sends> <Total Recvs> <Bytes sent> <Bytes recvd> <Send time> <Comm. time> <Compute time> <Avg msg time> <Max Msg Time>
 0 0 0 0 1144 1144 3045248 3045248 5992811.006567 5727057.199283 383962889.000000 0.000000 0.000000
 1 1 0 1 988 988 3023776 3023776 7411919.516025 7171940.657378 382380607.000000 0.000000 0.000000
 2 2 0 2 988 988 3023776 3023776 8385221.381476 8094137.286451 381269925.000000 0.000000 0.000000
 3 3 0 3 988 988 3023776 3023776 7664944.654629 7412673.200376 381829335.000000 0.000000 0.000000
 4 4 0 4 1144 1144 3045248 3045248 6528376.813249 6265998.237826 383167059.000000 0.000000 0.000000
 11 5 0 5 988 988 3023776 3023776 7597785.165232 7339619.529565 382247972.000000 0.000000 0.000000
 12 6 0 6 988 988 3023776 3023776 11878097.979461 11587176.426995 377845954.000000 0.000000 0.000000
 13 7 0 7 988 988 3023776 3023776 11631742.002314 11344760.962103 378018053.000000 0.000000 0.000000
 14 8 0 8 1144 1144 3045248 3045248 11660074.982753 11372787.810302 378139753.000000 0.000000 0.000000
 15 9 0 9 728 728 2991360 2991360 13600028.445939 13301607.483463 376057814.000000 0.000000 0.000000
 22 10 0 10 728 728 2991360 2991360 12841582.603853 12586300.564637 376514317.000000 0.000000 0.000000
 23 11 0 11 728 728 2991360 2991360 12453797.331686 12170997.336691 376860207.000000 0.000000 0.000000
 24 12 0 12 728 728 2991360 2991360 17648851.852499 17405776.632602 370933258.000000 0.000000 0.000000
 25 13 0 13 728 728 2991360 2991360 17948394.727654 17703232.332955 370860303.000000 0.000000 0.000000
 26 14 0 14 988 988 3023776 3023776 16827854.712756 16545885.032885 372436133.000000 0.000000 0.000000
 33 15 0 15 728 728 2991360 2991360 18150816.091900 17827800.243676 370288401.000000 0.000000 0.000000
 34 16 0 16 988 988 3023776 3023776 17432971.047901 17125131.728058 371677383.000000 0.000000 0.000000
 35 17 0 17 728 728 2991360 2991360 18023733.057131 17752350.263827 370712504.000000 0.000000 0.000000
 36 18 0 18 728 728 2991360 2991360 15646776.211343 15361905.706828 373024553.000000 0.000000 0.000000
 37 19 0 19 988 988 3023776 3023776 14150853.039910 13842817.115755 375408609.000000 0.000000 0.000000
 44 20 0 20 988 988 3023776 3023776 14432112.257783 14123853.167955 374900473.000000 0.000000 0.000000
 45 21 0 21 728 728 2991360 2991360 15271865.870605 15040131.607219 373198744.000000 0.000000 0.000000
 46 22 0 22 988 988 3023776 3023776 14648210.552528 14365320.374546 374531248.000000 0.000000 0.000000
 47 23 0 23 988 988 3023776 3023776 13138020.158347 12840915.312644 376077337.000000 0.000000 0.000000
 48 24 0 24 1144 1144 3045248 3045248 6764626.253286 6489362.368806 382718491.000000 0.000000 0.000000
 55 25 0 25 988 988 3023776 3023776 9500419.760184 9239822.329021 380164922.000000 0.000000 0.000000
 56 26 0 26 988 988 3023776 3023776 9371771.897647 9114632.689482 380061998.000000 0.000000 0.000000
 57 27 0 27 988 988 3023776 3023776 8817879.566643 8524131.960364 380647253.000000 0.000000 0.000000
 58 28 0 28 1144 1144 3045248 3045248 8394198.009144 8087876.057241 381347900.000000 0.000000 0.000000
 59 29 0 29 728 728 2991360 2991360 10062623.705932 9786244.114608 379517852.000000 0.000000 0.000000
 66 30 0 30 728 728 2991360 2991360 15224371.195844 14932775.314637 373904263.000000 0.000000 0.000000
 67 31 0 31 728 728 2991360 2991360 14340219.042904 14023886.700978 374765031.000000 0.000000 0.000000
 68 32 0 32 728 728 2991360 2991360 14577553.208985 14361005.224631 374153068.000000 0.000000 0.000000
 69 33 0 33 728 728 2991360 2991360 15193413.284823 14921010.163608 373882073.000000 0.000000 0.000000
 70 34 0 34 988 988 3023776 3023776 14447697.326236 14148515.838099 375064048.000000 0.000000 0.000000
 77 35 0 35 728 728 2991360 2991360 14991349.460633 14701408.769068 373793773.000000 0.000000 0.000000
 78 36 0 36 988 988 3023776 3023776 12058584.786979 11746845.805735 377317896.000000 0.000000 0.000000
 79 37 0 37 728 728 2991360 2991360 13066361.335215 12812850.254349 375978176.000000 0.000000 0.000000
 80 38 0 38 728 728 2991360 2991360 13591581.664542 13326577.205360 375409094.000000 0.000000 0.000000
 81 39 0 39 988 988 3023776 3023776 12679175.469652 12371463.271318 376968204.000000 0.000000 0.000000
 88 40 0 40 988 988 3023776 3023776 12746991.747624 12448478.367817 376693516.000000 0.000000 0.000000
 89 41 0 41 728 728 2991360 2991360 13236434.583343 12981461.670164 375603419.000000 0.000000 0.000000
 90 42 0 42 988 988 3023776 3023776 12644297.055541 12320523.119207 376718046.000000 0.000000 0.000000
 91 43 0 43 988 988 3023776 3023776 12206025.139133 11922685.169107 377070818.000000 0.000000 0.000000
 92 44 0 44 1144 1144 3045248 3045248 12257161.139537 11957005.273468 377110197.000000 0.000000 0.000000
 99 45 0 45 728 728 2991360 2991360 12535586.933827 12311327.413664 376934926.000000 0.000000 0.000000
 100 46 0 46 728 728 2991360 2991360 13789976.087894 13512437.879893 375422487.000000 0.000000 0.000000
 101 47 0 47 728 728 2991360 2991360 12195767.555036 11917625.949975 376906371.000000 0.000000 0.000000
 102 48 0 48 728 728 2991360 2991360 19056193.343642 18798981.172008 370148418.000000 0.000000 0.000000
 103 49 0 49 728 728 2991360 2991360 20040553.784561 19714028.368217 369395735.000000 0.000000 0.000000
 110 50 0 50 988 988 3023776 3023776 18912192.112838 18597965.469287 370705880.000000 0.000000 0.000000
 111 51 0 51 728 728 2991360 2991360 19934508.240197 19682114.949135 369403696.000000 0.000000 0.000000
 112 52 0 52 988 988 3023776 3023776 18813197.492597 18506919.988916 370735690.000000 0.000000 0.000000
 113 53 0 53 728 728 2991360 2991360 19243281.739008 18990757.264023 370018592.000000 0.000000 0.000000
 114 54 0 54 728 728 2991360 2991360 22148644.744088 21869632.816981 366948245.000000 0.000000 0.000000
 121 55 0 55 988 988 3023776 3023776 22082165.826566 21757591.524817 367616309.000000 0.000000 0.000000
 122 56 0 56 988 988 3023776 3023776 21493120.244797 21180460.961040 368113047.000000 0.000000 0.000000
 123 57 0 57 728 728 2991360 2991360 22904834.702437 22625930.915449 366419756.000000 0.000000 0.000000
 124 58 0 58 988 988 3023776 3023776 21984760.448567 21631270.441099 367516338.000000 0.000000 0.000000
 125 59 0 59 988 988 3023776 3023776 21518499.017904 21158281.672694 368170281.000000 0.000000 0.000000
 132 60 0 60 1144 1144 3045248 3045248 39436150.704938 38968866.757308 349974524.000000 0.000000 0.000000
 133 61 0 61 312 312 2947584 2947584 45208796.648354 45037384.299147 343743028.000000 0.000000 0.000000
 134 62 0 62 312 312 2947584 2947584 53240818.742916 53120117.959750 335330588.000000 0.000000 0.000000
 135 63 0 63 312 312 2947584 2947584 52039670.913817 51927965.999902 336460363.000000 0.000000 0.000000
 136 64 0 64 312 312 2947584 2947584 58453117.561282 58319329.200234 329610458.000000 0.000000 0.000000
 143 65 0 65 312 312 2947584 2947584 52171553.360098 52064124.885686 336196783.000000 0.000000 0.000000
 144 66 0 66 312 312 2947584 2947584 60469590.519726 60381271.631788 327590736.000000 0.000000 0.000000
 145 67 0 67 312 312 2947584 2947584 59367597.062875 59236380.571168 329167238.000000 0.000000 0.000000
 146 68 0 68 312 312 2947584 2947584 41939070.905235 41880106.706579 345743283.000000 0.000000 0.000000
 147 69 0 69 312 312 2947584 2947584 48238702.580709 48080540.066577 340265133.000000 0.000000 0.000000
 154 70 0 70 728 728 2991360 2991360 41296884.236432 40996851.146705 347676516.000000 0.000000 0.000000
 155 71 0 71 312 312 2947584 2947584 55118752.386435 55012201.498639 333010016.000000 0.000000 0.000000
 156 72 0 72 728 728 2991360 2991360 33207182.296748 32965180.048738 355894615.000000 0.000000 0.000000
 157 73 0 73 312 312 2947584 2947584 58525205.452516 58379440.776936 329970787.000000 0.000000 0.000000
 158 74 0 74 728 728 2991360 2991360 32963817.441268 32683739.776230 356130199.000000 0.000000 0.000000
 165 75 0 75 312 312 2947584 2947584 63746039.020072 63601782.851166 324608774.000000 0.000000 0.000000
 166 76 0 76 728 728 2991360 2991360 33302737.115270 33057071.190990 355665984.000000 0.000000 0.000000
 167 77 0 77 312 312 2947584 2947584 45596791.969041 45475543.961521 343262303.000000 0.000000 0.000000
 168 78 0 78 312 312 2947584 2947584 54975474.806262 54872883.782281 332934548.000000 0.000000 0.000000
 169 79 0 79 728 728 2991360 2991360 35745728.968495 35447239.961440 353418218.000000 0.000000 0.000000
 176 80 0 80 728 728 2991360 2991360 34948654.816891 34708805.114791 353814460.000000 0.000000 0.000000
 177 81 0 81 312 312 2947584 2947584 63241271.671861 63117531.247451 325384937.000000 0.000000 0.000000
 178 82 0 82 312 312 2947584 2947584 59264732.578561 59167073.228607 328576938.000000 0.000000 0.000000
 179 83 0 83 728 728 2991360 2991360 35069341.765824 34792215.782579 353759878.000000 0.000000 0.000000
 180 84 0 84 728 728 2991360 2991360 32928109.270312 32695281.738470 355662210.000000 0.000000 0.000000
 187 85 0 85 312 312 2947584 2947584 50473925.515594 50387544.718095 337556315.000000 0.000000 0.000000
 188 86 0 86 728 728 2991360 2991360 33344571.789257 33154849.478201 355627067.000000 0.000000 0.000000
 189 87 0 87 728 728 2991360 2991360 32832137.971482 32610289.948949 356048111.000000 0.000000 0.000000
 190 88 0 88 988 988 3023776 3023776 32804822.825423 32501555.212049 356454433.000000 0.000000 0.000000
 191 89 0 89 312 312 2947584 2947584 65273309.919511 65157924.446580 322599375.000000 0.000000 0.000000
 198 90 0 90 728 728 2991360 2991360 37578264.008902 37324063.448795 351147528.000000 0.000000 0.000000
 199 91 0 91 728 728 2991360 2991360 37345665.053007 37083877.702210 351123853.000000 0.000000 0.000000
 200 92 0 92 988 988 3023776 3023776 37145683.240220 36881275.977207 351712009.000000 0.000000 0.000000
 201 93 0 93 312 312 2947584 2947584 49217673.781112 49095882.278421 339296242.000000 0.000000 0.000000
 202 94 0 94 312 312 2947584 2947584 61861651.058111 61749726.681655 326319554.000000 0.000000 0.000000
 209 95 0 95 312 312 2947584 2947584 60490240.004820 60395100.478419 327794156.000000 0.000000 0.000000
 210 96 0 96 312 312 2947584 2947584 55386961.211159 55256853.615662 332380542.000000 0.000000 0.000000
 211 97 0 97 728 728 2991360 2991360 26598282.419908 26339283.547923 362502428.000000 0.000000 0.000000
 212 98 0 98 728 728 2991360 2991360 26012223.924467 25751178.397526 362766045.000000 0.000000 0.000000
 213 99 0 99 728 728 2991360 2991360 25985786.912360 25723820.396406 362791673.000000 0.000000 0.000000
 220 100 0 100 728 728 2991360 2991360 26267001.517140 26035572.409308 362258516.000000 0.000000 0.000000
 221 101 0 101 312 312 2947584 2947584 44262830.436491 44131140.628594 343910022.000000 0.000000 0.000000
 222 102 0 102 728 728 2991360 2991360 25375921.062632 25115983.828735 363557894.000000 0.000000 0.000000
 223 103 0 103 312 312 2947584 2947584 69797548.596283 69663051.728406 317850392.000000 0.000000 0.000000
 224 104 0 104 728 728 2991360 2991360 26713910.819733 26416225.071069 362118758.000000 0.000000 0.000000
 231 105 0 105 728 728 2991360 2991360 25893508.139507 25632659.429818 363043429.000000 0.000000 0.000000
 232 106 0 106 988 988 3023776 3023776 24996582.123828 24681735.488663 364232127.000000 0.000000 0.000000
 233 107 0 107 728 728 2991360 2991360 25143379.611722 24903659.265640 363313507.000000 0.000000 0.000000
 234 108 0 108 988 988 3023776 3023776 27846765.671309 27543049.453635 360973825.000000 0.000000 0.000000
 235 109 0 109 312 312 2947584 2947584 48673525.463493 48536291.504794 339672616.000000 0.000000 0.000000
 242 110 0 110 312 312 2947584 2947584 57713856.925158 57608922.880736 329595847.000000 0.000000 0.000000
 243 111 0 111 728 728 2991360 2991360 28725676.305898 28445176.455036 360024215.000000 0.000000 0.000000
 244 112 0 112 728 728 2991360 2991360 28654576.667327 28392362.042741 360017435.000000 0.000000 0.000000
 245 113 0 113 728 728 2991360 2991360 28789297.244409 28532491.135820 359970441.000000 0.000000 0.000000
 246 114 0 114 728 728 2991360 2991360 25776720.068847 25536982.375499 362785775.000000 0.000000 0.000000
 253 115 0 115 988 988 3023776 3023776 25483260.927857 25161640.309114 363634042.000000 0.000000 0.000000
 254 116 0 116 988 988 3023776 3023776 25056600.972913 24729352.572801 363823731.000000 0.000000 0.000000
 255 117 0 117 312 312 2947584 2947584 57395411.072832 57290012.808854 329965505.000000 0.000000 0.000000
 256 118 0 118 728 728 2991360 2991360 25460628.894813 25223420.973258 363412959.000000 0.000000 0.000000
 257 119 0 119 728 728 2991360 2991360 24913780.731124 24685896.410849 363579381.000000 0.000000 0.000000
 264 120 0 120 988 988 3023776 3023776 48046751.228656 47693676.405119 338294951.000000 0.000000 0.000000
 265 121 0 121 728 728 2991360 2991360 48583211.904629 48373583.145764 337140270.000000 0.000000 0.000000
 266 122 0 122 988 988 3023776 3023776 47407125.674874 47066191.889934 338766155.000000 0.000000 0.000000
 267 123 0 123 988 988 3023776 3023776 48358023.926306 48017516.418081 337854945.000000 0.000000 0.000000
 268 124 0 124 1144 1144 3045248 3045248 47605254.733926 47246103.123677 338806842.000000 0.000000 0.000000