# Format <LP ID> <Terminal ID> <Job ID> <Local Rank> <Total sends> <Total Recvs> <Bytes sent> <Bytes recvd> <Send time> <Comm. time> <Compute time> <Avg msg time> <Max Msg Time>
 0 0 0 0 478 478 379712 374336 6965786.066475 14765126.518159 816695890.000000 0.000000 0.000000
 1 1 0 1 832 832 502384 506272 55741272.078163 64490625.404024 767042391.000000 0.000000 0.000000
 2 2 0 2 566 566 503792 501008 66423909.018751 72638695.646109 758872619.000000 0.000000 0.000000
 3 3 0 3 840 840 510816 505344 285471232.647682 157131216.803777 674363699.000000 0.000000 0.000000
 4 4 0 4 464 464 506304 496032 34484212.569397 66805583.252230 764652252.000000 0.000000 0.000000
 5 5 0 5 386 386 376528 373792 10354689.540518 66320426.588557 765071214.000000 0.000000 0.000000
 6 6 0 6 654 654 509232 503040 200853860.755385 117467773.717055 714060173.000000 0.000000 0.000000
 7 7 0 7 790 790 629648 623648 117809883.363504 70403146.177834 761131215.000000 0.000000 0.000000
 8 8 0 8 1194 1194 641632 640528 29794600.169987 68326497.188420 763194045.000000 0.000000 0.000000
 9 9 0 9 1010 1010 628592 629120 13817535.071200 66532706.283756 764960474.000000 0.000000 0.000000
 10 10 0 10 956 956 630464 627536 5456478.904260 59722011.163166 771801106.000000 0.000000 0.000000
 11 11 0 11 528 528 502080 502656 115655049.777609 117956412.638604 713495802.000000 0.000000 0.000000
 12 12 0 12 1026 1026 507040 511216 178908647.670919 74331215.450080 758145711.000000 0.000000 0.000000
 13 13 0 13 1004 1004 633712 637312 215747147.533856 118626013.065502 712912094.000000 0.000000 0.000000
 14 14 0 14 1066 1066 637216 633856 9411556.453418 63735105.784304 767783111.000000 0.000000 0.000000
 15 15 0 15 1042 1042 635520 632544 188525415.697453 117091681.890179 714392356.000000 0.000000 0.000000
 16 16 0 16 978 978 631728 633312 6184383.286830 60854819.099810 770608169.000000 0.000000 0.000000
 17 17 0 17 628 628 509008 502912 240414187.155263 159131335.027222 672336136.000000 0.000000 0.000000
 18 18 0 18 756 756 510544 505744 84301286.990664 62947725.629572 768560535.000000 0.000000 0.000000
 19 19 0 19 1224 1224 637680 635664 256789832.594627 118079951.264888 713454762.000000 0.000000 0.000000
 20 20 0 20 1058 1058 637728 632304 86381093.778878 60263133.706594 771238388.000000 0.000000 0.000000
 21 21 0 21 708 708 633792 628800 334969977.671404 158625325.791575 672831064.000000 0.000000 0.000000
 22 22 0 22 1132 1132 633472 636928 61174052.949918 74179498.129290 757269167.000000 0.000000 0.000000
 23 23 0 23 740 740 503136 503376 10133679.577307 65328230.728073 766109427.000000 0.000000 0.000000
 24 24 0 24 664 664 502160 501872 54677923.288762 36442147.928115 795023928.000000 0.000000 0.000000
 25 25 0 25 674 674 633744 636432 102903674.460341 125637414.007328 705883225.000000 0.000000 0.000000
 26 26 0 26 1028 1028 634352 630848 155707813.201172 118001203.407770 713451020.000000 0.000000 0.000000
 27 27 0 27 1236 1236 639520 637600 14548225.525401 50435078.883767 780946680.000000 0.000000 0.000000
 28 28 0 28 878 878 636640 630160 170459471.904953 123459102.322668 707976179.000000 0.000000 0.000000
 29 29 0 29 690 690 509184 505872 330603572.131123 227455936.749542 603902049.000000 0.000000 0.000000
 30 30 0 30 646 646 382720 379504 44009870.593987 72036569.132370 759209355.000000 0.000000 0.000000
 31 31 0 31 768 768 502352 507968 301408671.337536 158661566.281118 672645071.000000 0.000000 0.000000
 32 32 0 32 670 670 502448 501248 81034480.033040 121654530.136364 709736060.000000 0.000000 0.000000
 33 33 0 33 794 794 508528 506320 444002237.440728 226836113.177260 604497546.000000 0.000000 0.000000
 34 34 0 34 676 676 505280 507824 55541877.581711 73986412.752361 757365393.000000 0.000000 0.000000
 35 35 0 35 516 516 376432 378304 125712684.464248 184820633.952973 647057523.000000 0.000000 0.000000
 36 36 0 36 650 650 506832 500784 498371578.943346 223590232.491190 607997547.000000 0.000000 0.000000
 37 37 0 37 1008 1008 624176 633488 103166874.773121 74994870.352578 756644398.000000 0.000000 0.000000
 38 38 0 38 886 886 634528 627184 487673966.628971 186369009.243593 646090548.000000 0.000000 0.000000
 39 39 0 39 726 726 627344 625760 421625016.582034 180413147.262230 651129057.000000 0.000000 0.000000
 40 40 0 40 1080 1080 633088 627424 135524667.362513 114462931.505756 717076821.000000 0.000000 0.000000
 41 41 0 41 804 804 508528 507328 388790589.615277 225596460.973411 605888360.000000 0.000000 0.000000
 42 42 0 42 996 996 631104 633792 395506755.964763 159165139.387358 673316533.000000 0.000000 0.000000
 43 43 0 43 1044 1044 757920 762576 329672166.135764 123885443.367898 707812452.000000 0.000000 0.000000
 44 44 0 44 1010 1010 763248 761664 31431112.722484 72672180.608384 758853698.000000 0.000000 0.000000
 45 45 0 45 1952 1952 772496 774320 497803742.731284 223615236.153232 608106236.000000 0.000000 0.000000
 46 46 0 46 998 998 754928 759008 254280508.382935 178995477.574302 652706295.000000 0.000000 0.000000
 47 47 0 47 1016 1016 634240 635488 220173041.239318 159909997.638755 672233209.000000 0.000000 0.000000
 48 48 0 48 858 858 633072 629184 61270260.252676 61281074.021286 771205243.000000 0.000000 0.000000
 49 49 0 49 1852 1852 770576 771728 799511104.542430 239382974.810442 593100174.000000 0.000000 0.000000
 50 50 0 50 1036 1036 756224 760544 469834062.281269 231487826.352812 600243037.000000 0.000000 0.000000
 51 51 0 51 1096 1096 759184 767632 459365818.939770 242193432.705711 589437937.000000 0.000000 0.000000
 52 52 0 52 1508 1508 764976 769008 298832381.918672 227344613.132686 604362413.000000 0.000000 0.000000
 53 53 0 53 704 704 623760 625344 485182099.621057 182458184.628615 649109675.000000 0.000000 0.000000
 54 54 0 54 708 708 631088 630992 11761556.701632 14043908.998861 818440668.000000 0.000000 0.000000
 55 55 0 55 1344 1344 765184 764800 33805023.828585 35105433.695080 796594149.000000 0.000000 0.000000
 56 56 0 56 1614 1614 762800 774128 307966251.632777 183042653.715641 648604208.000000 0.000000 0.000000
 57 57 0 57 1642 1642 774336 767760 608993779.227706 184415656.110924 647085551.000000 0.000000 0.000000
 58 58 0 58 1346 1346 758496 760512 368151505.996316 243328414.292724 588195262.000000 0.000000 0.000000
 59 59 0 59 1214 1214 640496 637136 124388440.711162 180050061.629779 651468909.000000 0.000000 0.000000
 60 60 0 60 926 926 635488 636784 502715784.137559 237146806.986576 594362798.000000 0.000000 0.000000
 61 61 0 61 954 954 760448 760688 490129622.356085 235632551.169791 595896548.000000 0.000000 0.000000
 62 62 0 62 1460 1460 760976 761840 587633685.709218 236758183.790987 594755941.000000 0.000000 0.000000
 63 63 0 63 1066 1066 761504 762656 458239570.810614 235669325.744281 595813770.000000 0.000000 0.000000
 64 64 0 64 1752 1752 771520 770080 518148285.723186 226045179.683247 605386612.000000 0.000000 0.000000
 65 65 0 65 1130 1130 629584 637984 341942024.256185 242945335.023325 588934979.000000 0.000000 0.000000
 66 66 0 66 718 718 503712 504912 360876305.527309 229871182.785909 601548077.000000 0.000000 0.000000
 67 67 0 67 670 670 625856 634496 395843427.223016 234314109.281935 597204964.000000 0.000000 0.000000
 68 68 0 68 1562 1562 647200 639568 19365181.647454 45101832.165982 786384479.000000 0.000000 0.000000
 69 69 0 69 780 780 627696 630960 338307491.056724 228513798.100672 602841595.000000 0.000000 0.000000
 70 70 0 70 884 884 632112 631392 294289035.778306 242185435.574418 589696219.000000 0.000000 0.000000
 71 71 0 71 704 704 503200 503872 247254105.457541 226803802.065913 605078384.000000 0.000000 0.000000
 72 72 0 72 848 848 512208 506160 268182885.538875 157257195.035784 674390039.000000 0.000000 0.000000
 73 73 0 73 1212 1212 630768 630672 11470832.883473 28422347.724270 804040071.000000 0.000000 0.000000
 74 74 0 74 1194 1194 637120 634864 354689726.972763 151836777.754272 680632112.000000 0.000000 0.000000
 75 75 0 75 682 682 631424 621872 142585434.690552 161853224.431355 670611911.000000 0.000000 0.000000
 76 76 0 76 944 944 628368 629616 22267642.796248 43151762.720978 788551505.000000 0.000000 0.000000
 77 77 0 77 602 602 504448 501568 379113005.164000 233884891.852988 598260518.000000 0.000000 0.000000
 78 78 0 78 942 942 634640 632528 58292655.282256 50254363.851040 781769533.000000 0.000000 0.000000
 79 79 0 79 968 968 758752 756064 902266614.587626 227545536.252705 604163049.000000 0.000000 0.000000
 80 80 0 80 1024 1024 757440 759024 83333614.720065 55754872.214074 776711502.000000 0.000000 0.000000
 81 81 0 81 1454 1454 762912 764400 195231729.987632 181593772.559406 650131936.000000 0.000000 0.000000
 82 82 0 82 1544 1544 769936 772144 450370661.364304 224703203.403491 607443728.000000 0.000000 0.000000
 83 83 0 83 1078 1078 633808 634048 651748065.255303 230473318.012617 601675330.000000 0.000000 0.000000
 84 84 0 84 1054 1054 632272 636880 406147862.527512 189507859.881407 642978458.000000 0.000000 0.000000
 85 85 0 85 1702 1702 763456 764992 422383755.899758 117274231.578425 714458894.000000 0.000000 0.000000
 86 86 0 86 1096 1096 769744 758848 387511118.913917 224192258.081339 607542806.000000 0.000000 0.000000
 87 87 0 87 1548 1548 765776 767888 908931305.304510 227298510.678342 604435671.000000 0.000000 0.000000
 88 88 0 88 1014 1014 752480 756128 190067484.945312 220390458.108925 611326093.000000 0.000000 0.000000
 89 89 0 89 1390 1390 643456 643168 309700565.142340 241097381.454380 591050605.000000 0.000000 0.000000
 90 90 0 90 1628 1628 639792 643248 188778247.045203 185561253.050888 646148561.000000 0.000000 0.000000
 91 91 0 91 1666 1666 772480 776464 577893471.588594 228032253.832666 603679498.000000 0.000000 0.000000
 92 92 0 92 1722 1722 764720 766832 158356599.275353 176603088.725238 655132148.000000 0.000000 0.000000
 93 93 0 93 1458 1458 764800 769120 189666005.466274 189575844.101504 642073414.000000 0.000000 0.000000
 94 94 0 94 1538 1538 762832 763408 562219434.445489 239411103.868438 592299966.000000 0.000000 0.000000
 95 95 0 95 740 740 628560 629424 358461864.956594 231932050.289209 599639680.000000 0.000000 0.000000
 96 96 0 96 992 992 636784 632080 476277267.017803 177578556.848095 653838124.000000 0.000000 0.000000
 97 97 0 97 1456 1456 759536 767456 163755766.597948 116886749.721195 714825174.000000 0.000000 0.000000
 98 98 0 98 1050 1050 757648 756352 5241617.249445 37370514.801765 794279802.000000 0.000000 0.000000
 99 99 0 99 1584 1584 773504 767936 22910569.628076 50001116.098546 781391453.000000 0.000000 0.000000
 100 100 0 100 1012 1012 752656 757504 105810725.492203 126800189.833695 704744694.000000 0.000000 0.000000
 101 101 0 101 1028 1028 637200 636000 70264631.715904 118660199.270176 712886368.000000 0.000000 0.000000
 102 102 0 102 822 822 504432 505200 95963655.111412 163850706.444127 667511375.000000 0.000000 0.000000
 103 103 0 103 724 724 630896 630752 293085847.824181 120374813.879629 711045200.000000 0.000000 0.000000
 104 104 0 104 1170 1170 635392 630928 379009000.141215 163922522.105340 667463315.000000 0.000000 0.000000
 105 105 0 105 1080 1080 627600 634848 58725396.673591 72554547.026439 758838194.000000 0.000000 0.000000
 106 106 0 106 1034 1034 628688 630656 280591351.587976 181361419.081951 650005248.000000 0.000000 0.000000
 107 107 0 107 736 736 504896 505472 63048869.155797 124685777.571592 707196409.000000 0.000000 0.000000
 108 108 0 108 748 748 505968 506112 289078335.695416 226761990.299412 605263629.000000 0.000000 0.000000
 109 109 0 109 1266 1266 640096 637120 469834742.775382 224152824.613989 607495798.000000 0.000000 0.000000
 110 110 0 110 882 882 626944 630880 85524113.585165 59724515.387428 772744375.000000 0.000000 0.000000
 111 111 0 111 884 884 630400 625072 459499838.018445 230431015.394812 601125781.000000 0.000000 0.000000
 112 112 0 112 1132 1132 637584 634800 202665918.049427 117530640.766168 713952281.000000 0.000000 0.000000
 113 113 0 113 496 496 503952 498384 29729208.142158 51982889.940239 779481022.000000 0.000000 0.000000
 114 114 0 114 668 668 625664 621584 340771171.652169 220990708.042722 611037454.000000 0.000000 0.000000
 115 115 0 115 1482 1482 762320 770384 369083928.797761 125767868.799525 706682779.000000 0.000000 0.000000
 116 116 0 116 1732 1732 776432 773456 322150108.356185 171429826.358345 661025762.000000 0.000000 0.000000
 117 117 0 117 2020 2020 764192 770144 290395405.529442 179494784.365055 652957976.000000 0.000000 0.000000
 118 118 0 118 1038 1038 756176 758672 61262863.925614 78464077.444823 753241457.000000 0.000000 0.000000
 119 119 0 119 854 854 633344 631952 404105978.221063 185679454.798673 646469194.000000 0.000000 0.000000
 120 120 0 120 1318 1318 641840 636224 494746635.975761 183528299.648583 648499433.000000 0.000000 0.000000
 121 121 0 121 1494 1494 762304 756544 460961539.354193 237824308.972317 593871454.000000 0.000000 0.000000
 122 122 0 122 1114 1114 760736 755984 629040838.108626 188066349.682723 644387748.000000 0.000000 0.000000
 123 123 0 123 1504 1504 760528 758992 162567701.891047 187049048.339998 644587222.000000 0.000000 0.000000
 124 124 0 124 1284 1284 761312 759584 11514024.659226 41675058.414903 790035750.000000 0.000000 0.000000
 125 125 0 125 962 962 636848 631280 21964812.758731 56263448.241055 775307858.000000 0.000000 0.000000
 126 126 0 126 772 772 632336 628784 748932382.915999 242469740.025625 589054438.000000 0.000000 0.000000
 127 127 0 127 1444 1444 766352 761504 264466704.322744 239922540.505412 591780388.000000 0.000000 0.000000
 128 128 0 128 1086 1086 754992 754464 342448862.944685 242186885.087265 589463426.000000 0.000000 0.000000
 129 129 0 129 1474 1474 763632 759936 1018200688.674343 239252199.605256 592297471.000000 0.000000 0.000000
 130 130 0 130 1666 1666 765712 766912 208256093.355215 231788111.273545 599745434.000000 0.000000 0.000000
 131 131 0 131 1270 1270 636032 633968 212814048.137360 229144258.475198 602390332.000000 0.000000 0.000000
 132 132 0 132 1168 1168 634896 636192 428747083.483298 228131559.255509 603346439.000000 0.000000 0.000000
 133 133 0 133 1854 1854 761120 771488 68224630.112514 54539503.912268 776995561.000000 0.000000 0.000000
 134 134 0 134 1530 1530 769872 767184 22092248.992101 43538333.593547 787986704.000000 0.000000 0.000000
 135 135 0 135 1688 1688 763888 770032 417885444.970602 180571243.447081 650966543.000000 0.000000 0.000000
 136 136 0 136 1006 1006 760800 759840 624544628.050918 234920454.804461 596597563.000000 0.000000 0.000000
 137 137 0 137 1182 1182 634784 635504 176718994.512175 225227366.276404 606212316.000000 0.000000 0.000000
 138 138 0 138 774 774 507168 509328 502379038.580111 238665429.105730 592713543.000000 0.000000 0.000000
 139 139 0 139 1064 1064 636640 635920 478270486.073929 231054796.470983 600411601.000000 0.000000 0.000000
 140 140 0 140 676 676 622560 624000 315831971.025450 229406752.283330 602050026.000000 0.000000 0.000000
 141 141 0 141 1082 1082 628464 633840 451096584.454367 241624233.192732 589812591.000000 0.000000 0.000000
 142 142 0 142 958 958 630512 629792 518271594.301711 235319789.317776 596116442.000000 0.000000 0.000000
 143 143 0 143 544 544 503920 504304 163144320.249743 241904678.754089 589481718.000000 0.000000 0.000000
 144 144 0 144 942 942 510096 503760 13799823.003187 47964886.678818 783548375.000000 0.000000 0.000000
 145 145 0 145 754 754 622736 619376 286050590.530585 239926013.189608 591829365.000000 0.000000 0.000000
 146 146 0 146 1178 1178 634096 629584 241295081.069405 227716920.432898 603890369.000000 0.000000 0.000000
 147 147 0 147 682 682 628752 626448 308207738.324077 238497503.386546 593112403.000000 0.000000 0.000000
 148 148 0 148 930 930 627856 633328 418587791.473498 235259046.109843 596289517.000000 0.000000 0.000000
 149 149 0 149 748 748 505344 501600 253649437.085141 227473415.087711 604039512.000000 0.000000 0.000000
 150 150 0 150 904 904 632336 626816 288318638.454643 239520570.582464 592507592.000000 0.000000 0.000000
 151 151 0 151 1574 1574 765968 773168 475615548.352952 240965278.773414 590793095.000000 0.000000 0.000000
 152 152 0 152 1064 1064 754272 764784 348909984.196669 239658123.882487 592797465.000000 0.000000 0.000000
 153 153 0 153 1022 1022 759280 756832 7568818.887190 54385402.242744 777229183.000000 0.000000 0.000000
 154 154 0 154 1392 1392 762240 769488 427422105.239502 237462367.080295 594149660.000000 0.000000 0.000000
 155 155 0 155 732 732 634656 634608 659038318.876581 229590809.806051 601962336.000000 0.000000 0.000000
 156 156 0 156 1096 1096 634208 637280 300920493.701065 239097281.178386 592446573.000000 0.000000 0.000000
 157 157 0 157 1082 1082 768768 762288 250803013.657694 238689420.915947 593069125.000000 0.000000 0.000000
 158 158 0 158 1540 1540 765264 764496 697124876.331509 236239087.505862 595390790.000000 0.000000 0.000000
 159 159 0 159 1070 1070 763200 758112 344790019.684081 244310690.927733 587318306.000000 0.000000 0.000000
 160 160 0 160 1070 1070 762960 761328 202506766.593010 232580403.479139 598975361.000000 0.000000 0.000000
 161 161 0 161 1002 1002 632368 633280 350605262.642112 234649048.685656 596894113.000000 0.000000 0.000000
 162 162 0 162 736 736 629648 627632 266799237.882509 226400950.223188 605129250.000000 0.000000 0.000000
 163 163 0 163 972 972 751936 758272 755784796.389914 234102737.285184 597453030.000000 0.000000 0.000000
 164 164 0 164 1762 1762 769920 774192 372198803.356608 240570603.208953 591059447.000000 0.000000 0.000000
 165 165 0 165 1684 1684 764032 766672 325288286.592347 233566833.956096 597993650.000000 0.000000 0.000000
 166 166 0 166 1410 1410 760896 762960 518493824.652668 239128949.528991 592421474.000000 0.000000 0.000000
 167 167 0 167 948 948 629584 631648 260398611.145145 236679020.402129 594846172.000000 0.000000 0.000000
 168 168 0 168 954 954 636928 635248 6414297.020843 28988657.962760 802504146.000000 0.000000 0.000000
 169 169 0 169 1270 1270 764064 762480 733984841.269689 223681468.431146 607848660.000000 0.000000 0.000000
 170 170 0 170 1506 1506 759744 761376 25082884.228313 44582191.769872 786953171.000000 0.000000 0.000000
 171 171 0 171 980 980 753952 755872 6241066.452350 38079102.209408 793469188.000000 0.000000 0.000000
 172 172 0 172 1702 1702 767456 772976 100512572.928139 121037302.491989 710474154.000000 0.000000 0.000000
 173 173 0 173 846 846 628224 633456 243437071.646068 236503973.719272 594977703.000000 0.000000 0.000000
 174 174 0 174 644 644 504432 504480 451513534.236075 239668302.076377 591771534.000000 0.000000 0.000000
 175 175 0 175 898 898 629008 630592 173074062.631314 77659934.974855 753831248.000000 0.000000 0.000000
 176 176 0 176 1394 1394 646064 640832 395702250.493539 182052524.990544 649868608.000000 0.000000 0.000000
 177 177 0 177 1448 1448 639376 642640 150437351.457847 179580083.673105 651926151.000000 0.000000 0.000000
 178 178 0 178 1090 1090 632064 636576 249880134.760665 184455047.136424 647025429.000000 0.000000 0.000000
 179 179 0 179 964 964 511216 509680 237570386.671993 227070844.685065 604859591.000000 0.000000 0.000000
 180 180 0 180 654 654 386480 380576 305224444.491012 235894393.869858 595556320.000000 0.000000 0.000000
 181 181 0 181 654 654 503696 504848 407914635.148139 183049917.140634 648476104.000000 0.000000 0.000000
 182 182 0 182 734 734 505232 506288 162141269.597371 188510675.497595 643060515.000000 0.000000 0.000000
 183 183 0 183 1032 1032 513760 510208 217531712.685766 161172186.335768 670314894.000000 0.000000 0.000000
 184 184 0 184 778 778 507072 502992 188588754.051206 231434083.929921 600051984.000000 0.000000 0.000000
 185 185 0 185 726 726 379568 380288 155460387.629171 161506369.490655 669876580.000000 0.000000 0.000000
 186 186 0 186 784 784 508000 504880 147996443.936480 182731363.078823 648781901.000000 0.000000 0.000000
 187 187 0 187 1380 1380 636608 637856 408998079.869692 233198220.439835 598559271.000000 0.000000 0.000000
 188 188 0 188 690 690 625216 626992 390596376.072749 162770387.702828 668844185.000000 0.000000 0.000000
 189 189 0 189 682 682 624640 625600 321824447.987832 230992134.451291 600620482.000000 0.000000 0.000000
 190 190 0 190 1206 1206 640240 635248 633564068.221328 228442185.380633 603103811.000000 0.000000 0.000000
 191 191 0 191 728 728 501328 505264 184079776.160429 229856364.792537 601626445.000000 0.000000 0.000000
 192 192 0 192 722 722 504384 505824 6323208.324246 40203671.081651 791313461.000000 0.000000 0.000000
 193 193 0 193 1064 1064 630992 636752 40142395.767962 74231330.916300 757304220.000000 0.000000 0.000000
 194 194 0 194 972 972 633456 631440 364805575.200724 227906494.642341 603722631.000000 0.000000 0.000000
 195 195 0 195 1156 1156 639328 635680 331781442.302818 228735130.087633 602806714.000000 0.000000 0.000000
 196 196 0 196 788 788 623344 629008 237226035.213973 237480332.631598 594057012.000000 0.000000 0.000000
 197 197 0 197 884 884 509120 511712 72010351.755444 121736764.782526 709675798.000000 0.000000 0.000000
 198 198 0 198 950 950 506496 506832 195176095.371835 164849221.844763 666599174.000000 0.000000 0.000000
 199 199 0 199 1086 1086 637728 640224 202121529.967102 161433634.216356 670052538.000000 0.000000 0.000000
 200 200 0 200 1188 1188 639888 638736 292288023.016563 120894024.835561 710630907.000000 0.000000 0.000000
 201 201 0 201 1102 1102 635808 634752 127972628.653463 120534887.815230 710987086.000000 0.000000 0.000000
 202 202 0 202 1612 1612 640704 639600 415798208.914267 226777474.081675 604719130.000000 0.000000 0.000000
 203 203 0 203 694 694 506704 504256 5763655.829634 119751384.464831 711680562.000000 0.000000 0.000000
 204 204 0 204 934 934 504896 508400 98713269.064299 124176811.974085 707237879.000000 0.000000 0.000000
 205 205 0 205 896 896 633104 633152 484375499.294633 187462168.893502 644000311.000000 0.000000 0.000000
 206 206 0 206 1174 1174 626864 633632 457615677.662677 183309652.290762 648613665.000000 0.000000 0.000000
 207 207 0 207 804 804 630752 631856 43758933.042453 77512757.752846 753962904.000000 0.000000 0.000000
 208 208 0 208 970 970 635776 635968 125579300.629990 117908351.718698 713569390.000000 0.000000 0.000000
 209 209 0 209 606 606 507216 505296 270449574.671684 232070263.464652 599862227.000000 0.000000 0.000000
 210 210 0 210 464 464 377376 377184 295689938.490311 162387132.108410 668963302.000000 0.000000 0.000000
 211 211 0 211 736 736 501488 503840 272646514.843835 186979084.328293 644945966.000000 0.000000 0.000000
 212 212 0 212 866 866 503504 507824 18240470.316265 48434879.949235 783490615.000000 0.000000 0.000000
 213 213 0 213 776 776 501200 504656 443065998.183958 237538852.854991 594386814.000000 0.000000 0.000000
 214 214 0 214 576 576 500176 504832 274079793.502565 235387413.894073 596546427.000000 0.000000 0.000000
 215 215 0 215 468 468 375408 379872 262492596.771190 227075345.000349 604858323.000000 0.000000 0.000000