# Format <LP ID> <Terminal ID> <Job ID> <Local Rank> <Total sends> <Total Recvs> <Bytes sent> <Bytes recvd> <Send time> <Comm. time> <Compute time> <Avg msg time> <Max Msg Time>
 0 0 0 0 2863 3952 41403804 41493384 234801259.645034 233195802.604664 12052270539.000000 0.000000 0.000000
 1 1 0 1 3910 4355 50202228 47516016 243127431.146083 241352364.596254 12042832791.000000 0.000000 0.000000
 2 2 0 2 3890 4355 50163564 47087784 193850703.634552 192089805.547930 12096701714.000000 0.000000 0.000000
 3 3 0 3 5680 5429 66742092 52318616 222552062.853288 220505272.748137 12064106448.000000 0.000000 0.000000
 9 4 0 4 3890 4035 49976660 46529232 468526095.840293 466530459.518051 11817192074.000000 0.000000 0.000000
 10 5 0 5 5640 6209 66142876 52231880 240184096.055806 237551896.231995 12046971303.000000 0.000000 0.000000
 11 6 0 6 4680 4629 53313908 45805056 300612447.200416 298293471.590624 11985859258.000000 0.000000 0.000000
 12 7 0 7 8427 7128 71138516 85903088 467876396.277407 465050313.341419 11819790443.000000 0.000000 0.000000
 18 8 0 8 2950 3235 38366068 41432176 302313800.431433 300843112.510960 11981709214.000000 0.000000 0.000000
 19 9 0 9 1903 2352 29392284 35302664 310242563.751048 309053500.716808 11973849455.000000 0.000000 0.000000
 20 10 0 10 4720 4629 55078732 46338456 295773822.118584 293901947.000090 11989512936.000000 0.000000 0.000000
 21 11 0 11 2930 3235 38327404 41003944 326257838.161051 324793213.830940 11958355443.000000 0.000000 0.000000
 27 12 0 12 4700 4629 54136476 46046280 566536736.340225 564241691.822454 11718382659.000000 0.000000 0.000000
 28 13 0 13 2930 3235 38313300 40549072 406828103.756056 405008286.077625 11877783830.000000 0.000000 0.000000
 29 14 0 14 8427 7128 71138516 85903088 440150177.214063 436979714.861193 11846883924.000000 0.000000 0.000000
 30 15 0 15 4680 4629 53313908 45805056 363697631.593134 361596735.334455 11921413901.000000 0.000000 0.000000
 36 16 0 16 2930 3235 38327404 41003944 417675402.141452 416036079.387705 11866707041.000000 0.000000 0.000000
 37 17 0 17 4720 4629 55078732 46338456 487867657.058545 485576449.551895 11797599867.000000 0.000000 0.000000
 38 18 0 18 1903 2352 29392284 35302664 385920929.981498 384918941.202230 11898923060.000000 0.000000 0.000000
 39 19 0 19 2950 3235 38366068 41432176 547997279.879563 546641690.876856 11736984421.000000 0.000000 0.000000
 45 20 0 20 4680 4629 53313908 45805056 360311799.989450 357969446.564720 11925899426.000000 0.000000 0.000000
 46 21 0 21 8427 7128 71138516 85903088 414391443.745199 411337626.784330 11873529726.000000 0.000000 0.000000
 47 22 0 22 2930 3235 38313300 40549072 531430422.887973 529868459.028221 11754101231.000000 0.000000 0.000000
 48 23 0 23 4700 4629 54136476 46046280 322657730.892964 320542348.770897 11963121898.000000 0.000000 0.000000
 54 24 0 24 4720 4629 55078732 46338456 561361323.685403 559197810.886753 11724994642.000000 0.000000 0.000000
 55 25 0 25 2930 3235 38327404 41003944 370635041.273020 369091581.895184 11914459665.000000 0.000000 0.000000
 56 26 0 26 2950 3235 38366068 41432176 379929867.991387 378288588.008387 11905489663.000000 0.000000 0.000000
 57 27 0 27 1903 2352 29392284 35302664 361743525.025929 360767279.308733 11923120190.000000 0.000000 0.000000
 63 28 0 28 8427 7128 71138516 85903088 413987944.733152 410888156.951031 11873827863.000000 0.000000 0.000000
 64 29 0 29 4680 4629 53313908 45805056 335155306.449585 332699578.257683 11951144891.000000 0.000000 0.000000
 65 30 0 30 4700 4629 54136476 46046280 583597923.635689 581037871.111629 11702261594.000000 0.000000 0.000000
 66 31 0 31 2930 3235 38313300 40549072 771726408.471685 770200174.104944 11513916165.000000 0.000000 0.000000
 72 32 0 32 2929 3236 38313296 40549076 500121656.568518 506372430.709745 11779937793.000000 0.000000 0.000000
 73 33 0 33 4699 4630 54136472 46046284 535949282.204642 535830263.598862 11746645445.000000 0.000000 0.000000
 74 34 0 34 4679 4630 53313904 45805060 561957772.989102 569550067.332727 11713521762.000000 0.000000 0.000000
 75 35 0 35 8426 7129 71138512 85903092 469499924.224793 470844180.951571 11813081490.000000 0.000000 0.000000
 81 36 0 36 1902 2353 29392280 35302668 403538238.780324 403827431.367546 11879456402.000000 0.000000 0.000000
 82 37 0 37 2949 3236 38366064 41432180 376980844.888570 377271935.720282 11906240707.000000 0.000000 0.000000
 83 38 0 38 2929 3236 38327400 41003948 427298940.621971 430093605.599207 11853576574.000000 0.000000 0.000000
 84 39 0 39 4719 4630 55078728 46338460 467598935.234947 471480727.248318 11815421381.000000 0.000000 0.000000
 90 40 0 40 4699 4630 54136472 46046284 401440014.369326 406150985.731789 11876267870.000000 0.000000 0.000000
 91 41 0 41 2929 3236 38313296 40549076 421625560.776380 427952854.911909 11855287643.000000 0.000000 0.000000
 92 42 0 42 8426 7129 71138512 85903092 516800419.065473 516381535.971218 11766560158.000000 0.000000 0.000000
 93 43 0 43 4679 4630 53313904 45805060 634270431.936065 637284063.922085 11644978866.000000 0.000000 0.000000
 99 44 0 44 2949 3236 38366064 41432180 458374826.054485 460772326.680986 11824133362.000000 0.000000 0.000000
 100 45 0 45 1902 2353 29392280 35302668 457824760.566994 466012030.453388 11820235226.000000 0.000000 0.000000
 101 46 0 46 4719 4630 55078728 46338460 623508579.925279 627543871.788095 11655685158.000000 0.000000 0.000000
 102 47 0 47 2929 3236 38327400 41003948 427188592.751524 429239060.983940 11853653551.000000 0.000000 0.000000
 108 48 0 48 4679 4630 53313904 45805060 432962933.744155 433320647.625387 11848994781.000000 0.000000 0.000000
 109 49 0 49 8426 7129 71138512 85903092 500808534.250891 505509184.437992 11780512418.000000 0.000000 0.000000
 110 50 0 50 2929 3236 38313296 40549076 545961283.958731 549432173.254831 11732556359.000000 0.000000 0.000000
 111 51 0 51 4699 4630 54136472 46046284 451396175.898618 457961209.696049 11824669661.000000 0.000000 0.000000
 117 52 0 52 2929 3236 38327400 41003948 462117998.370706 469652270.994665 11812573081.000000 0.000000 0.000000
 118 53 0 53 4719 4630 55078728 46338460 492927690.971721 500542253.462574 11782050779.000000 0.000000 0.000000
 119 54 0 54 1902 2353 29392280 35302668 490982589.983629 493646057.884663 11788569173.000000 0.000000 0.000000
 120 55 0 55 2949 3236 38366064 41432180 520728146.548704 526597321.850672 11755581264.000000 0.000000 0.000000
 126 56 0 56 8426 7129 71138512 85903092 699378158.602351 698727259.788805 11582980100.000000 0.000000 0.000000
 127 57 0 57 4679 4630 53313904 45805060 447020082.722727 446019508.528801 11834786672.000000 0.000000 0.000000
 128 58 0 58 4699 4630 54136472 46046284 473995250.936566 475049680.466240 11805683939.000000 0.000000 0.000000
 129 59 0 59 2929 3236 38313296 40549076 486691725.361649 488010564.325188 11793235297.000000 0.000000 0.000000
 135 60 0 60 4719 4630 55078728 46338460 1118971541.406748 1120292595.780443 11158633219.000000 0.000000 0.000000
 136 61 0 61 2929 3236 38327400 41003948 1110832782.693223 1111337465.225468 11167427573.000000 0.000000 0.000000
 137 62 0 62 2949 3236 38366064 41432180 1057292862.727231 1059775677.866306 11218948916.000000 0.000000 0.000000
 138 63 0 63 1902 2353 29392280 35302668 1051325558.455914 1054809422.602171 11224078675.000000 0.000000 0.000000