# Format <LP id> <Terminal ID> <Total Data Size> <Aggregate packet latency> <# Flits/Packets finished> <Avg hops> <Busy Time>
 3 0 32064632 694.788123 84608 3.525919 0.000000
 4 1 38753880 670.964497 96717 3.189420 0.000000
 5 2 38747532 687.566547 96726 3.290642 0.000000
 10 3 32493596 750.115487 82011 3.739063 0.000000
 11 4 39178140 656.951593 100852 3.208868 0.000000
 12 5 33751788 720.186303 83649 3.481301 0.000000
 17 6 27933140 775.670605 73021 3.985954 0.000000
 18 7 39596272 571.349733 101494 2.717804 0.000000
 19 8 32916208 619.631165 82004 2.928144 0.000000
 24 9 32920828 604.259808 85442 2.963582 0.000000
 25 10 36667572 581.911164 93411 2.781060 0.000000
 26 11 32910660 617.763027 81989 2.927403 0.000000
 31 12 29573788 644.609961 76974 3.246638 0.000000
 32 13 40411528 726.432097 102403 3.583471 0.000000
 33 14 32504728 720.327800 80566 3.492422 0.000000
 38 15 32523708 704.293914 84033 3.513799 0.000000
 39 16 36259468 799.100912 91917 3.985584 0.000000
 40 17 32504832 722.678119 80543 3.491694 0.000000
 45 18 33341032 832.839308 86894 4.328452 0.000000
 46 19 36672956 578.439073 92954 2.759795 0.000000
 47 20 32502664 713.164242 80550 3.470538 0.000000
 52 21 32501036 699.355243 84014 3.490421 0.000000
 53 22 36248328 664.851473 91859 3.257787 0.000000
 54 23 32504220 713.332752 80568 3.468263 0.000000
 59 24 34582828 724.119783 89386 3.628789 0.000000
 60 25 32086876 623.278775 84683 3.144555 0.000000
 61 26 38747032 699.931164 96728 3.407469 0.000000
 66 27 38731736 577.850324 96707 2.708803 0.000000
 67 28 32491384 614.475122 82040 2.964432 0.000000
 68 29 39173636 566.078235 100853 2.701965 0.000000
 73 30 33754344 623.354126 83633 2.955595 0.000000
 74 31 27919224 644.552319 72990 3.203327 0.000000
 75 32 39597368 706.669789 101486 3.515009 0.000000
 80 33 32923868 852.789492 82101 4.268294 0.000000
 81 34 32925724 687.343765 85448 3.430159 0.000000
 82 35 36670540 873.146123 93358 4.448616 0.000000
 87 36 32918448 951.856638 82005 4.806465 0.000000
 88 37 29578180 954.622169 76880 5.009557 0.000000
 89 38 40403288 564.877068 102369 2.667453 0.000000
 94 39 32501204 753.896451 80568 3.702055 0.000000
 95 40 32497604 686.246841 84032 3.405392 0.000000
 96 41 36249024 684.913209 91890 3.378675 0.000000
 101 42 32504212 752.957411 80569 3.701394 0.000000
 102 43 33338416 672.262814 86940 3.373518 0.000000
 103 44 36664632 682.895794 92949 3.363902 0.000000
 108 45 32504460 753.470469 80609 3.704015 0.000000
 109 46 32512656 591.597013 84082 2.841775 0.000000
 110 47 36240660 599.184746 91839 2.863985 0.000000
 115 48 32489448 650.854839 80477 3.128391 0.000000
 116 49 34567788 575.308718 89328 2.792000 0.000000
 117 50 32073480 719.106289 84700 3.732438 0.000000
 122 51 38736336 796.170627 96743 3.942709 0.000000
 123 52 38740296 782.196355 96728 3.836368 0.000000
 124 53 32488240 727.526728 82008 3.597236 0.000000
 129 54 39180064 734.964870 100918 3.642951 0.000000
 130 55 33726884 717.192173 83569 3.441705 0.000000
 131 56 27921168 696.343202 72986 3.503419 0.000000
 136 57 39579236 569.371396 101487 2.680519 0.000000
 137 58 32905348 623.532139 81992 2.928607 0.000000
 138 59 32909292 688.280068 85428 3.421731 0.000000
 143 60 36652636 658.640654 93322 3.205791 0.000000
 144 61 32895816 717.934181 81978 3.475722 0.000000
 145 62 29578936 719.893770 76989 3.605514 0.000000
 150 63 40428396 645.952344 102409 3.106856 0.000000
 151 64 32503148 724.080267 80581 3.490190 0.000000
 152 65 32494276 695.055247 83974 3.437366 0.000000
 157 66 36263460 580.648509 91963 2.729583 0.000000
 158 67 32508192 628.516419 80579 2.938937 0.000000
 159 68 33336608 594.206263 86910 2.891135 0.000000
 164 69 36652080 687.754615 92881 3.333695 0.000000
 165 70 32505128 727.170146 80581 3.493253 0.000000
 166 71 32510492 788.812383 84009 3.974257 0.000000
 171 72 36243032 745.688395 91853 3.688587 0.000000
 172 73 32505740 819.077952 80573 4.018484 0.000000
 173 74 34588544 806.977596 89342 4.088559 0.000000
 178 75 32073304 596.248611 84725 2.958626 0.000000
 179 76 38745076 587.635659 96708 2.708418 0.000000
 180 77 38745084 603.736519 96674 2.810714 0.000000
 185 78 32498812 750.281812 81971 3.740981 0.000000
 186 79 39165496 659.926649 100800 3.207774 0.000000
 187 80 33745704 723.355676 83687 3.479124 0.000000
 192 81 27913272 776.901265 72964 3.987564 0.000000
 193 82 39598796 653.470332 101491 3.196994 0.000000
 194 83 32917712 719.714252 82034 3.515331 0.000000
 199 84 32923360 704.012801 85516 3.536945 0.000000
 200 85 36667220 581.053994 93268 2.781081 0.000000
 201 86 32905384 616.335442 82024 2.928346 0.000000
 206 87 29579992 646.961561 76940 3.246041 0.000000
 207 88 40416496 829.108695 102446 4.150211 0.000000
 208 89 32493152 820.227177 80473 4.046292 0.000000
 213 90 32496836 839.942134 83977 4.323144 0.000000
 214 91 36249616 670.388448 91856 3.280970 0.000000
 215 92 32503208 817.406117 80567 4.042726 0.000000
 220 93 33340156 804.354883 86877 4.127021 0.000000
 221 94 36649744 665.228851 92860 3.263063 0.000000
 222 95 32486248 717.812290 80548 3.489336 0.000000
 227 96 32505608 702.050401 83973 3.512814 0.000000
 228 97 36236440 668.382478 91869 3.279444 0.000000
 229 98 32472632 816.086769 80482 4.041825 0.000000
 234 99 34549172 842.157817 89249 4.313335 0.000000
 235 100 0 nan 0 nan 0.000000
 236 101 0 nan 0 nan 0.000000
 241 102 0 nan 0 nan 0.000000
 242 103 0 nan 0 nan 0.000000
 243 104 0 nan 0 nan 0.000000
 248 105 0 nan 0 nan 0.000000
 249 106 0 nan 0 nan 0.000000
 250 107 0 nan 0 nan 0.000000
 255 108 0 nan 0 nan 0.000000
 256 109 0 nan 0 nan 0.000000
 257 110 0 nan 0 nan 0.000000
 262 111 0 nan 0 nan 0.000000
 263 112 0 nan 0 nan 0.000000
 264 113 0 nan 0 nan 0.000000
 269 114 0 nan 0 nan 0.000000
 270 115 0 nan 0 nan 0.000000
 271 116 0 nan 0 nan 0.000000
 276 117 0 nan 0 nan 0.000000
 277 118 0 nan 0 nan 0.000000
 278 119 0 nan 0 nan 0.000000
 283 120 0 nan 0 nan 0.000000
 284 121 0 nan 0 nan 0.000000
 285 122 0 nan 0 nan 0.000000
 290 123 0 nan 0 nan 0.000000
 291 124 0 nan 0 nan 0.000000
 292 125 0 nan 0 nan 0.000000
 297 126 0 nan 0 nan 0.000000
 298 127 0 nan 0 nan 0.000000
 299 128 0 nan 0 nan 0.000000
 304 129 0 nan 0 nan 0.000000
 305 130 0 nan 0 nan 0.000000
 306 131 0 nan 0 nan 0.000000
 311 132 0 nan 0 nan 0.000000
 312 133 0 nan 0 nan 0.000000
 313 134 0 nan 0 nan 0.000000
 318 135 0 nan 0 nan 0.000000
 319 136 0 nan 0 nan 0.000000
 320 137 0 nan 0 nan 0.000000
 325 138 0 nan 0 nan 0.000000
 326 139 0 nan 0 nan 0.000000
 327 140 0 nan 0 nan 0.000000
 332 141 0 nan 0 nan 0.000000
 333 142 0 nan 0 nan 0.000000
 334 143 0 nan 0 nan 0.000000
 339 144 0 nan 0 nan 0.000000
 340 145 0 nan 0 nan 0.000000
 341 146 0 nan 0 nan 0.000000
 346 147 0 nan 0 nan 0.000000
 347 148 0 nan 0 nan 0.000000
 348 149 0 nan 0 nan 0.000000
 353 150 0 nan 0 nan 0.000000
 354 151 0 nan 0 nan 0.000000
 355 152 0 nan 0 nan 0.000000
 360 153 0 nan 0 nan 0.000000
 361 154 0 nan 0 nan 0.000000
 362 155 0 nan 0 nan 0.000000
 367 156 0 nan 0 nan 0.000000
 368 157 0 nan 0 nan 0.000000
 369 158 0 nan 0 nan 0.000000
 374 159 0 nan 0 nan 0.000000
 375 160 0 nan 0 nan 0.000000
 376 161 0 nan 0 nan 0.000000
 381 162 0 nan 0 nan 0.000000
 382 163 0 nan 0 nan 0.000000
 383 164 0 nan 0 nan 0.000000
 388 165 0 nan 0 nan 0.000000
 389 166 0 nan 0 nan 0.000000
 390 167 0 nan 0 nan 0.000000
 395 168 0 nan 0 nan 0.000000
 396 169 0 nan 0 nan 0.000000
 397 170 0 nan 0 nan 0.000000
 402 171 0 nan 0 nan 0.000000
 403 172 0 nan 0 nan 0.000000
 404 173 0 nan 0 nan 0.000000
 409 174 0 nan 0 nan 0.000000
 410 175 0 nan 0 nan 0.000000
 411 176 0 nan 0 nan 0.000000
 416 177 0 nan 0 nan 0.000000
 417 178 0 nan 0 nan 0.000000
 418 179 0 nan 0 nan 0.000000
 423 180 0 nan 0 nan 0.000000
 424 181 0 nan 0 nan 0.000000
 425 182 0 nan 0 nan 0.000000
 430 183 0 nan 0 nan 0.000000
 431 184 0 nan 0 nan 0.000000
 432 185 0 nan 0 nan 0.000000
 437 186 0 nan 0 nan 0.000000
 438 187 0 nan 0 nan 0.000000
 439 188 0 nan 0 nan 0.000000
 444 189 0 nan 0 nan 0.000000
 445 190 0 nan 0 nan 0.000000
 446 191 0 nan 0 nan 0.000000
 451 192 0 nan 0 nan 0.000000
 452 193 0 nan 0 nan 0.000000
 453 194 0 nan 0 nan 0.000000
 458 195 0 nan 0 nan 0.000000
 459 196 0 nan 0 nan 0.000000
 460 197 0 nan 0 nan 0.000000
 465 198 0 nan 0 nan 0.000000
 466 199 0 nan 0 nan 0.000000
 467 200 0 nan 0 nan 0.000000
 472 201 0 nan 0 nan 0.000000
 473 202 0 nan 0 nan 0.000000
 474 203 0 nan 0 nan 0.000000
 479 204 0 nan 0 nan 0.000000
 480 205 0 nan 0 nan 0.000000
 481 206 0 nan 0 nan 0.000000
 486 207 0 nan 0 nan 0.000000
 487 208 0 nan 0 nan 0.000000
 488 209 0 nan 0 nan 0.000000
 493 210 0 nan 0 nan 0.000000
 494 211 0 nan 0 nan 0.000000
 495 212 0 nan 0 nan 0.000000
 500 213 0 nan 0 nan 0.000000
 501 214 0 nan 0 nan 0.000000
 502 215 0 nan 0 nan 0.000000
 507 216 0 nan 0 nan 0.000000
 508 217 0 nan 0 nan 0.000000
 509 218 0 nan 0 nan 0.000000
 514 219 0 nan 0 nan 0.000000
 515 220 0 nan 0 nan 0.000000
 516 221 0 nan 0 nan 0.000000
 521 222 0 nan 0 nan 0.000000
 522 223 0 nan 0 nan 0.000000
 523 224 0 nan 0 nan 0.000000
 528 225 0 nan 0 nan 0.000000
 529 226 0 nan 0 nan 0.000000
 530 227 0 nan 0 nan 0.000000
 535 228 0 nan 0 nan 0.000000
 536 229 0 nan 0 nan 0.000000
 537 230 0 nan 0 nan 0.000000
 542 231 0 nan 0 nan 0.000000
 543 232 0 nan 0 nan 0.000000
 544 233 0 nan 0 nan 0.000000
 549 234 0 nan 0 nan 0.000000
 550 235 0 nan 0 nan 0.000000
 551 236 0 nan 0 nan 0.000000
 556 237 0 nan 0 nan 0.000000
 557 238 0 nan 0 nan 0.000000
 558 239 0 nan 0 nan 0.000000
 563 240 0 nan 0 nan 0.000000
 564 241 0 nan 0 nan 0.000000
 565 242 0 nan 0 nan 0.000000
 570 243 0 nan 0 nan 0.000000
 571 244 0 nan 0 nan 0.000000
 572 245 0 nan 0 nan 0.000000
 577 246 0 nan 0 nan 0.000000
 578 247 0 nan 0 nan 0.000000
 579 248 0 nan 0 nan 0.000000
 584 249 0 nan 0 nan 0.000000
 585 250 0 nan 0 nan 0.000000
 586 251 0 nan 0 nan 0.000000
 591 252 0 nan 0 nan 0.000000
 592 253 0 nan 0 nan 0.000000
 593 254 0 nan 0 nan 0.000000
 598 255 0 nan 0 nan 0.000000
 599 256 0 nan 0 nan 0.000000
 600 257 0 nan 0 nan 0.000000
 605 258 0 nan 0 nan 0.000000
 606 259 0 nan 0 nan 0.000000
 607 260 0 nan 0 nan 0.000000
 612 261 0 nan 0 nan 0.000000
 613 262 0 nan 0 nan 0.000000
 614 263 0 nan 0 nan 0.000000
 619 264 0 nan 0 nan 0.000000
 620 265 0 nan 0 nan 0.000000
 621 266 0 nan 0 nan 0.000000
 626 267 0 nan 0 nan 0.000000
 627 268 0 nan 0 nan 0.000000
 628 269 0 nan 0 nan 0.000000
 633 270 0 nan 0 nan 0.000000
 634 271 0 nan 0 nan 0.000000
 635 272 0 nan 0 nan 0.000000
 640 273 0 nan 0 nan 0.000000
 641 274 0 nan 0 nan 0.000000
 642 275 0 nan 0 nan 0.000000
 647 276 0 nan 0 nan 0.000000
 648 277 0 nan 0 nan 0.000000
 649 278 0 nan 0 nan 0.000000
 654 279 0 nan 0 nan 0.000000
 655 280 0 nan 0 nan 0.000000
 656 281 0 nan 0 nan 0.000000
 661 282 0 nan 0 nan 0.000000
 662 283 0 nan 0 nan 0.000000
 663 284 0 nan 0 nan 0.000000
 668 285 0 nan 0 nan 0.000000
 669 286 0 nan 0 nan 0.000000
 670 287 0 nan 0 nan 0.000000
 675 288 0 nan 0 nan 0.000000
 676 289 0 nan 0 nan 0.000000
 677 290 0 nan 0 nan 0.000000
 682 291 0 nan 0 nan 0.000000
 683 292 0 nan 0 nan 0.000000
 684 293 0 nan 0 nan 0.000000
 689 294 0 nan 0 nan 0.000000
 690 295 0 nan 0 nan 0.000000
 691 296 0 nan 0 nan 0.000000
 696 297 0 nan 0 nan 0.000000
 697 298 0 nan 0 nan 0.000000
 698 299 0 nan 0 nan 0.000000
 703 300 0 nan 0 nan 0.000000
 704 301 0 nan 0 nan 0.000000
 705 302 0 nan 0 nan 0.000000
 710 303 0 nan 0 nan 0.000000
 711 304 0 nan 0 nan 0.000000
 712 305 0 nan 0 nan 0.000000
 717 306 0 nan 0 nan 0.000000
 718 307 0 nan 0 nan 0.000000
 719 308 0 nan 0 nan 0.000000
 724 309 0 nan 0 nan 0.000000
 725 310 0 nan 0 nan 0.000000
 726 311 0 nan 0 nan 0.000000
 731 312 0 nan 0 nan 0.000000
 732 313 0 nan 0 nan 0.000000
 733 314 0 nan 0 nan 0.000000
 738 315 0 nan 0 nan 0.000000
 739 316 0 nan 0 nan 0.000000
 740 317 0 nan 0 nan 0.000000
 745 318 0 nan 0 nan 0.000000
 746 319 0 nan 0 nan 0.000000
 747 320 0 nan 0 nan 0.000000
 752 321 0 nan 0 nan 0.000000
 753 322 0 nan 0 nan 0.000000
 754 323 0 nan 0 nan 0.000000
 759 324 0 nan 0 nan 0.000000
 760 325 0 nan 0 nan 0.000000
 761 326 0 nan 0 nan 0.000000
 766 327 0 nan 0 nan 0.000000
 767 328 0 nan 0 nan 0.000000
 768 329 0 nan 0 nan 0.000000
 773 330 0 nan 0 nan 0.000000
 774 331 0 nan 0 nan 0.000000
 775 332 0 nan 0 nan 0.000000
 780 333 0 nan 0 nan 0.000000
 781 334 0 nan 0 nan 0.000000
 782 335 0 nan 0 nan 0.000000
 787 336 0 nan 0 nan 0.000000
 788 337 0 nan 0 nan 0.000000
 789 338 0 nan 0 nan 0.000000
 794 339 0 nan 0 nan 0.000000
 795 340 0 nan 0 nan 0.000000
 796 341 0 nan 0 nan 0.000000