# Format <LP ID> <Group ID> <Router ID> <Link traffic per router port(s)># Router ports in the order: 6 local channels, 3 global channels
 6 0 0 0 36512292 17578588 22875008 20517416 16672968 14573496 14572368 14528812
 13 0 1 36069152 0 37031060 20174952 18353032 16714660 24778292 14577544 14641728
 20 0 2 17293340 34756728 0 28722508 22095468 26265224 26789268 14618800 14663300
 27 0 3 24773768 21128804 28253996 0 34685160 20891896 29095940 14679356 14562448
 34 0 4 19098480 19195432 19137960 37022536 0 33833928 28004040 14634632 14686708
 41 0 5 16632436 16740716 26923060 21195684 32716712 0 22044292 14636008 14565836
 48 1 0 0 27838856 25311256 18822676 27685220 21639720 24685656 15549760 15536424
 55 1 1 27655108 0 27686132 23464568 14581340 18375580 15485928 15470124 15352308
 62 1 2 26101536 27968532 0 29244116 24091584 19404312 26800600 15366376 15445896
 69 1 3 18409632 23162988 28231872 0 29184272 32344144 27794176 15497464 15440196
 76 1 4 28061164 14782488 26136736 25256456 0 33158892 28165988 15374580 15477404
 83 1 5 21305488 17986588 19218368 34868132 31556888 0 25716252 15294940 15516016
 90 2 0 0 33775644 23946664 15808484 25996904 23152744 26984116 16181356 16254660
 97 2 1 33981832 0 30948868 26300032 21960312 18278496 26785068 16335220 16281376
 104 2 2 23616968 31530156 0 29754700 19100764 18442644 16224172 16179556 16255488
 111 2 3 16910424 26280888 28907820 0 33092224 28766216 25484592 16260308 16256600
 118 2 4 24643164 22272800 20648972 33727436 0 34734748 31219272 16227668 16220780
 125 2 5 23719824 17898452 17731072 28215884 35991388 0 25294668 16225624 16281212
 132 3 0 0 34343828 19765596 15730396 20595688 29414872 29067904 14591652 14551280
 139 3 1 31664604 0 36329832 18913480 24282780 14966184 27576980 14593796 14650856
 146 3 2 19998736 32333800 0 30384184 13623504 17571116 25535888 14649236 14721788
 153 3 3 16481252 19548588 26816708 0 29592892 16920896 14635816 14623580 14648800
 160 3 4 21158024 24883336 13783172 28003464 0 33438376 24986516 14530200 14613628
 167 3 5 30524816 14784616 17526480 16300640 33178440 0 23085448 14511904 14481836
 174 4 0 0 36837904 22475768 18555256 16621892 22909636 28052344 15899584 15732472
 181 4 1 36547636 0 38740804 19009628 21189884 19848652 28346792 15830396 15786408
 188 4 2 22405024 38315000 0 39211916 18783612 18477348 31076136 15901216 15854208
 195 4 3 18197996 18597316 36716992 0 25920992 26618572 25099984 15748808 15787048
 202 4 4 16526448 23093480 19774888 25590168 0 32399528 15883004 15627472 15823792
 209 4 5 23671540 18574968 19396084 23670508 34829264 0 21604352 15846232 15848024
 216 5 0 0 35644812 32550468 13632108 12154052 9942132 22025268 10258200 10356032
 223 5 1 36329524 0 34237984 19781496 11681608 8755464 25701724 10284260 10202156
 230 5 2 32607236 33925748 0 24424904 9566812 8807596 25388752 10293440 10228408
 237 5 3 13163308 20719676 24658224 0 8844464 3518616 22861604 10213572 10291032
 244 5 4 12078196 11761176 9399904 8950384 0 0 21624316 10249208 10360932
 251 5 5 9719512 8704028 8584400 3817236 0 0 10377416 10322160 10322916
 258 6 0 0 5347544 4020260 0 2296940 2907616 14630608 0 0
 265 6 1 5386240 0 4873092 2349188 2941288 0 15455100 0 0
 272 6 2 4035488 4895016 0 5302040 828844 1121140 16147688 0 0
 279 6 3 0 2309612 5202680 0 5312836 1769752 14618064 0 0
 286 6 4 2319996 2902968 919408 5199632 0 4554840 15850952 0 0
 293 6 5 2889172 0 1135984 1764268 4468976 0 10358492 0 0
 300 7 0 0 5356072 4047292 0 2307092 2870748 14681064 0 0
 307 7 1 5351528 0 4882776 2323620 2913064 0 15421552 0 0
 314 7 2 4065196 4885024 0 5382392 851428 1150984 16209656 0 0
 321 7 3 0 2290100 5227556 0 5333980 1744060 14644776 0 0
 328 7 4 2345536 2891764 893268 5209704 0 4494480 15894252 0 0
 335 7 5 2915260 0 1154388 1729592 4488872 0 10256648 0 0
 342 8 0 0 5358900 4031552 0 2342772 2880948 14599588 0 0
 349 8 1 5341820 0 4875316 2283304 2869300 0 15455812 0 0
 356 8 2 4036012 4855460 0 5292668 842804 1147436 16232772 0 0
 363 8 3 0 2329920 5280584 0 5290816 1751508 14558248 0 0
 370 8 4 2353944 2914360 912428 5208332 0 4515976 15859596 0 0
 377 8 5 2874412 0 1137328 1771380 4510236 0 10299424 0 0
 384 9 0 0 5324980 4090400 0 2324176 2937448 14492704 0 0
 391 9 1 5331208 0 4942352 2378980 2847184 0 15400516 0 0
 398 9 2 3999824 4867320 0 5352308 852540 1195980 16316040 0 0
 405 9 3 0 2326592 5232740 0 5329072 1734308 14684784 0 0
 412 9 4 2290264 2882184 902436 5231068 0 4436000 15828100 0 0
 419 9 5 2876160 0 1146660 1717172 4470648 0 10301168 0 0
 426 10 0 0 5391704 4050372 0 2275132 2919920 14614060 0 0
 433 10 1 5354504 0 4837256 2307128 2877592 0 15397240 0 0
 440 10 2 4064672 4866476 0 5309276 835448 1156152 16222640 0 0
 447 10 3 0 2279880 5243048 0 5268976 1735740 14479332 0 0
 454 10 4 2274696 2863748 909568 5124440 0 4461720 15678996 0 0
 461 10 5 2916928 0 1175376 1737312 4420144 0 10273960 0 0
 468 11 0 0 5330448 4061112 0 2353516 2890172 14425464 0 0
 475 11 1 5239472 0 4872704 2313188 2860608 0 15380392 0 0
 482 11 2 4010628 4835732 0 5384036 833648 1164776 16281172 0 0
 489 11 3 0 2311760 5251060 0 5243968 1703916 14657084 0 0
 496 11 4 2292700 2899860 916752 5199400 0 4542992 15781028 0 0
 503 11 5 2884180 0 1183040 1759508 4490848 0 10299332 0 0
 510 12 0 0 5321676 4022304 0 2300756 2886224 14693940 0 0
 517 12 1 5395456 0 4925268 2317832 2901788 0 15337572 0 0
 524 12 2 4123000 4890084 0 5266220 833444 1144724 16299900 0 0
 531 12 3 0 2303332 5277020 0 5249944 1719132 14549220 0 0
 538 12 4 2288992 2818280 896532 5225936 0 4498964 15846192 0 0
 545 12 5 2880656 0 1179280 1738168 4557816 0 10253608 0 0
 552 13 0 0 5335884 4054040 0 2342108 2907464 14613992 0 0
 559 13 1 5382684 0 4802172 2300452 2861260 0 15490660 0 0
 566 13 2 4037076 4897036 0 5353972 837360 1150936 16110620 0 0
 573 13 3 0 2354444 5219076 0 5318720 1760516 14630652 0 0
 580 13 4 2302788 2901760 885364 5258352 0 4441408 15811552 0 0
 587 13 5 2886152 0 1143508 1721320 4454268 0 10264564 0 0
 594 14 0 0 5421096 4036500 0 2315852 2894496 14680384 0 0
 601 14 1 5348880 0 4911224 2285456 2901264 0 15585812 0 0
 608 14 2 4061548 4902192 0 5318596 845972 1131804 16308024 0 0
 615 14 3 0 2338456 5334428 0 5311232 1739512 14550160 0 0
 622 14 4 2361328 2930204 875560 5211068 0 4475768 15811660 0 0
 629 14 5 2912924 0 1145536 1732728 4437572 0 10239024 0 0
 636 15 0 0 5322236 4070036 0 2299812 2866572 14524964 0 0
 643 15 1 5331852 0 4900144 2312712 2896952 0 15435364 0 0
 650 15 2 4043064 4863748 0 5341420 834676 1180484 16324116 0 0
 657 15 3 0 2356156 5287428 0 5258300 1746620 14592848 0 0
 664 15 4 2303152 2899336 916096 5178724 0 4479420 15817548 0 0
 671 15 5 2849688 0 1149604 1761252 4532368 0 10274100 0 0
 678 16 0 0 5420464 4068828 0 2324416 2869848 14613176 0 0
 685 16 1 5338344 0 4898504 2318844 2931084 0 15564604 0 0
 692 16 2 4022100 4926328 0 5290548 832652 1157000 16260556 0 0
 699 16 3 0 2333196 5265596 0 5256132 1748188 14558444 0 0
 706 16 4 2315716 2882624 870428 5217272 0 4537312 15869908 0 0
 713 16 5 2938180 0 1163372 1737872 4520360 0 10320844 0 0
 720 17 0 0 5312624 4059168 0 2280152 2914620 14623956 0 0
 727 17 1 5369160 0 4944020 2313868 2890968 0 15457476 0 0
 734 17 2 4074556 4940772 0 5259804 839424 1165468 16290028 0 0
 741 17 3 0 2313876 5190164 0 5270576 1706160 14573284 0 0
 748 17 4 2294036 2893876 920928 5241100 0 4494512 15784736 0 0
 755 17 5 2887052 0 1175984 1762008 4499004 0 10276820 0 0
 762 18 0 0 5286916 4077032 0 2330280 2878008 14657600 0 0
 769 18 1 5329984 0 4922956 2332016 2900968 0 15418644 0 0
 776 18 2 4055600 4880844 0 5353404 816344 1110340 16376380 0 0
 783 18 3 0 2336784 5281604 0 5272352 1743760 14632132 0 0
 790 18 4 2315040 2911532 905932 5229380 0 4511440 15850976 0 0
 797 18 5 2950320 0 1185776 1713616 4523280 0 10244296 0 0