# Format <LP ID> <Terminal ID> <Job ID> <Local Rank> <Total sends> <Total Recvs> <Bytes sent> <Bytes recvd> <Send time> <Comm. time> <Compute time> <Avg msg time> <Max Msg Time>
 0 0 0 0 28000 28000 32064632 32064632 129522835.033308 139939254.915291 221281641.000000 0.000000 0.000000
 1 1 0 1 28000 28000 38753880 38753880 134149354.432482 148523403.269173 212697416.000000 0.000000 0.000000
 2 2 0 2 28000 28000 38747532 38747532 134454201.574945 143424257.347112 217796347.000000 0.000000 0.000000
 7 3 0 3 28000 24000 32501596 32493596 129872903.325623 158806747.383196 202414089.000000 0.000000 0.000000
 8 4 0 4 28000 32000 39170140 39178140 134827950.254110 138109553.725599 223112292.000000 0.000000 0.000000
 9 5 0 5 28000 24000 33759788 33751788 130864383.481284 154093697.186961 207128263.000000 0.000000 0.000000
 14 6 0 6 24000 24000 27933140 27933140 111776715.820923 176038966.030473 185164753.000000 0.000000 0.000000
 15 7 0 7 28000 32000 39588272 39596272 133941525.829506 138639896.886163 222578617.000000 0.000000 0.000000
 16 8 0 8 28000 24000 32924208 32916208 129082565.644601 154475681.466516 206742940.000000 0.000000 0.000000
 21 9 0 9 24000 28000 32912828 32920828 114257851.932442 167225041.405138 193975712.000000 0.000000 0.000000
 22 10 0 10 28000 28000 36667572 36667572 131469723.097822 146542827.358576 214673135.000000 0.000000 0.000000
 23 11 0 11 28000 24000 32918660 32910660 129053996.963883 154021778.392063 207194322.000000 0.000000 0.000000
 28 12 0 12 24000 24000 29573788 29573788 111810874.281922 154027387.868354 207171666.000000 0.000000 0.000000
 29 13 0 13 28000 32000 40403528 40411528 136800818.575725 118754008.259095 242476255.000000 0.000000 0.000000
 30 14 0 14 28000 24000 32512728 32504728 129851738.013140 129138168.204161 232092238.000000 0.000000 0.000000
 35 15 0 15 24000 28000 32515708 32523708 115139556.119087 145540045.124822 215673868.000000 0.000000 0.000000
 36 16 0 16 28000 28000 36259468 36259468 133442725.401931 127227244.810403 233999395.000000 0.000000 0.000000
 37 17 0 17 28000 24000 32512832 32504832 131028448.800619 132789206.340709 228437534.000000 0.000000 0.000000
 42 18 0 18 24000 28000 33333032 33341032 116887285.065645 146840003.768595 214370975.000000 0.000000 0.000000
 43 19 0 19 28000 28000 36672956 36672956 131435387.426654 128758736.118561 232472337.000000 0.000000 0.000000
 44 20 0 20 28000 24000 32510664 32502664 129813604.058191 132901573.153583 228329607.000000 0.000000 0.000000
 49 21 0 21 24000 28000 32493036 32501036 115109195.113218 144876874.835314 216339161.000000 0.000000 0.000000
 50 22 0 22 28000 28000 36248328 36248328 132244035.939332 128894588.875173 232327608.000000 0.000000 0.000000
 51 23 0 23 28000 24000 32512220 32504220 129821852.097317 133508126.726413 227714205.000000 0.000000 0.000000
 56 24 0 24 24000 28000 34574828 34582828 116633169.990179 150625991.067788 210581177.000000 0.000000 0.000000
 57 25 0 25 28000 28000 32086876 32086876 129194664.946264 152232405.331324 208992324.000000 0.000000 0.000000
 58 26 0 26 28000 28000 38747032 38747032 134368266.976982 143420372.889205 217804276.000000 0.000000 0.000000
 63 27 0 27 28000 28000 38731736 38731736 132932419.874893 143719647.640883 217504609.000000 0.000000 0.000000
 64 28 0 28 28000 24000 32499384 32491384 128384150.517588 156189613.221905 205034763.000000 0.000000 0.000000
 65 29 0 29 28000 32000 39165636 39173636 133572701.946506 137388944.263696 223833299.000000 0.000000 0.000000
 70 30 0 30 28000 24000 33762344 33754344 129307964.245916 153019315.991118 208203034.000000 0.000000 0.000000
 71 31 0 31 24000 24000 27919224 27919224 110635292.668090 174874087.834380 186331504.000000 0.000000 0.000000
 72 32 0 32 28000 32000 39589368 39597368 136175553.078132 138107426.132674 223121860.000000 0.000000 0.000000
 77 33 0 33 28000 24000 32931868 32923868 131373055.081296 154717062.333721 206512422.000000 0.000000 0.000000
 78 34 0 34 24000 28000 32917724 32925724 115435796.867984 165871361.223444 195339573.000000 0.000000 0.000000
 79 35 0 35 28000 28000 36670540 36670540 135211062.334436 146705988.729834 214527185.000000 0.000000 0.000000
 84 36 0 36 28000 24000 32926448 32918448 132126935.834640 125429415.165505 235803630.000000 0.000000 0.000000
 85 37 0 37 24000 24000 29578180 29578180 115248060.431392 149980954.888427 211233941.000000 0.000000 0.000000
 86 38 0 38 28000 32000 40395288 40403288 134443661.802971 108857556.064807 252373566.000000 0.000000 0.000000
 91 39 0 39 28000 24000 32509204 32501204 129822884.689564 126913299.341069 234318056.000000 0.000000 0.000000
 92 40 0 40 24000 28000 32489604 32497604 115118992.696166 139297371.147658 221916890.000000 0.000000 0.000000
 93 41 0 41 28000 28000 36249024 36249024 132567263.874419 121456874.114570 239774973.000000 0.000000 0.000000
 98 42 0 42 28000 24000 32512212 32504212 129829457.036590 127508401.545016 233723661.000000 0.000000 0.000000
 99 43 0 43 24000 28000 33330416 33338416 115711673.124313 139871188.155811 221345589.000000 0.000000 0.000000
 100 44 0 44 28000 28000 36664632 36664632 132853172.851580 121262960.069962 239964819.000000 0.000000 0.000000
 105 45 0 45 28000 24000 32512460 32504460 129831245.167186 126884662.323284 234343357.000000 0.000000 0.000000
 106 46 0 46 24000 28000 32504656 32512656 114017928.934742 136770139.422130 224442540.000000 0.000000 0.000000
 107 47 0 47 28000 28000 36240660 36240660 131450794.559015 121245682.066058 239979491.000000 0.000000 0.000000
 112 48 0 48 28000 24000 32497448 32489448 128654647.562105 140924896.384060 220300506.000000 0.000000 0.000000
 113 49 0 49 24000 28000 34559788 34567788 115457495.185096 163593477.179819 197616771.000000 0.000000 0.000000
 114 50 0 50 28000 28000 32073480 32073480 130633067.474863 150724927.023387 210498245.000000 0.000000 0.000000
 119 51 0 51 28000 28000 38736336 38736336 135496791.742272 142667997.681114 218555148.000000 0.000000 0.000000
 120 52 0 52 28000 28000 38740296 38740296 135276294.790417 141316742.242121 219905173.000000 0.000000 0.000000
 121 53 0 53 28000 24000 32496240 32488240 131034208.384780 154834030.331687 206387759.000000 0.000000 0.000000
 126 54 0 54 28000 32000 39172064 39180064 134498883.109182 135409196.566645 225812989.000000 0.000000 0.000000
 127 55 0 55 28000 24000 33734884 33726884 130519686.688876 151143039.404080 210079277.000000 0.000000 0.000000
 128 56 0 56 24000 24000 27921168 27921168 111770289.871558 172615525.838996 188587885.000000 0.000000 0.000000
 133 57 0 57 28000 32000 39571236 39579236 133716045.967907 136658491.559952 224567343.000000 0.000000 0.000000
 134 58 0 58 28000 24000 32913348 32905348 128865619.265429 152312458.344953 208913513.000000 0.000000 0.000000
 135 59 0 59 24000 28000 32901292 32909292 115479743.313354 163744448.361793 197464719.000000 0.000000 0.000000
 140 60 0 60 28000 28000 36652636 36652636 132622626.720960 112158496.809246 249068822.000000 0.000000 0.000000
 141 61 0 61 28000 24000 32903816 32895816 129900064.219876 123007308.003002 238220139.000000 0.000000 0.000000
 142 62 0 62 24000 24000 29578936 29578936 113003696.924680 141370486.969182 219840684.000000 0.000000 0.000000
 147 63 0 63 28000 32000 40420396 40428396 135369199.807260 107612825.092182 253610329.000000 0.000000 0.000000
 148 64 0 64 28000 24000 32511148 32503148 129596500.047205 122246027.780243 238977243.000000 0.000000 0.000000
 149 65 0 65 24000 28000 32486276 32494276 115143867.012031 133977527.424621 227230596.000000 0.000000 0.000000
 154 66 0 66 28000 28000 36263460 36263460 131263375.120552 117970603.427718 243258798.000000 0.000000 0.000000
 155 67 0 67 28000 24000 32516192 32508192 128560068.872583 122367790.723599 238861752.000000 0.000000 0.000000
 156 68 0 68 24000 28000 33328608 33336608 114668146.182109 134791928.308612 226422680.000000 0.000000 0.000000
 161 69 0 69 28000 28000 36652080 36652080 132646624.139992 117684770.390091 243539895.000000 0.000000 0.000000
 162 70 0 70 28000 24000 32513128 32505128 129627177.190901 121681142.880422 239543657.000000 0.000000 0.000000
 163 71 0 71 24000 28000 32502492 32510492 116328976.649638 131439706.055641 229770034.000000 0.000000 0.000000
 168 72 0 72 28000 28000 36243032 36243032 133441897.721575 132064591.178300 229163078.000000 0.000000 0.000000
 169 73 0 73 28000 24000 32513740 32505740 130729808.732725 152730382.927292 208497423.000000 0.000000 0.000000
 170 74 0 74 24000 28000 34580544 34588544 117796544.731261 160476244.498373 200734882.000000 0.000000 0.000000
 175 75 0 75 28000 28000 32073304 32073304 128397589.965694 148452693.629815 212769334.000000 0.000000 0.000000
 176 76 0 76 28000 28000 38745076 38745076 133056774.212613 140952669.094044 220269253.000000 0.000000 0.000000
 177 77 0 77 28000 28000 38745084 38745084 133353487.901115 140490191.654723 220731289.000000 0.000000 0.000000
 182 78 0 78 28000 24000 32506812 32498812 129867449.003901 154067505.315257 207154213.000000 0.000000 0.000000
 183 79 0 79 28000 32000 39157496 39165496 134803739.890818 135712874.729275 225512260.000000 0.000000 0.000000
 184 80 0 80 28000 24000 33753704 33745704 130856925.564203 151057034.835718 210168233.000000 0.000000 0.000000
 189 81 0 81 24000 24000 27913272 27913272 111759010.332927 172255165.689889 188949207.000000 0.000000 0.000000
 190 82 0 82 28000 32000 39590796 39598796 135053567.603760 138065689.912838 223159730.000000 0.000000 0.000000
 191 83 0 83 28000 24000 32925712 32917712 130194842.276451 152991797.931989 208233754.000000 0.000000 0.000000
 196 84 0 84 24000 28000 32915360 32923360 115399903.344489 138212708.915582 222996887.000000 0.000000 0.000000
 197 85 0 85 28000 28000 36667220 36667220 131469601.392753 121286139.769268 239942113.000000 0.000000 0.000000
 198 86 0 86 28000 24000 32913384 32905384 129044039.038980 128609375.156206 232618993.000000 0.000000 0.000000
 203 87 0 87 24000 24000 29579992 29579992 111828405.265550 150611366.957318 210598094.000000 0.000000 0.000000
 204 88 0 88 28000 32000 40408496 40416496 137915523.744421 114542932.155840 246685767.000000 0.000000 0.000000
 205 89 0 89 28000 24000 32501152 32493152 132124625.320594 128992123.034951 232236686.000000 0.000000 0.000000
 210 90 0 90 24000 28000 32488836 32496836 116253982.613678 142996320.365167 218214517.000000 0.000000 0.000000
 211 91 0 91 28000 28000 36249616 36249616 132265465.442294 123409889.710485 237821715.000000 0.000000 0.000000
 212 92 0 92 28000 24000 32511208 32503208 130991523.668554 129737970.552183 231493775.000000 0.000000 0.000000
 217 93 0 93 24000 28000 33332156 33340156 116863904.517602 143802490.183538 217412151.000000 0.000000 0.000000
 218 94 0 94 28000 28000 36649744 36649744 132566988.723646 122296047.617698 238929658.000000 0.000000 0.000000
 219 95 0 95 28000 24000 32494248 32486248 129819769.422131 129008987.731302 232216835.000000 0.000000 0.000000
 224 96 0 96 24000 28000 32497608 32505608 115128329.722084 202150312.447565 159058924.000000 0.000000 0.000000
 225 97 0 97 28000 28000 36236440 36236440 132252604.512588 205509255.930143 155710913.000000 0.000000 0.000000
 226 98 0 98 28000 24000 32480632 32472632 130963383.502446 209633407.941147 151586885.000000 0.000000 0.000000
 231 99 0 99 24000 28000 34541172 34549172 118037847.189867 213365272.422800 147840461.000000 0.000000 0.000000