# Format <LP ID> <Terminal ID> <Job ID> <Local Rank> <Total sends> <Total Recvs> <Bytes sent> <Bytes recvd> <Send time> <Comm. time> <Compute time> <Avg msg time> <Max Msg Time>
 0 0 0 0 28000 28000 32064632 32064632 127512207.028441 139893923.612098 221281641.000000 0.000000 0.000000
 1 1 0 1 28000 28000 38753880 38753880 132736900.714877 148478073.182171 212697416.000000 0.000000 0.000000
 2 2 0 2 28000 28000 38747532 38747532 132843315.743654 143378924.576700 217796347.000000 0.000000 0.000000
 3 3 0 3 28000 24000 32501596 32493596 127942681.316474 158761315.080999 202414089.000000 0.000000 0.000000
 9 4 0 4 28000 32000 39170140 39178140 134440222.558890 138064068.387768 223112292.000000 0.000000 0.000000
 10 5 0 5 28000 24000 33759788 33751788 130163061.266086 154048211.772097 207128263.000000 0.000000 0.000000
 11 6 0 6 24000 24000 27933140 27933140 109656427.421087 175993582.545937 185164753.000000 0.000000 0.000000
 12 7 0 7 28000 32000 39588272 39596272 135758810.114061 138594565.665579 222578617.000000 0.000000 0.000000
 18 8 0 8 28000 24000 32924208 32916208 130570648.439233 154430448.347586 206742940.000000 0.000000 0.000000
 19 9 0 9 24000 28000 32912828 32920828 113585027.445057 167179707.558176 193975712.000000 0.000000 0.000000
 20 10 0 10 28000 28000 36667572 36667572 133428461.036629 146497432.520570 214673135.000000 0.000000 0.000000
 21 11 0 11 28000 24000 32918660 32910660 130765335.269234 153976382.315378 207194322.000000 0.000000 0.000000
 27 12 0 12 24000 24000 29573788 29573788 111261643.484064 153981955.342906 207171666.000000 0.000000 0.000000
 28 13 0 13 28000 32000 40403528 40411528 136489060.444011 118708107.232151 242476255.000000 0.000000 0.000000
 29 14 0 14 28000 24000 32512728 32504728 130497197.407645 129092265.902174 232092238.000000 0.000000 0.000000
 30 15 0 15 24000 28000 32515708 32523708 113229555.262748 145494265.560605 215673868.000000 0.000000 0.000000
 36 16 0 16 28000 28000 36259468 36259468 133318602.574326 127180611.328633 233999395.000000 0.000000 0.000000
 37 17 0 17 28000 24000 32512832 32504832 130600947.867956 132742576.408619 228437534.000000 0.000000 0.000000
 38 18 0 18 24000 28000 33333032 33341032 112984397.955613 146793862.455696 214370975.000000 0.000000 0.000000
 39 19 0 19 28000 28000 36672956 36672956 132284653.796950 128713247.654246 232472337.000000 0.000000 0.000000
 45 20 0 20 28000 24000 32510664 32502664 129082084.946546 132856180.342655 228329607.000000 0.000000 0.000000
 46 21 0 21 24000 28000 32493036 32501036 113818965.640266 144831384.690529 216339161.000000 0.000000 0.000000
 47 22 0 22 28000 28000 36248328 36248328 131827998.199466 128849101.140697 232327608.000000 0.000000 0.000000
 48 23 0 23 28000 24000 32512220 32504220 129116886.297911 133462639.248602 227714205.000000 0.000000 0.000000
 54 24 0 24 24000 28000 34574828 34582828 115196349.578809 150580503.058483 210581177.000000 0.000000 0.000000
 55 25 0 25 28000 28000 32086876 32086876 129482025.367713 152187245.643272 208992324.000000 0.000000 0.000000
 56 26 0 26 28000 28000 38747032 38747032 135379267.286085 143375211.757399 217804276.000000 0.000000 0.000000
 57 27 0 27 28000 28000 38731736 38731736 134682068.859561 143674453.737365 217504609.000000 0.000000 0.000000
 63 28 0 28 28000 24000 32499384 32491384 129939447.875954 156144518.859184 205034763.000000 0.000000 0.000000
 64 29 0 29 28000 32000 39165636 39173636 135576220.557377 137343540.350115 223833299.000000 0.000000 0.000000
 65 30 0 30 28000 24000 33762344 33754344 131641783.961496 152973941.503783 208203034.000000 0.000000 0.000000
 66 31 0 31 24000 24000 27919224 27919224 111477509.354964 174828915.416761 186331504.000000 0.000000 0.000000
 72 32 0 32 28000 32000 39589368 39597368 134436200.395287 138061645.143404 223121860.000000 0.000000 0.000000
 73 33 0 33 28000 24000 32931868 32923868 129591485.996459 154671184.232272 206512422.000000 0.000000 0.000000
 74 34 0 34 24000 28000 32917724 32925724 113701183.298525 165825634.730896 195339573.000000 0.000000 0.000000
 75 35 0 35 28000 28000 36670540 36670540 132387774.620037 146659676.139008 214527185.000000 0.000000 0.000000
 81 36 0 36 28000 24000 32926448 32918448 128954183.842281 125383285.684243 235803630.000000 0.000000 0.000000
 82 37 0 37 24000 24000 29578180 29578180 111493980.103583 149935615.866566 211233941.000000 0.000000 0.000000
 83 38 0 38 28000 32000 40395288 40403288 133635030.915918 108812431.727391 252373566.000000 0.000000 0.000000
 84 39 0 39 28000 24000 32509204 32501204 128165109.984295 126868084.053587 234318056.000000 0.000000 0.000000
 90 40 0 40 24000 28000 32489604 32497604 112853785.446039 139252248.599325 221916890.000000 0.000000 0.000000
 91 41 0 41 28000 28000 36249024 36249024 130503391.381404 121411656.437665 239774973.000000 0.000000 0.000000
 92 42 0 42 28000 24000 32512212 32504212 127794946.363751 127463086.678727 233723661.000000 0.000000 0.000000
 93 43 0 43 24000 28000 33330416 33338416 114621002.987912 139826066.903514 221345589.000000 0.000000 0.000000
 99 44 0 44 28000 28000 36664632 36664632 131651209.891882 121216874.146458 239964819.000000 0.000000 0.000000
 100 45 0 45 28000 24000 32512460 32504460 128620489.521012 126838478.877723 234343357.000000 0.000000 0.000000
 101 46 0 46 24000 28000 32504656 32512656 113970719.972325 136724150.569982 224442540.000000 0.000000 0.000000
 102 47 0 47 28000 28000 36240660 36240660 131748832.412278 121199672.815932 239979491.000000 0.000000 0.000000
 108 48 0 48 28000 24000 32497448 32489448 128566534.139044 140878897.825261 220300506.000000 0.000000 0.000000
 109 49 0 49 24000 28000 34559788 34567788 115505221.356864 163547467.758675 197616771.000000 0.000000 0.000000
 110 50 0 50 28000 28000 32073480 32073480 127493975.269709 150679685.332725 210498245.000000 0.000000 0.000000
 111 51 0 51 28000 28000 38736336 38736336 132443761.898228 142622705.366153 218555148.000000 0.000000 0.000000
 117 52 0 52 28000 28000 38740296 38740296 132598886.714717 141271484.344418 219905173.000000 0.000000 0.000000
 118 53 0 53 28000 24000 32496240 32488240 127704627.491731 154788790.440981 206387759.000000 0.000000 0.000000
 119 54 0 54 28000 32000 39172064 39180064 132959648.195502 135364655.928003 225812989.000000 0.000000 0.000000
 120 55 0 55 28000 24000 33734884 33726884 129279762.208314 151098498.770530 210079277.000000 0.000000 0.000000
 126 56 0 56 24000 24000 27921168 27921168 110056937.415938 172570888.177052 188587885.000000 0.000000 0.000000
 127 57 0 57 28000 32000 39571236 39579236 133689423.248501 136613419.639565 224567343.000000 0.000000 0.000000
 128 58 0 58 28000 24000 32913348 32905348 128838427.171065 152267391.101505 208913513.000000 0.000000 0.000000
 129 59 0 59 24000 28000 32901292 32909292 114084571.458626 163699375.812980 197464719.000000 0.000000 0.000000
 135 60 0 60 28000 28000 36652636 36652636 131231393.473549 112113075.914806 249068822.000000 0.000000 0.000000
 136 61 0 61 28000 24000 32903816 32895816 127305784.527504 122961887.133913 238220139.000000 0.000000 0.000000
 137 62 0 62 24000 24000 29578936 29578936 110116184.196855 141325065.580783 219840684.000000 0.000000 0.000000
 138 63 0 63 28000 32000 40420396 40428396 135810417.296339 107568203.342125 253610329.000000 0.000000 0.000000
 144 64 0 64 28000 24000 32511148 32503148 128793098.668915 122201779.618059 238977243.000000 0.000000 0.000000
 145 65 0 65 24000 28000 32486276 32494276 114246692.262352 133932549.709956 227230596.000000 0.000000 0.000000
 146 66 0 66 28000 28000 36263460 36263460 131149304.110407 117925813.844209 243258798.000000 0.000000 0.000000
 147 67 0 67 28000 24000 32516192 32508192 128380516.521736 122323002.206594 238861752.000000 0.000000 0.000000
 153 68 0 68 24000 28000 33328608 33336608 114473247.068337 134746952.095155 226422680.000000 0.000000 0.000000
 154 69 0 69 28000 28000 36652080 36652080 132746713.524001 117639341.806669 243539895.000000 0.000000 0.000000
 155 70 0 70 28000 24000 32513128 32505128 130129857.122177 121635714.067692 239543657.000000 0.000000 0.000000
 156 71 0 71 24000 28000 32502492 32510492 114358108.647349 131394279.273653 229770034.000000 0.000000 0.000000
 162 72 0 72 28000 28000 36243032 36243032 133112473.847526 132018679.679502 229163078.000000 0.000000 0.000000
 163 73 0 73 28000 24000 32513740 32505740 130191589.698815 152684477.939823 208497423.000000 0.000000 0.000000
 164 74 0 74 24000 28000 34580544 34588544 116359515.929038 160430339.119425 200734882.000000 0.000000 0.000000
 165 75 0 75 28000 28000 32073304 32073304 128891722.173507 148407115.811687 212769334.000000 0.000000 0.000000
 171 76 0 76 28000 28000 38745076 38745076 134546565.657343 140907110.606798 220269253.000000 0.000000 0.000000
 172 77 0 77 28000 28000 38745084 38745084 133953844.868923 140444527.053580 220731289.000000 0.000000 0.000000
 173 78 0 78 28000 24000 32506812 32498812 128692826.957316 154021744.641619 207154213.000000 0.000000 0.000000
 174 79 0 79 28000 32000 39157496 39165496 134166375.131553 135667314.819307 225512260.000000 0.000000 0.000000
 180 80 0 80 28000 24000 33753704 33745704 129870002.980650 151011570.511708 210168233.000000 0.000000 0.000000
 181 81 0 81 24000 24000 27913272 27913272 109211533.009401 172209573.813358 188949207.000000 0.000000 0.000000
 182 82 0 82 28000 32000 39590796 39598796 134443094.150212 138020585.943120 223159730.000000 0.000000 0.000000
 183 83 0 83 28000 24000 32925712 32917712 129965756.734500 152946694.276874 208233754.000000 0.000000 0.000000
 189 84 0 84 24000 28000 32915360 32923360 112989964.699718 138167646.407297 222996887.000000 0.000000 0.000000
 190 85 0 85 28000 28000 36667220 36667220 132056419.749467 121240413.810849 239942113.000000 0.000000 0.000000
 191 86 0 86 28000 24000 32913384 32905384 130765044.472868 128563649.368638 232618993.000000 0.000000 0.000000
 192 87 0 87 24000 24000 29579992 29579992 111374658.548006 150565736.372747 210598094.000000 0.000000 0.000000
 198 88 0 88 28000 32000 40408496 40416496 136754039.581797 114497238.516515 246685767.000000 0.000000 0.000000
 199 89 0 89 28000 24000 32501152 32493152 130961790.618547 128946434.912612 232236686.000000 0.000000 0.000000
 200 90 0 90 24000 28000 32488836 32496836 113680124.861758 142951155.295457 218214517.000000 0.000000 0.000000
 201 91 0 91 28000 28000 36249616 36249616 133873180.078898 123364818.673141 237821715.000000 0.000000 0.000000
 207 92 0 92 28000 24000 32511208 32503208 130439676.881995 129692982.970027 231493775.000000 0.000000 0.000000
 208 93 0 93 24000 28000 33332156 33340156 114168850.403641 143757423.059561 217412151.000000 0.000000 0.000000
 209 94 0 94 28000 28000 36649744 36649744 133907961.508167 122251064.788419 238929658.000000 0.000000 0.000000
 210 95 0 95 28000 24000 32494248 32486248 130887786.567004 128964030.437984 232216835.000000 0.000000 0.000000
 216 96 0 96 24000 28000 32497608 32505608 115239527.339754 202105559.274055 159058924.000000 0.000000 0.000000
 217 97 0 97 28000 28000 36236440 36236440 131285183.369661 205464413.420046 155710913.000000 0.000000 0.000000
 218 98 0 98 28000 24000 32480632 32472632 129552578.087337 209588566.809943 151586885.000000 0.000000 0.000000
 219 99 0 99 24000 28000 34541172 34549172 116814690.679168 213320522.987804 147840461.000000 0.000000 0.000000