# Format <LP ID> <Rail ID> <Level ID> <Switch ID> <Busy time per switch port(s)># Switch ports: 8

 58 0 0 0 40560.581251 14387.078156 771099.691113 99490.814863 0.000000 0.000000 0.000000 0.000000
 59 0 1 32 0.000000 0.000000 0.000000 0.000000 0.000000 0.000000 0.000000 0.000000
 60 0 2 64 0.000000 0.000000 0.000000 0.000000 0.000000 0.000000 0.000000 0.000000
 119 0 0 1 0.000000 0.000000 0.000000 0.000000 0.000000 0.000000 0.000000 0.000000
 120 0 1 33 0.000000 0.000000 0.000000 0.000000 0.000000 0.000000 0.000000 0.000000
 121 0 2 65 0.000000 0.000000 0.000000 0.000000 0.000000 0.000000 0.000000 0.000000
 180 0 0 2 0.000000 0.000000 0.000000 0.000000 0.000000 0.000000 0.000000 0.000000
 181 0 1 34 0.000000 0.000000 0.000000 0.000000 0.000000 0.000000 0.000000 0.000000
 182 0 2 66 0.000000 0.000000 0.000000 0.000000 0.000000 0.000000 0.000000 0.000000
 241 0 0 3 0.000000 0.000000 0.000000 0.000000 0.000000 0.000000 0.000000 0.000000
 242 0 1 35 0.000000 0.000000 0.000000 0.000000 0.000000 0.000000 0.000000 0.000000
 243 0 2 67 0.000000 0.000000 0.000000 0.000000 0.000000 0.000000 0.000000 0.000000
 302 0 0 4 0.000000 0.000000 0.000000 0.000000 0.000000 0.000000 0.000000 0.000000
 303 0 1 36 0.000000 0.000000 0.000000 0.000000 0.000000 0.000000 0.000000 0.000000
 304 0 2 68 0.000000 0.000000 0.000000 0.000000 0.000000 0.000000 0.000000 0.000000
 363 0 0 5 0.000000 0.000000 0.000000 0.000000 0.000000 0.000000 0.000000 0.000000
 364 0 1 37 0.000000 0.000000 0.000000 0.000000 0.000000 0.000000 0.000000 0.000000
 365 0 2 69 0.000000 0.000000 0.000000 0.000000 0.000000 0.000000 0.000000 0.000000
 424 0 0 6 0.000000 0.000000 0.000000 0.000000 0.000000 0.000000 0.000000 0.000000
 425 0 1 38 0.000000 0.000000 0.000000 0.000000 0.000000 0.000000 0.000000 0.000000
 426 0 2 70 0.000000 0.000000 0.000000 0.000000 0.000000 0.000000 0.000000 0.000000
 485 0 0 7 0.000000 0.000000 0.000000 0.000000 0.000000 0.000000 0.000000 0.000000
 486 0 1 39 0.000000 0.000000 0.000000 0.000000 0.000000 0.000000 0.000000 0.000000
 487 0 2 71 0.000000 0.000000 0.000000 0.000000 0.000000 0.000000 0.000000 0.000000
 546 0 0 8 0.000000 0.000000 0.000000 0.000000 0.000000 0.000000 0.000000 0.000000
 547 0 1 40 0.000000 0.000000 0.000000 0.000000 0.000000 0.000000 0.000000 0.000000
 548 0 2 72 0.000000 0.000000 0.000000 0.000000 0.000000 0.000000 0.000000 0.000000
 607 0 0 9 0.000000 0.000000 0.000000 0.000000 0.000000 0.000000 0.000000 0.000000
 608 0 1 41 0.000000 0.000000 0.000000 0.000000 0.000000 0.000000 0.000000 0.000000
 609 0 2 73 0.000000 0.000000 0.000000 0.000000 0.000000 0.000000 0.000000 0.000000
 668 0 0 10 0.000000 0.000000 0.000000 0.000000 0.000000 0.000000 0.000000 0.000000
 669 0 1 42 0.000000 0.000000 0.000000 0.000000 0.000000 0.000000 0.000000 0.000000
 670 0 2 74 0.000000 0.000000 0.000000 0.000000 0.000000 0.000000 0.000000 0.000000
 729 0 0 11 0.000000 0.000000 0.000000 0.000000 0.000000 0.000000 0.000000 0.000000
 730 0 1 43 0.000000 0.000000 0.000000 0.000000 0.000000 0.000000 0.000000 0.000000
 731 0 2 75 0.000000 0.000000 0.000000 0.000000 0.000000 0.000000 0.000000 0.000000
 790 0 0 12 0.000000 0.000000 0.000000 0.000000 0.000000 0.000000 0.000000 0.000000
 791 0 1 44 0.000000 0.000000 0.000000 0.000000 0.000000 0.000000 0.000000 0.000000
 792 0 2 76 0.000000 0.000000 0.000000 0.000000 0.000000 0.000000 0.000000 0.000000
 851 0 0 13 0.000000 0.000000 0.000000 0.000000 0.000000 0.000000 0.000000 0.000000
 852 0 1 45 0.000000 0.000000 0.000000 0.000000 0.000000 0.000000 0.000000 0.000000
 853 0 2 77 0.000000 0.000000 0.000000 0.000000 0.000000 0.000000 0.000000 0.000000
 912 0 0 14 0.000000 0.000000 0.000000 0.000000 0.000000 0.000000 0.000000 0.000000
 913 0 1 46 0.000000 0.000000 0.000000 0.000000 0.000000 0.000000 0.000000 0.000000
 914 0 2 78 0.000000 0.000000 0.000000 0.000000 0.000000 0.000000 0.000000 0.000000
 973 0 0 15 0.000000 0.000000 0.000000 0.000000 0.000000 0.000000 0.000000 0.000000
 974 0 1 47 0.000000 0.000000 0.000000 0.000000 0.000000 0.000000 0.000000 0.000000
 975 0 2 79 0.000000 0.000000 0.000000 0.000000 0.000000 0.000000 0.000000 0.000000
 1034 0 0 16 0.000000 0.000000 0.000000 0.000000 0.000000 0.000000 0.000000 0.000000
 1035 0 1 48 0.000000 0.000000 0.000000 0.000000 0.000000 0.000000 0.000000 0.000000
 1095 0 0 17 0.000000 0.000000 0.000000 0.000000 0.000000 0.000000 0.000000 0.000000
 1096 0 1 49 0.000000 0.000000 0.000000 0.000000 0.000000 0.000000 0.000000 0.000000
 1156 0 0 18 0.000000 0.000000 0.000000 0.000000 0.000000 0.000000 0.000000 0.000000
 1157 0 1 50 0.000000 0.000000 0.000000 0.000000 0.000000 0.000000 0.000000 0.000000
 1217 0 0 19 0.000000 0.000000 0.000000 0.000000 0.000000 0.000000 0.000000 0.000000
 1218 0 1 51 0.000000 0.000000 0.000000 0.000000 0.000000 0.000000 0.000000 0.000000
 1278 0 0 20 0.000000 0.000000 0.000000 0.000000 0.000000 0.000000 0.000000 0.000000
 1279 0 1 52 0.000000 0.000000 0.000000 0.000000 0.000000 0.000000 0.000000 0.000000
 1339 0 0 21 0.000000 0.000000 0.000000 0.000000 0.000000 0.000000 0.000000 0.000000
 1340 0 1 53 0.000000 0.000000 0.000000 0.000000 0.000000 0.000000 0.000000 0.000000
 1400 0 0 22 0.000000 0.000000 0.000000 0.000000 0.000000 0.000000 0.000000 0.000000
 1401 0 1 54 0.000000 0.000000 0.000000 0.000000 0.000000 0.000000 0.000000 0.000000
 1461 0 0 23 0.000000 0.000000 0.000000 0.000000 0.000000 0.000000 0.000000 0.000000
 1462 0 1 55 0.000000 0.000000 0.000000 0.000000 0.000000 0.000000 0.000000 0.000000
 1522 0 0 24 0.000000 0.000000 0.000000 0.000000 0.000000 0.000000 0.000000 0.000000
 1523 0 1 56 0.000000 0.000000 0.000000 0.000000 0.000000 0.000000 0.000000 0.000000
 1583 0 0 25 0.000000 0.000000 0.000000 0.000000 0.000000 0.000000 0.000000 0.000000
 1584 0 1 57 0.000000 0.000000 0.000000 0.000000 0.000000 0.000000 0.000000 0.000000
 1644 0 0 26 0.000000 0.000000 0.000000 0.000000 0.000000 0.000000 0.000000 0.000000
 1645 0 1 58 0.000000 0.000000 0.000000 0.000000 0.000000 0.000000 0.000000 0.000000
 1705 0 0 27 0.000000 0.000000 0.000000 0.000000 0.000000 0.000000 0.000000 0.000000
 1706 0 1 59 0.000000 0.000000 0.000000 0.000000 0.000000 0.000000 0.000000 0.000000
 1766 0 0 28 0.000000 0.000000 0.000000 0.000000 0.000000 0.000000 0.000000 0.000000
 1767 0 1 60 0.000000 0.000000 0.000000 0.000000 0.000000 0.000000 0.000000 0.000000
 1827 0 0 29 0.000000 0.000000 0.000000 0.000000 0.000000 0.000000 0.000000 0.000000
 1828 0 1 61 0.000000 0.000000 0.000000 0.000000 0.000000 0.000000 0.000000 0.000000
 1888 0 0 30 0.000000 0.000000 0.000000 0.000000 0.000000 0.000000 0.000000 0.000000
 1889 0 1 62 0.000000 0.000000 0.000000 0.000000 0.000000 0.000000 0.000000 0.000000
 1949 0 0 31 0.000000 0.000000 0.000000 0.000000 0.000000 0.000000 0.000000 0.000000
 1950 0 1 63 0.000000 0.000000 0.000000 0.000000 0.000000 0.000000 0.000000 0.000000