# Format <LP id> <Terminal ID> <Rail ID> <Total Data Size> <Avg packet latency> <# Flits/Packets finished> <Avg hops> <Busy Time>
54 0 0 320149240 165628321.364191 631482 1.000000 220.207062
55 1 0 276268268 165604281.736641 546123 1.000000 0.000000
56 2 0 224997688 770020257.390312 444226 1.000000 0.000000
57 3 0 269445460 215246620.215399 531835 1.000000 640.398132
115 4 0 0 0.000000 0 nan 0.000000
116 5 0 0 0.000000 0 nan 0.000000
117 6 0 0 0.000000 0 nan 0.000000
118 7 0 0 0.000000 0 nan 0.000000
176 8 0 0 0.000000 0 nan 0.000000
177 9 0 0 0.000000 0 nan 0.000000
178 10 0 0 0.000000 0 nan 0.000000
179 11 0 0 0.000000 0 nan 0.000000
237 12 0 0 0.000000 0 nan 0.000000
238 13 0 0 0.000000 0 nan 0.000000
239 14 0 0 0.000000 0 nan 0.000000
240 15 0 0 0.000000 0 nan 0.000000
298 16 0 0 0.000000 0 nan 0.000000
299 17 0 0 0.000000 0 nan 0.000000
300 18 0 0 0.000000 0 nan 0.000000
301 19 0 0 0.000000 0 nan 0.000000
359 20 0 0 0.000000 0 nan 0.000000
360 21 0 0 0.000000 0 nan 0.000000
361 22 0 0 0.000000 0 nan 0.000000
362 23 0 0 0.000000 0 nan 0.000000
420 24 0 0 0.000000 0 nan 0.000000
421 25 0 0 0.000000 0 nan 0.000000
422 26 0 0 0.000000 0 nan 0.000000
423 27 0 0 0.000000 0 nan 0.000000
481 28 0 0 0.000000 0 nan 0.000000
482 29 0 0 0.000000 0 nan 0.000000
483 30 0 0 0.000000 0 nan 0.000000
484 31 0 0 0.000000 0 nan 0.000000
542 32 0 0 0.000000 0 nan 0.000000
543 33 0 0 0.000000 0 nan 0.000000
544 34 0 0 0.000000 0 nan 0.000000
545 35 0 0 0.000000 0 nan 0.000000
603 36 0 0 0.000000 0 nan 0.000000
604 37 0 0 0.000000 0 nan 0.000000
605 38 0 0 0.000000 0 nan 0.000000
606 39 0 0 0.000000 0 nan 0.000000
664 40 0 0 0.000000 0 nan 0.000000
665 41 0 0 0.000000 0 nan 0.000000
666 42 0 0 0.000000 0 nan 0.000000
667 43 0 0 0.000000 0 nan 0.000000
725 44 0 0 0.000000 0 nan 0.000000
726 45 0 0 0.000000 0 nan 0.000000
727 46 0 0 0.000000 0 nan 0.000000
728 47 0 0 0.000000 0 nan 0.000000
786 48 0 0 0.000000 0 nan 0.000000
787 49 0 0 0.000000 0 nan 0.000000
788 50 0 0 0.000000 0 nan 0.000000
789 51 0 0 0.000000 0 nan 0.000000
847 52 0 0 0.000000 0 nan 0.000000
848 53 0 0 0.000000 0 nan 0.000000
849 54 0 0 0.000000 0 nan 0.000000
850 55 0 0 0.000000 0 nan 0.000000
908 56 0 0 0.000000 0 nan 0.000000
909 57 0 0 0.000000 0 nan 0.000000
910 58 0 0 0.000000 0 nan 0.000000
911 59 0 0 0.000000 0 nan 0.000000
969 60 0 0 0.000000 0 nan 0.000000
970 61 0 0 0.000000 0 nan 0.000000
971 62 0 0 0.000000 0 nan 0.000000
972 63 0 0 0.000000 0 nan 0.000000
1030 64 0 0 0.000000 0 nan 0.000000
1031 65 0 0 0.000000 0 nan 0.000000
1032 66 0 0 0.000000 0 nan 0.000000
1033 67 0 0 0.000000 0 nan 0.000000
1091 68 0 0 0.000000 0 nan 0.000000
1092 69 0 0 0.000000 0 nan 0.000000
1093 70 0 0 0.000000 0 nan 0.000000
1094 71 0 0 0.000000 0 nan 0.000000
1152 72 0 0 0.000000 0 nan 0.000000
1153 73 0 0 0.000000 0 nan 0.000000
1154 74 0 0 0.000000 0 nan 0.000000
1155 75 0 0 0.000000 0 nan 0.000000
1213 76 0 0 0.000000 0 nan 0.000000
1214 77 0 0 0.000000 0 nan 0.000000
1215 78 0 0 0.000000 0 nan 0.000000
1216 79 0 0 0.000000 0 nan 0.000000
1274 80 0 0 0.000000 0 nan 0.000000
1275 81 0 0 0.000000 0 nan 0.000000
1276 82 0 0 0.000000 0 nan 0.000000
1277 83 0 0 0.000000 0 nan 0.000000
1335 84 0 0 0.000000 0 nan 0.000000
1336 85 0 0 0.000000 0 nan 0.000000
1337 86 0 0 0.000000 0 nan 0.000000
1338 87 0 0 0.000000 0 nan 0.000000
1396 88 0 0 0.000000 0 nan 0.000000
1397 89 0 0 0.000000 0 nan 0.000000
1398 90 0 0 0.000000 0 nan 0.000000
1399 91 0 0 0.000000 0 nan 0.000000
1457 92 0 0 0.000000 0 nan 0.000000
1458 93 0 0 0.000000 0 nan 0.000000
1459 94 0 0 0.000000 0 nan 0.000000
1460 95 0 0 0.000000 0 nan 0.000000
1518 96 0 0 0.000000 0 nan 0.000000
1519 97 0 0 0.000000 0 nan 0.000000
1520 98 0 0 0.000000 0 nan 0.000000
1521 99 0 0 0.000000 0 nan 0.000000
1579 100 0 0 0.000000 0 nan 0.000000
1580 101 0 0 0.000000 0 nan 0.000000
1581 102 0 0 0.000000 0 nan 0.000000
1582 103 0 0 0.000000 0 nan 0.000000
1640 104 0 0 0.000000 0 nan 0.000000
1641 105 0 0 0.000000 0 nan 0.000000
1642 106 0 0 0.000000 0 nan 0.000000
1643 107 0 0 0.000000 0 nan 0.000000
1701 108 0 0 0.000000 0 nan 0.000000
1702 109 0 0 0.000000 0 nan 0.000000
1703 110 0 0 0.000000 0 nan 0.000000
1704 111 0 0 0.000000 0 nan 0.000000
1762 112 0 0 0.000000 0 nan 0.000000
1763 113 0 0 0.000000 0 nan 0.000000
1764 114 0 0 0.000000 0 nan 0.000000
1765 115 0 0 0.000000 0 nan 0.000000
1823 116 0 0 0.000000 0 nan 0.000000
1824 117 0 0 0.000000 0 nan 0.000000
1825 118 0 0 0.000000 0 nan 0.000000
1826 119 0 0 0.000000 0 nan 0.000000
1884 120 0 0 0.000000 0 nan 0.000000
1885 121 0 0 0.000000 0 nan 0.000000
1886 122 0 0 0.000000 0 nan 0.000000
1887 123 0 0 0.000000 0 nan 0.000000
1945 124 0 0 0.000000 0 nan 0.000000
1946 125 0 0 0.000000 0 nan 0.000000
1947 126 0 0 0.000000 0 nan 0.000000
1948 127 0 0 0.000000 0 nan 0.000000
