# Format <LP ID> <Terminal ID> <Job ID> <Local Rank> <Total sends> <Total Recvs> <Bytes sent> <Bytes recvd> <Send time> <Comm. time> <Compute time> <Avg msg time> <Max Msg Time>
 0 0 0 0 1020 1020 67012300 70881100 17367236.906027 1748664348.344383 57406436991.000000 0.000000 0.000000
 1 1 0 1 1632 1632 101528728 105447128 156454232.838263 1819985642.757790 57323291980.000000 0.000000 0.000000
 2 2 0 2 816 816 64553208 64638008 184999364.574879 1248025553.656441 57899727488.000000 0.000000 0.000000
 3 3 0 3 1428 1428 105341284 105466084 20472871.060991 1098673064.341850 58050943880.000000 0.000000 0.000000
 4 4 0 4 816 816 68151920 64011120 205024813.438103 2126563783.176964 57022544870.000000 0.000000 0.000000
 5 5 0 5 1632 1632 109551896 105659096 25530328.797714 1217715187.766159 57924820320.000000 0.000000 0.000000
 6 6 0 6 816 816 79113784 78958584 150784477.681286 151601743.722885 58999340864.000000 0.000000 0.000000
 7 7 0 7 1428 1428 112033708 119382508 257141923.595854 2534430652.551392 56603730388.000000 0.000000 0.000000
 8 8 0 8 1020 1020 100114004 93552404 84525465.189047 999175199.064682 58147133946.000000 0.000000 0.000000
 9 9 0 9 1632 1632 101528728 105447128 73866712.330034 2059478814.010956 57086378198.000000 0.000000 0.000000
 10 10 0 10 1020 1020 67012300 70881100 56136216.848801 2209619046.349342 56924030378.000000 0.000000 0.000000
 11 11 0 11 1428 1428 98869004 98953804 22229805.079254 1225993094.388741 57922016563.000000 0.000000 0.000000
 12 12 0 12 816 816 70776616 70899816 22634311354.677544 23729735201.948761 35257015751.000000 0.000000 0.000000
 13 13 0 13 1632 1632 102394744 98201144 22539052046.203400 24153268121.734421 34827608262.000000 0.000000 0.000000
 14 14 0 14 1020 1020 75035964 71192764 22493353636.220032 24147087923.157967 34832504007.000000 0.000000 0.000000
 15 15 0 15 1632 1632 130830952 130083752 22529714925.378410 23348869826.796349 35638382612.000000 0.000000 0.000000
 16 16 0 16 816 816 86534816 93885216 254812393.595863 23926886611.226532 35053935882.000000 0.000000 0.000000
 17 17 0 17 612 612 74862620 67705820 17222215.446636 22531599242.285904 36453416056.000000 0.000000 0.000000