# Format <LP ID> <Group ID> <Router ID> <Link traffic per router port(s)># Router ports in the order: 10 local channels, 5 global channels
 10 0 0 0 260792 722592 542832 50192 52544 50808 263048 103224 107736 91888 124312 124384 132024 88856
 21 0 1 223568 0 343376 740944 572960 80008 95328 207144 581680 482736 950296 266280 293448 250088 82536
 32 0 2 735000 336800 0 560080 494024 536240 83616 93920 112096 324592 581648 288088 273016 206560 83208
 43 0 3 383520 740160 559168 0 608664 818056 851432 414128 449384 420336 3041744 250568 216328 155992 36240
 54 0 4 72744 581480 487576 569448 0 264608 505320 554456 126072 156896 325392 294864 274776 159584 101496
 65 0 5 89144 87784 557184 783216 265880 0 255112 507144 575848 128472 301520 291264 273984 103288 94280
 76 0 6 83072 84328 81056 854272 487016 248792 0 275088 542392 590656 331880 288016 282272 106064 105104
 87 0 7 92768 202112 82848 388480 540928 505056 283328 0 305240 566360 300944 307264 278312 97048 114312
 98 0 8 146032 577448 110440 421512 131336 585296 534840 316376 0 335712 292224 292680 285008 99848 104896
 109 0 9 120576 469040 320632 396504 141472 122928 593064 557472 345264 0 306240 274232 282336 101456 100776
 120 1 0 0 572256 681448 940568 155240 120008 126216 350464 194104 220792 912192 306976 291696 290688 110856
 131 1 1 536536 0 164640 584936 756272 84664 86224 91936 303856 149320 115832 143904 129776 143608 125536
 142 1 2 665296 157120 0 298024 779144 569008 99096 231648 407344 657104 983224 296792 271816 207568 100272
 153 1 3 972056 586392 293952 0 572216 497960 553168 97608 116888 119312 734496 304000 294024 228312 98040
 164 1 4 150824 643544 789072 581088 0 573312 819728 870992 453800 418288 3052896 271432 253904 124064 53536
 175 1 5 117976 115128 548112 501304 560328 0 248144 509664 578984 138944 347088 305736 301432 113448 119496
 186 1 6 123040 122880 90752 540968 776760 243792 0 275568 548936 589880 334160 317080 297648 111072 124104
 197 1 7 352200 137264 222792 91792 862584 513640 272328 0 318976 561816 345504 312072 303584 118136 117648
 208 1 8 187952 174552 397328 124888 408464 577096 529008 324000 0 355304 315856 323816 303800 123008 115856
 219 1 9 223104 156704 660232 124472 402192 146448 579696 562936 339616 0 327416 317288 299544 113536 118280
 230 2 0 0 666048 529912 670656 403440 151784 134392 326896 229192 566144 573640 318376 296024 321232 114392
 241 2 1 713312 0 368504 535944 700536 336320 124160 120752 350576 222592 955296 310432 302600 274432 111928
 252 2 2 487328 351200 0 256416 495200 739728 61072 70728 71672 285560 116488 139376 136888 123688 117456
 263 2 3 658096 532528 221856 0 182528 784872 544192 84520 150976 485880 683720 302664 279024 221488 104456
 274 2 4 434568 701536 505800 165032 0 556016 492888 547864 98184 161168 744080 312760 301232 161880 114952
 285 2 5 147144 373208 677456 768704 580488 0 543592 808592 852152 448352 2953192 265200 246632 62520 57448
 296 2 6 136752 123968 94048 533088 487720 523120 0 257920 380728 383200 338040 303224 306160 113024 112456
 307 2 7 353024 116936 97920 82848 536520 776568 258944 0 277224 214824 326800 291936 319528 118936 124200
 318 2 8 221792 351136 105272 149960 101968 838568 379976 273128 0 361016 351944 316440 294032 114208 115936
 329 2 9 540752 242696 192552 456456 164984 419136 380392 187144 351464 0 312376 308256 295632 126256 123360
 340 3 0 0 716232 950392 764944 498024 759816 510392 693192 482056 286904 3012456 320352 337520 319424 126984
 351 3 1 682664 0 605328 564928 681400 258888 438912 226712 511712 564992 745000 362944 371168 346136 178080
 362 3 2 940448 611608 0 287000 594416 652784 449256 190568 210752 425544 665552 377520 363112 288408 177040
 373 3 3 851600 513248 291376 0 294016 521120 741864 99920 102648 101208 186976 200896 194312 187544 185976
 384 3 4 461800 676656 590128 271728 0 340752 851400 752136 471456 535208 1116848 360592 350632 221856 169808
 395 3 5 747064 260288 646000 541328 339480 0 493456 585272 639152 202632 771288 367296 354456 197232 171496
 406 3 6 485240 458072 453016 734416 859384 513376 0 687184 922904 969712 3086016 309752 303888 126864 121024
 417 3 7 656712 225696 187152 166648 721760 571888 654848 0 391464 665024 422784 391368 388144 190264 189448
 428 3 8 444592 508856 202024 197472 451512 647552 879648 396096 0 405800 395936 380184 378904 185736 173544
 439 3 9 293872 539544 420952 200488 507024 204968 933032 646352 414944 0 415104 366720 371656 188568 187504
 450 4 0 0 713728 635064 996384 202880 202432 470208 442960 281984 310032 325496 417312 370256 391976 200112
 461 4 1 741176 0 735544 1151056 818048 512184 574744 746600 690176 305192 3011064 320552 337632 305840 134312
 472 4 2 630112 705312 0 449152 550256 625712 211448 489112 289496 720176 752264 377472 374352 304912 186184
 483 4 3 1065840 1185160 468520 0 284584 564536 625272 444408 188392 206504 1094464 355816 356640 287216 165784
 494 4 4 107680 837536 500544 291616 0 285752 504424 791656 96680 110752 196584 209160 222888 187016 198552
 505 4 5 200392 484224 640888 555168 280816 0 335232 983168 928272 524448 1101200 359368 347816 174256 169896
 516 4 6 510656 560272 222696 630224 531128 317096 0 660696 605856 649992 786560 391504 375672 188304 180792
 527 4 7 447456 723904 515728 485848 761664 965408 673968 0 587752 940128 3111200 325936 338448 132920 135016
 538 4 8 271344 657008 281384 197064 183744 890512 594752 558448 0 443016 428576 392192 384328 188048 193472
 549 4 9 297968 303192 699808 194056 215464 494864 670472 897432 447608 0 389720 386792 394672 187808 204488
 560 5 0 0 459640 903680 739664 485224 206976 209960 689696 306536 294048 301856 403472 392256 383112 202776
 571 5 1 465256 0 710752 604016 954856 195544 206728 289024 670568 255208 344704 440592 402312 363224 180872
 582 5 2 918968 730592 0 668952 985704 745840 472800 510776 721232 406224 2920104 326968 318584 258768 130888
 593 5 3 713176 619568 639600 0 356752 541912 598760 195008 567976 500456 768888 392720 371496 304992 190552
 604 5 4 534800 989640 978768 362752 0 288128 565232 630080 495696 189024 1103168 385632 368152 228496 171696
 615 5 5 109736 109160 751664 505368 287856 0 268928 246744 516336 102840 193288 215224 222168 194800 194104
 626 5 6 206992 199024 437224 607448 560512 273720 0 467224 788360 661192 1063704 349040 353696 165984 174920
 637 5 7 746744 294512 477728 185384 649112 298296 455936 0 651416 239800 810576 384000 391008 175672 187688
 648 5 8 291648 716552 722104 593144 519376 521328 764064 676872 0 696776 3059040 329744 311896 129632 144136
 659 5 9 291304 263432 407816 477896 198112 203160 644376 245520 662496 0 423504 372336 374024 179872 195272
 670 6 0 0 444392 657696 993752 192184 449304 198320 408368 535504 333176 325160 433744 382904 368664 202040
 681 6 1 447376 0 411280 900584 697192 442816 200304 210088 511520 493952 322432 394912 380456 349712 201496
 692 6 2 655208 413608 0 649624 576920 730872 170808 167608 233400 683128 336288 411408 368384 308224 190256
 703 6 3 1029632 936608 659784 0 661216 864280 743720 473880 461608 497936 3061280 325592 326432 250272 126360
 714 6 4 197000 686296 576216 653792 0 341328 555672 658024 273120 806056 805592 383416 377904 236248 189344
 725 6 5 481848 488440 747576 864440 340584 0 277040 579472 655120 501504 1045656 366600 356488 193880 169272
 736 6 6 101368 101264 101080 763968 503792 263976 0 286160 510560 794704 194696 210488 203408 199208 198936
 747 6 7 421560 199952 197792 440136 649024 583552 292336 0 665296 1245112 1067208 372840 369168 172112 169384
 758 6 8 572176 535408 223312 426200 281376 637480 572384 634192 0 703248 818360 377624 369360 182232 187592
 769 6 9 341576 511544 719512 546136 799192 537112 787032 1199312 715920 0 3119552 318976 320584 125960 135496
 780 7 0 0 698792 936024 1072776 798304 530832 808456 552936 561808 885224 225768 3151696 324328 320824 129824
 791 7 1 669552 0 295824 642856 996984 196520 443184 206816 430240 380768 343712 434848 399896 343816 197728
 802 7 2 898584 286992 0 350824 873328 638128 279512 194200 213232 449664 329224 404912 369144 324856 194872
 813 7 3 1031640 621792 355824 0 651304 579200 609184 174800 195072 220176 420152 429240 362288 308472 198720
 824 7 4 811032 1009704 888344 669264 0 670296 848792 755480 434184 217736 3108544 334416 326864 204056 127744
 835 7 5 505720 196528 641800 561376 631728 0 335576 583912 743952 501544 818104 380760 372928 178048 172640
 846 7 6 802368 485288 289384 604336 835656 335544 0 295488 604864 655936 1096824 363024 350640 170880 185224
 857 7 7 583200 121704 116480 108696 774536 533616 300768 0 395736 529384 200960 217448 200152 212584 182832
 868 7 8 547760 442848 208824 200760 430344 717864 606792 442640 0 736088 1084680 372280 373384 178936 180576
 879 7 9 878192 364392 459816 231704 215520 467336 645384 600832 717456 0 832024 383240 367224 181592 184608
 890 8 0 0 541280 655792 748448 237008 476400 199128 705616 247496 297312 307120 805352 376192 365200 196952
 901 8 1 550200 0 703712 931176 1011384 797088 503408 770760 550072 552248 267864 3038832 322704 293496 134488
 912 8 2 674448 674392 0 347712 584552 932256 177072 287408 197920 441936 346200 420576 372568 308736 205392
 923 8 3 742576 881928 355824 0 238592 855416 622208 176808 196216 206056 392672 405456 396352 301232 193552
 934 8 4 230768 967400 579264 233512 0 615056 195320 384432 202376 210152 413256 427344 387032 250616 204280
 945 8 5 510656 795944 969888 899984 655880 0 609936 465936 437464 220784 3022328 318064 318720 129616 141640
 956 8 6 199376 473872 173944 629080 179240 580352 0 386360 402616 972312 824584 384168 366016 186128 178328
 967 8 7 738744 774952 312488 181632 385368 456416 392032 0 353424 740360 1091704 383128 360904 175168 169672
 978 8 8 196384 581648 138168 132824 131736 467872 347392 315736 0 575128 195424 230088 225368 189944 194608
 989 8 9 299496 534064 443880 190624 202712 225288 920584 734952 635192 0 1080000 378624 367192 184880 195552
 1000 9 0 0 711552 653736 729880 210784 226864 487328 536032 831144 573216 281424 1124352 364224 369280 163856
 1011 9 1 733416 0 648560 620400 690952 197888 486032 220288 656704 251152 303072 810536 365224 360424 193976
 1022 9 2 646576 671672 0 660712 911920 951904 801904 503632 631440 517080 251400 3130696 286960 251072 139504
 1033 9 3 733272 628144 624720 0 368688 579056 909776 169496 204024 236600 407920 421608 363224 320624 184632
 1044 9 4 210312 690504 861024 361472 0 332624 872488 635712 194928 199968 410288 393104 396768 260768 205848
 1055 9 5 234368 196304 923504 567352 329120 0 513392 596712 649080 208168 401248 424272 365824 209744 188832
 1066 9 6 509576 509568 799872 931760 920576 542312 0 667136 831512 493400 3093696 337016 316336 127272 144400
 1077 9 7 519344 204752 488144 175712 625976 593888 625872 0 464008 907496 818728 362288 400856 195256 189168
 1088 9 8 831024 711704 604800 198432 202688 631376 821168 469944 0 378088 1099016 380328 349632 169568 161816
 1099 9 9 512312 192760 573536 168376 145224 144680 550552 824272 332112 0 190896 226416 217568 191616 191496
 1110 10 0 0 346544 822312 618784 140664 136944 173504 554592 195632 508336 214856 193472 239856 215880 191968
 1121 10 1 383224 0 483432 842512 701240 193352 215640 607368 706552 842112 291712 1121096 363144 350848 171336
 1132 10 2 887736 482400 0 634256 592000 634736 171544 485960 211976 518472 305520 802088 366008 314024 181960
 1143 10 3 493336 837560 645352 0 674496 896520 953536 795760 519448 505760 326096 3137504 307424 257072 135336
 1154 10 4 205328 700896 580648 663200 0 333480 568144 931192 198280 233576 400416 419560 387072 255848 184448
 1165 10 5 208360 201000 637664 850944 337672 0 323936 874592 651176 195448 398256 392016 364752 183712 195440
 1176 10 6 226888 192880 182872 916808 569784 319096 0 639544 622400 666456 436744 437296 382528 185920 200016
 1187 10 7 524840 630032 515992 803560 958056 904272 662552 0 525656 648456 3113848 333096 332896 130024 134560
 1198 10 8 263568 696920 209008 487520 199576 642680 605960 525448 0 702424 784408 396488 386504 191496 193648
 1209 10 9 573416 863928 547632 490696 219600 205280 689128 641632 700672 0 1103648 367768 368104 163656 171640
 1220 11 0 0 650024 752544 996520 235704 206072 211240 447800 544496 277888 268312 1079912 373520 372488 184320
 1231 11 1 597616 0 348752 622272 791608 140752 134248 142728 590848 179840 216656 185920 221272 210328 202696
 1242 11 2 720736 354512 0 381216 848648 528672 165072 306264 771672 690640 306968 1066640 367672 304456 169272
 1253 11 3 1031168 654696 377552 0 627664 186840 363904 172048 462480 179976 375824 797760 376768 301344 175560
 1264 11 4 218176 718144 858944 647776 0 648368 490976 693048 808920 486864 333656 3012608 324928 200256 131656
 1275 11 5 203144 196560 504024 189928 625104 0 328944 452832 942112 225232 425320 441664 387392 184792 189704
 1286 11 6 207144 198088 173192 370008 464928 327864 0 354832 879064 666936 405704 398120 366712 186440 189832
 1297 11 7 456200 204088 281960 172200 649736 456840 360944 0 666728 646736 434424 415248 382264 202320 199440
 1308 11 8 538808 585640 786112 494048 802064 965600 893320 686704 0 517416 3055752 338848 338912 130464 129256
 1319 11 9 293544 240400 673840 196056 462800 214408 659328 649400 520960 0 778608 365672 379008 182744 187104
 1330 12 0 0 677760 594512 738096 462032 224048 213752 445784 365128 861504 294400 795872 374272 374272 178776
 1341 12 1 732088 0 442272 622472 765416 424976 201944 225968 421720 543792 294672 1040000 384000 355712 179080
 1352 12 2 520656 420872 0 281328 522272 767176 117448 114296 113840 548624 221456 190256 225448 207040 189200
 1363 12 3 724688 614488 297040 0 369896 849360 607064 288504 472400 808264 371120 1108696 345848 301160 175944
 1374 12 4 487528 778912 563984 373488 0 642600 559568 624728 198976 502360 373632 813080 373256 240968 170768
 1385 12 5 225184 444704 741968 851192 662136 0 651768 903784 977120 819888 329448 3093160 318440 140176 135880
 1396 12 6 209936 199712 167888 609464 566320 624400 0 359280 613040 978984 404680 430120 372352 199144 181688
 1407 12 7 431896 203088 190400 283088 625800 872512 361136 0 393600 891312 413504 401040 398288 200112 179296
 1418 12 8 364504 454824 213056 445888 205424 927080 617912 391416 0 638488 423016 407856 373856 182864 186576
 1429 12 9 856088 567792 571904 833344 513768 807000 1009376 922416 674616 0 3127712 317376 308760 118120 129184
 1440 13 0 0 765864 1218816 822632 530696 822792 539480 736112 522504 364112 225288 3073104 317896 336232 138920
 1451 13 1 717200 0 546464 569936 698368 282168 445960 241320 508800 562416 296088 809488 373168 338056 188296
 1462 13 2 1245568 569800 0 296192 578208 648920 465008 200664 218800 430504 303960 1085952 357384 286512 174128
 1473 13 3 826856 517904 269824 0 298184 517312 775584 97000 104400 113824 205944 199872 207744 223144 191456
 1484 13 4 487672 691752 583152 271232 0 343512 860872 733056 469136 517728 380400 1080392 374112 234456 177136
 1495 13 5 791000 280312 651048 542488 342384 0 615200 591208 653344 210472 377304 819120 380200 185064 187232
 1506 13 6 514400 450528 487784 735632 855240 651152 0 686176 926584 954328 332824 3138392 316160 141720 125096
 1517 13 7 711008 232312 194616 173728 724896 578264 671736 0 383368 671504 421992 417784 393608 182376 194616
 1528 13 8 492880 503600 210912 193440 461064 652664 892592 387008 0 421976 417352 410272 361200 195480 190144
 1539 13 9 358488 525088 409616 214312 480488 203408 913944 638448 412872 0 424008 414832 392960 209664 196256
 1550 14 0 0 705848 636424 1013408 210344 210184 484928 437080 281760 315864 296672 422976 409888 393192 193872
 1561 14 1 741144 0 717912 1133952 539296 512504 565904 741248 694080 289104 244984 2989856 334032 306240 144520
 1572 14 2 626760 691712 0 447832 167832 378056 210784 479944 287248 723480 296376 796024 365704 317808 178016
 1583 14 3 1048792 1163688 459672 0 155024 186272 379872 426144 196472 200736 360528 1069520 362576 289448 178072
 1594 14 4 111952 555928 127760 180840 0 274064 494808 768104 109912 99672 208992 199888 209888 208064 184304
 1605 14 5 208392 481448 370040 187816 280336 0 330248 976848 943392 535032 381464 1086344 352280 173352 166944
 1616 14 6 489304 532736 216768 365848 534624 334144 0 635792 611144 670656 397888 805688 371688 182632 185240
 1627 14 7 457712 706856 489984 459960 743048 953736 652600 0 693776 940560 334512 3040632 329480 128664 128728
 1638 14 8 287936 661784 276976 202720 196200 892576 601112 673264 0 454744 427632 424192 383528 202792 194872
 1649 14 9 319248 307000 696840 206656 196568 500240 656752 891624 455544 0 409384 398664 391648 204624 193400
 1660 15 0 0 479088 904032 718584 509824 203424 197944 675056 292656 294848 299296 404704 391224 378256 193544
 1671 15 1 461400 0 707024 606016 959056 189640 199616 293496 662640 287936 308136 410168 418256 370160 206760
 1682 15 2 938056 718536 0 670776 984488 779296 478200 520104 736984 435208 249376 3116768 325168 241128 125760
 1693 15 3 716424 611760 651016 0 363784 534816 623904 212464 550136 513648 357896 808456 363720 296328 189472
 1704 15 4 537616 961208 984504 346360 0 274856 566944 636104 496784 205424 360472 1115808 384360 246704 179568
 1715 15 5 108488 106016 788256 492112 269440 0 144752 506432 781952 104424 219240 198960 200136 202040 189664
 1726 15 6 192280 203856 466744 606832 573328 150696 0 461512 1166944 1011544 366072 1096528 385240 172736 176200
 1737 15 7 726024 289152 477688 217264 630336 549144 466160 0 681944 612368 371344 809744 375944 177792 178704
 1748 15 8 292992 666808 738440 580184 510808 767552 1143120 695816 0 738728 344944 3109736 314424 128896 137376
 1759 15 9 320840 288432 442656 483848 214968 205424 958384 607696 710448 0 418616 415512 382144 190088 191872
 1770 16 0 0 443920 663904 989008 204624 495184 208272 433104 556328 343552 295264 421664 409520 391472 198480
 1781 16 1 438064 0 421128 915328 708616 447936 182712 207384 528824 514256 313208 415936 405352 360672 189264
 1792 16 2 671392 410096 0 661384 579616 726648 188080 190672 244840 694632 308768 414088 409264 307384 202848
 1803 16 3 1029160 946160 682776 0 673840 856520 754464 478280 457176 504424 321152 3107880 314456 246368 131608
 1814 16 4 202264 704696 590864 644824 0 336272 549400 644400 285232 818272 393920 799928 391200 245992 182728
 1825 16 5 542384 482992 721968 847216 354552 0 271488 586496 639264 507128 345432 1106872 363104 175288 173824
 1836 16 6 110352 108200 101248 770256 516040 264864 0 282144 506576 773624 209504 201776 215256 187112 193168
 1847 16 7 429232 206624 185656 446296 645408 569256 289496 0 541720 1246176 380000 1081040 385592 168280 162928
 1858 16 8 571560 536352 238024 418544 276264 662864 560688 517424 0 681224 372712 818808 384544 188776 188776
 1869 16 9 348392 516232 733808 545096 804064 532752 799432 1202992 735760 0 321672 3099256 323448 133736 132120
 1880 17 0 0 674400 792056 823000 765816 512664 814784 561368 555944 858072 223424 318944 3072016 324096 122536
 1891 17 1 644224 0 418264 252800 711560 199208 453776 215392 435112 364664 302336 409688 438344 354968 202296
 1902 17 2 756200 412760 0 365528 471480 511448 275056 170992 208240 436368 310728 396840 368408 307936 190536
 1913 17 3 782000 235472 355152 0 627912 574040 618928 171784 204152 201288 389400 430104 410904 306312 181784
 1924 17 4 783320 756608 502216 679584 0 648040 881328 743576 438720 215760 328536 2984208 331992 182576 125896
 1935 17 5 490144 196392 488360 561640 619720 0 332936 563456 738312 501088 398656 802848 370576 182912 185512
 1946 17 6 811840 490176 278528 605464 851200 340048 0 303448 609616 655776 355848 1089896 368496 165912 175936
 1957 17 7 562376 117080 109192 107912 756096 537920 300384 0 401152 530088 212984 195304 217408 180520 198552
 1968 17 8 564824 452840 216544 191456 426560 710280 595424 435512 0 696456 380176 1034624 384688 184248 174576
 1979 17 9 867672 359968 435544 185520 221360 467072 632600 579976 668072 0 393560 801720 374240 176192 191400
 1990 18 0 0 551384 660656 726048 226744 466816 196568 661536 227968 292352 302352 395024 768624 385624 183896
 2001 18 1 535208 0 701056 939896 1035480 835072 530672 792928 580360 546384 254168 322272 3114416 302568 133312
 2012 18 2 644368 671728 0 355488 572480 932320 172864 284000 219208 441424 306960 426984 406184 314096 193912
 2023 18 3 731936 899152 342032 0 367792 872192 634696 170976 200328 194536 374456 389688 393768 329384 184584
 2034 18 4 222848 987904 592872 357976 0 638424 578224 620224 187408 211584 396416 424864 407960 266728 192712
 2045 18 5 493008 816976 937448 907832 669072 0 633120 862160 722712 218944 355352 3073248 333152 132928 135552
 2056 18 6 199792 496256 175536 622544 575336 608728 0 370240 657912 967768 383960 803472 369176 187936 176504
 2067 18 7 690608 771112 309152 170808 611584 837288 381744 0 337968 722720 373120 1036120 372928 165680 168832
 2078 18 8 179432 588880 142704 142456 136360 755904 605496 315568 0 585352 219792 189384 220328 204568 187528
 2089 18 9 299536 540224 459128 204520 206296 218240 911016 726840 638000 0 390016 1075328 374216 177064 173192
 2100 19 0 0 715920 652304 719568 213880 228200 474632 517024 847992 328848 266464 379032 884808 359472 173456
 2111 19 1 730280 0 512192 633520 706688 193432 480144 209632 654440 220592 305512 375112 809088 357576 189680
 2122 19 2 659840 555256 0 671280 893456 959832 790016 527112 628888 490864 229224 333400 3081048 235904 132760
 2133 19 3 705488 629328 640744 0 362696 584904 916560 171216 211632 176912 387464 392344 369768 320376 188168
 2144 19 4 198240 684552 876056 362768 0 347952 867432 623584 193512 162680 401592 400472 388952 263376 186072
 2155 19 5 229512 194952 930848 575112 331760 0 633744 587984 644192 168784 397048 440192 397416 186360 183504
 2166 19 6 522248 529784 787448 930392 882976 655752 0 657328 828408 459120 313696 3105952 322024 131712 124088
 2177 19 7 519912 212544 480856 170416 642536 586000 633632 0 479680 862064 365792 755064 364728 180944 184968
 2188 19 8 846064 712896 607792 215344 209400 657560 813984 453464 0 362912 360376 1080576 352880 165640 171240
 2199 19 9 290736 168352 519632 117032 107032 119376 518224 760088 305536 0 215456 197432 215056 180928 193192
 2210 20 0 0 352752 452280 356320 138408 139768 167576 551104 193880 520408 209872 216088 193768 220320 185928
 2221 20 1 363552 0 434960 441296 693808 188768 191024 564296 678656 739968 295840 363032 1109808 335104 177384
 2232 20 2 505368 457040 0 588152 578824 623696 153192 463352 195184 386504 288776 385240 753536 289128 192544
 2243 20 3 240840 424928 644080 0 546904 900464 931624 770016 502184 524640 312320 328168 3046248 246160 129136
 2254 20 4 213648 684592 565568 522616 0 331536 570056 924176 191280 230688 371864 414000 413456 249096 186560
 2265 20 5 193144 189824 618216 859800 332624 0 340040 873224 644480 204456 406152 388600 383056 190456 189880
 2276 20 6 225968 188112 155400 901968 565392 336512 0 630128 619968 652256 376792 421576 390552 192816 197632
 2287 20 7 498264 591288 495480 780384 958904 900104 663440 0 662848 653808 331112 3010944 339000 124400 126704
 2298 20 8 262896 675016 191232 483440 200512 656144 618480 626312 0 703872 375784 778040 368376 174848 181632
 2309 20 9 600432 720912 407096 473216 229504 205192 651280 644320 679808 0 361552 874800 372688 182080 182040
 2320 21 0 0 639984 751752 1023592 229656 216744 220128 447408 545960 293056 270144 377384 1083416 391824 196176
 2331 21 1 590432 0 344880 616816 786984 133288 133928 141128 586504 182656 214528 232840 188456 225784 195200
 2342 21 2 728144 362048 0 369568 858576 657128 170368 309312 765840 735344 293832 362176 1079520 300248 182248
 2353 21 3 1028248 648264 370368 0 635504 572296 614952 167568 488008 188656 396176 395728 785800 303648 181664
 2364 21 4 224768 726080 858072 655512 0 662200 892928 964728 829208 511656 317936 326072 3124488 189712 138096
 2375 21 5 207672 198824 643552 561320 639384 0 202984 584872 951200 236704 393568 424904 397472 192752 200464
 2386 21 6 199640 193280 169496 612144 858112 212264 0 352056 889416 681728 382648 405696 388336 192008 191000
 2397 21 7 467072 215384 294640 179152 925792 580608 357872 0 663816 645144 386128 425808 422368 192056 192424
 2408 21 8 561744 567040 781952 521840 824360 959032 909480 715624 0 515688 331464 3134992 329008 129680 131256
 2419 21 9 305432 244792 706784 202104 481448 224120 668424 649704 529128 0 381008 772336 390608 184064 191376
 2430 22 0 0 731080 611208 719680 472872 229048 214320 451048 311856 816296 260312 362512 737936 369800 176784
 2441 22 1 761744 0 439264 618080 777912 412856 203008 195400 391264 522592 285248 373832 1048976 352560 162920
 2452 22 2 525128 421616 0 297816 543984 778432 107496 110328 116192 546264 180264 197032 179032 201264 184232
 2463 22 3 724200 613872 296000 0 366256 834600 628504 290488 163960 504928 356480 380888 507288 291248 178728
 2474 22 4 500944 766456 566888 370368 0 645424 573968 637208 161584 474760 347032 354144 792800 237744 178024
 2485 22 5 231680 439512 741056 845488 660696 0 643096 908424 931104 762080 306432 311296 3085496 117832 118152
 2496 22 6 222272 197544 173432 619440 565696 630456 0 342584 563216 912784 363232 406152 356728 179496 173168
 2507 22 7 446184 212936 191872 284208 614408 867296 354368 0 217536 874232 366056 379472 387928 168136 188840
 2518 22 8 306360 405312 175376 157496 162040 883640 567128 238088 0 572088 356224 410672 406320 178512 182672
 2529 22 9 802288 525504 517680 532688 501232 760712 925112 885728 605160 0 306616 3135048 307304 108696 109904
 2540 23 0 0 684544 756976 796704 505200 773712 507376 704680 493256 290240 213216 324256 3034168 316288 120200
 2551 23 1 661184 0 348200 546552 667536 212352 416688 209128 474512 518664 298480 361736 795960 323464 179544
 2562 23 2 773216 353488 0 266712 568400 602688 428568 175344 198616 406560 283200 361896 513160 298288 175424
 2573 23 3 835688 506272 300184 0 304520 515008 749200 99016 108224 108264 199656 191072 177800 195376 177712
 2584 23 4 479560 653816 563520 279408 0 332408 843336 724512 474784 493656 366704 375888 1041944 236832 169656
 2595 23 5 765720 220248 611784 541720 342680 0 618120 580800 661320 195496 367568 366656 721536 165224 164928
 2606 23 6 494256 422456 462112 747544 879872 630304 0 671432 922240 980136 291008 311968 3052016 118096 123864
 2617 23 7 669432 198696 178808 175576 747552 573064 646448 0 377192 640480 368168 411864 398040 184888 163312
 2628 23 8 474920 485144 186352 189456 451624 666600 893544 387704 0 429080 359168 385296 366984 183912 185192
 2639 23 9 303768 497648 391872 199432 459168 196224 916416 662208 413416 0 382840 381984 399576 180032 169776
 2650 24 0 0 708320 623512 950152 190144 204736 478368 439048 265312 302552 290008 378592 425616 413552 190848
 2661 24 1 736376 0 730160 1176368 812488 525976 589872 727296 695032 282744 249360 330192 3100320 302456 134160
 2672 24 2 624184 694744 0 461328 548176 647448 208456 479520 293936 717792 315760 376824 781560 316040 184248
 2683 24 3 998104 1186376 456704 0 269832 566192 624312 465240 190240 211144 379808 379800 1011000 292056 176008
 2694 24 4 110424 825528 505384 292680 0 283928 510792 779896 103640 101816 199544 207936 199648 198600 188200
 2705 24 5 204704 484880 635464 573480 274920 0 333360 987696 932496 525864 364800 379432 1091992 183968 170472
 2716 24 6 496352 566040 207800 618152 536440 331640 0 658448 621632 662112 388824 385792 789624 198784 182608
 2727 24 7 443360 729264 522136 484472 748128 973680 673200 0 702840 931048 325200 333024 3098368 125600 124768
 2738 24 8 260768 656896 296936 198448 190728 896680 596280 670896 0 442368 380968 425832 427376 195352 195824
 2749 24 9 294248 300888 693280 207472 207696 482320 657400 876304 459416 0 389440 383376 403832 198096 184848
 2760 25 0 0 460648 911688 732688 498728 202544 206752 667488 252720 301936 282656 380712 381816 378712 191424
 2771 25 1 475648 0 578680 618816 941024 195392 202664 278384 629504 268368 279424 377624 421256 372616 193952
 2782 25 2 941128 610008 0 679856 992920 771784 475384 509400 710352 410408 234912 310720 3057392 248024 122992
 2793 25 3 724784 608632 631216 0 361192 534888 631144 170344 495872 504176 349696 357808 705960 310832 172800
 2804 25 4 539648 967264 964344 367216 0 266416 563440 633152 459120 203632 371632 342920 1080608 223128 162616
 2815 25 5 99704 107568 775864 490064 272528 0 276552 500968 771808 104080 200000 195112 175608 187024 168520
 2826 25 6 208592 199424 447520 600920 569656 275528 0 345152 846592 809808 371192 383296 631528 177776 168864
 2837 25 7 709976 280672 476592 170880 619144 526416 338312 0 625616 222360 379832 366320 791048 170648 173488
 2848 25 8 255216 666840 701392 510616 476408 758776 851168 641776 0 665160 328192 313896 3062072 120640 123880
 2859 25 9 297448 269744 423544 460032 192400 186400 779808 213152 623232 0 367912 400528 404712 186864 188784
 2870 26 0 0 392952 607608 985760 169768 222960 167872 380640 493296 303872 285688 364736 408072 395200 183784
 2881 26 1 379936 0 383824 871208 673344 272248 169128 190256 473848 453952 297792 362584 400520 359816 186152
 2892 26 2 600656 382640 0 657800 596448 738240 174264 184472 230712 702352 299032 371736 359328 337152 173016
 2903 26 3 1006352 894880 658600 0 551296 862968 729648 470736 447568 508360 312592 322760 3078680 241912 122248
 2914 26 4 168376 672104 576096 532120 0 345712 550488 656672 279624 809024 361568 378056 803840 235896 174608
 2925 26 5 220920 287112 749504 861968 329592 0 274568 584608 649904 511568 369712 374840 631328 182368 172248
 2936 26 6 108360 89208 94984 760768 508632 279816 0 276656 509304 796296 198248 193848 175904 184520 173264
 2947 26 7 373808 189768 188472 440080 673184 574592 284720 0 675216 1236536 351552 361376 1076080 164432 157352
 2958 26 8 514832 471704 247504 435280 271248 636392 564912 627840 0 700200 379960 376280 769728 170000 164616
 2969 26 9 317096 494000 728240 543320 798888 524824 793552 1216408 702032 0 315016 314752 3086264 117632 120560
 2980 27 0 0 678016 941848 1068160 819312 524648 825416 566488 547760 883304 214688 314728 309480 3157152 122872
 2991 27 1 653016 0 417640 613104 977432 203120 447128 204984 462024 381512 314480 398448 411568 399784 187984
 3002 27 2 918656 416232 0 358896 885016 626536 279376 189432 208504 451288 330488 397224 385328 345720 200408
 3013 27 3 1025584 624864 356528 0 640688 568440 623480 171256 189920 215560 364440 410440 401824 344000 194528
 3024 27 4 821168 1016120 917816 669496 0 667952 855824 757496 433032 228016 320504 329640 3098040 196040 128600
 3035 27 5 491712 206112 637000 562384 613136 0 228256 567328 719464 509944 377552 381880 793256 192064 185848
 3046 27 6 821376 488352 286344 623744 850656 217440 0 302840 603472 643432 373432 356840 1079432 170840 170840
 3057 27 7 570704 118312 128728 116224 770352 535016 289072 0 397560 522296 220424 219984 185904 189120 196856
 3068 27 8 542664 431360 212928 200448 414968 715840 586344 442256 0 750344 383520 370776 1082520 175032 175016
 3079 27 9 875952 383040 458104 209792 236000 474928 639608 593536 707792 0 369400 378064 822592 181856 181344
 3090 28 0 0 536576 656936 754720 217968 477736 213440 701216 248288 286616 283016 370272 396856 775856 193112
 3101 28 1 538640 0 712672 914184 1039120 797320 505720 750304 541824 529088 243888 327672 334680 3031968 134272
 3112 28 2 654720 677728 0 358304 592592 924712 173280 272032 219944 430552 312040 379216 400944 337800 196912
 3123 28 3 738392 893400 346256 0 351472 859712 606616 167576 196040 193536 371608 392992 398080 330768 194880
 3134 28 4 222136 1009056 585080 366728 0 646544 579648 614504 189232 196488 373224 375856 414352 273984 185776
 3145 28 5 502800 814208 959592 880248 663368 0 633840 850416 436072 205728 323464 320656 3032160 125424 133744
 3156 28 6 203032 476384 181128 619896 563552 598288 0 331952 282432 733016 381424 376472 760368 190672 185480
 3167 28 7 736328 744872 283752 157832 611704 840416 331840 0 209024 237664 361384 361792 1097960 174504 169816
 3178 28 8 181608 566992 142944 141008 124352 461344 242440 199784 0 580280 215768 234560 189144 192256 184728
 3189 28 9 298216 525000 448792 212112 198216 198024 682096 225472 640208 0 357064 380008 963200 187000 180568
 3200 29 0 0 688936 654040 707152 186608 214992 467632 504104 723776 498176 262360 385816 344424 1065232 172912
 3211 29 1 688712 0 672904 620824 688656 200072 486912 205632 693576 236760 301992 371032 375512 778928 182920
 3222 29 2 644512 665680 0 662504 903864 954168 786952 516512 622072 510920 241728 327088 316672 3033776 135304
 3233 29 3 703920 637136 650168 0 359840 569360 903432 172928 211504 215472 357120 374744 402064 338768 193416
 3244 29 4 194424 703192 871776 361336 0 341536 865104 621264 193280 211608 390040 392224 386448 255224 194296
 3255 29 5 202872 183344 903312 569096 339944 0 618792 576752 658848 204160 382920 387296 400536 198536 188560
 3266 29 6 489480 530264 800864 941192 895952 634280 0 659464 819528 500488 325544 318584 3081944 139200 123088
 3277 29 7 504672 220464 474608 160216 629288 570472 641736 0 478536 912416 386040 362496 782776 174280 169072
 3288 29 8 713872 702368 595416 202712 205776 655240 814912 459488 0 372720 354096 371904 989984 185032 172096
 3299 29 9 467472 183720 556224 166000 137192 130392 547696 800880 319464 0 227320 212024 200632 182424 197056
 3310 30 0 0 344280 819920 616176 133928 138624 152216 557808 178536 451728 206192 221832 217360 198840 182136
 3321 30 1 371120 0 486856 857000 691672 194584 208920 615256 706808 839192 290256 370792 395712 1084584 168368
 3332 30 2 872424 484912 0 633256 594208 636760 182128 492640 211080 514152 307232 384296 369040 733616 189200
 3343 30 3 491656 856816 657384 0 674208 910568 955952 783960 517176 512912 327896 334768 302424 3024584 135208
 3354 30 4 194632 706176 572064 649544 0 348984 580520 909768 206912 231888 394464 383400 402432 298296 188608
 3365 30 5 196432 192808 632688 858336 339112 0 321640 894552 653760 200744 377088 371456 395312 197464 191376
 3376 30 6 211248 210144 170648 909416 569136 314096 0 624728 614888 652888 366288 395512 424320 198072 186608
 3387 30 7 525120 651760 526568 788200 940112 898568 666096 0 649816 648352 317160 329928 3115360 137360 128312
 3398 30 8 239992 700096 212304 479656 196288 635288 618976 629992 0 698792 368384 376248 793464 190464 180568
 3409 30 9 530352 850240 538024 479424 236520 206424 642232 649384 688240 0 365984 355640 1041176 176376 176296
 3420 31 0 0 634120 754840 985040 230392 205488 191304 410960 510568 264888 267904 347992 346200 1047952 157680
 3431 31 1 597848 0 217024 611216 818552 135872 128608 131624 561792 178024 182064 192592 196560 161680 170816
 3442 31 2 731416 246376 0 370360 851352 634912 171200 262936 744032 689872 267088 340872 339824 1023216 152664
 3453 31 3 1024520 645720 367056 0 639544 574928 601680 132600 458144 139336 333544 344776 331896 681936 164040
 3464 31 4 247016 711128 849008 663392 0 639136 684768 331464 432232 164680 321384 330496 337432 1945720 132752
 3475 31 5 206920 197704 633104 554272 625000 0 313392 154272 637008 171456 345232 378840 375672 174464 173144
 3486 31 6 191176 191872 155904 596744 641656 321624 0 311272 436264 493064 354904 378784 356016 187392 168912
 3497 31 7 400136 172232 263096 131272 335936 161552 311008 0 555480 570008 370808 359160 399952 161848 172696
 3508 31 8 504800 531312 753632 478400 480624 670320 481672 605528 0 438776 300984 290768 2992416 108504 112024
 3519 31 9 269048 202592 691152 159400 169000 158960 500792 583608 439848 0 344080 339744 752720 169152 181752
 3530 32 0 0 658648 525696 664904 125752 127120 142032 362872 294696 793768 203296 304304 292184 730448 106584
 3541 32 1 703128 0 368168 543024 625296 115368 126680 125864 360400 481592 219480 301824 307136 972544 102504
 3552 32 2 489328 385728 0 215776 479144 537352 69080 67016 78400 523776 131096 129752 126328 113120 116784
 3563 32 3 637400 530416 226848 0 151480 494312 544368 207464 394904 746032 279792 293736 271936 968496 102776
 3574 32 4 124384 623456 485016 154752 0 255792 496504 577480 118552 420632 313408 315496 328752 186088 115288
 3585 32 5 134432 117928 369208 497408 257136 0 245816 516288 588120 435400 310400 312152 311968 115936 123200
 3596 32 6 139496 116304 101200 535944 488056 248344 0 283536 529112 860392 299456 319352 350392 122144 111440
 3607 32 7 382000 134760 110864 207744 559040 511288 282528 0 311904 830696 309200 326872 342336 120032 120320
 3618 32 8 277768 358080 125968 374776 117376 581632 522824 329232 0 562976 305296 295248 346680 111344 116336
 3629 32 9 804680 474048 493056 740328 462008 466272 895448 861616 568632 0 243888 238648 3065168 50688 56008
 3640 33 0 0 668328 1158632 752832 447176 458552 421656 656864 446416 277760 152328 253144 256736 3042424 52632
 3651 33 1 645464 0 581752 500640 621304 120632 134920 154784 426464 486656 229280 292128 310776 713528 110248
 3662 33 2 1199928 610688 0 219784 509008 557216 99432 113400 124632 361072 221144 294120 287824 928152 102256
 3673 33 3 826448 460784 233840 0 237136 460616 511608 57984 61232 57664 137456 130408 134856 109768 124840
 3684 33 4 426328 637416 509000 200160 0 256648 491544 654800 397416 455544 295744 290768 284536 934784 93472
 3695 33 5 418824 127592 543024 458904 253408 0 127832 508336 590744 130096 309816 319400 289720 125744 131608
 3706 33 6 409912 132608 99440 350288 499784 126624 0 274520 526400 581640 309120 314584 296872 112240 120280
 3717 33 7 629136 159712 111504 97920 661616 504616 274976 0 312584 562016 298728 298976 331784 124784 120392
 3728 33 8 416688 429976 134512 120192 380304 573320 521728 308400 0 351352 306744 312920 328200 114592 111088
 3739 33 9 283744 477264 352128 121600 429920 134800 590528 555688 335696 0 314056 309376 349352 118840 117352
 3750 34 0 0 635744 575560 929544 124112 110976 78992 289136 115128 140224 164648 268184 248680 301368 63696
 3761 34 1 664608 0 660296 1088480 717880 284056 78720 72440 295824 105560 127536 218512 223744 1926616 27264
 3772 34 2 575416 621744 0 378832 479040 541112 51472 54152 65544 247344 165400 274064 241712 190368 74536
 3783 34 3 998056 1120168 389704 0 204488 219264 236752 38464 49144 44728 210592 239520 214856 899120 40856
 3794 34 4 62872 776456 471192 255808 0 221920 65544 241928 42976 42600 85712 82392 80576 61248 59168
 3805 34 5 108840 274536 530472 206840 184632 0 75824 49824 231400 23544 262312 258016 245808 65136 60688
 3816 34 6 83424 78928 51096 234584 40688 69608 0 63216 26152 203320 256104 255424 243808 63384 60648
 3827 34 7 278992 81632 53056 42728 65960 52360 57944 0 58512 25512 251552 250664 261168 59888 65600
 3838 34 8 120096 285184 61944 44192 41944 228560 28984 56152 0 53888 259088 262144 291128 58464 71032
 3849 34 9 143496 106712 268176 40096 39808 24008 204344 22920 58536 0 246344 251264 260224 58840 70472
 3860 35 0 0 82888 37136 279432 360 8 80 193264 24832 56384 113184 190776 191144 196216 0
 3871 35 1 81728 0 66840 37624 259184 0 32 376 200464 27192 114440 193304 197024 172784 0
 3882 35 2 41176 72424 0 60360 31616 28552 16 0 304 207712 117496 208544 178256 126464 0
 3893 35 3 296120 34464 61560 0 75720 0 216056 776 56 8 198672 199664 199744 119864 0
 3904 35 4 32 257872 29960 80848 0 0 30224 203088 360 16 198584 194680 203096 67912 0
 3915 35 5 40 752 216048 31016 61520 0 46016 29720 205496 272 20320 19088 16216 0 0
 3926 35 6 344 16 64 225224 26608 0 0 61384 29200 217352 219064 194256 189168 0 0
 3937 35 7 201840 112 8 48 209656 0 63928 0 54552 29304 195224 183824 197904 0 0
 3948 35 8 26840 197656 24 8 8 26632 27008 61032 0 51808 178504 190744 201360 0 0
 3959 35 9 51608 31000 218424 96 16 0 220640 25944 54336 0 212648 190288 187336 0 0
 3970 36 0 0 83792 39680 274016 768 0 0 210528 30336 51376 98384 200216 181560 206232 0
 3981 36 1 73320 0 74736 35720 257024 368 0 304 210528 31424 116744 196872 197072 175792 0
 3992 36 2 41104 82736 0 58176 30648 185760 40 0 40 219808 110376 190872 186480 117712 0
 4003 36 3 284208 34696 49008 0 77904 29744 29792 296 0 112 196992 189240 179800 117984 0
 4014 36 4 40 250496 30608 79824 0 66152 0 212984 312 8 191272 200232 196600 68552 0
 4025 36 5 0 816 200472 22912 63472 0 0 22768 209696 536 187576 192960 185528 0 0
 4036 36 6 280 8 16 212576 22968 46864 0 62360 23424 210040 17632 19376 20080 0 0
 4047 36 7 205640 456 0 56 204400 28384 0 0 51032 25856 206784 196376 199016 0 0
 4058 36 8 30216 207272 96 16 512 209008 344 67112 0 56080 197168 184056 206256 0 0
 4069 36 9 50960 28040 211000 32 0 512 26832 25680 60912 0 200760 196112 198640 0 0
 4080 37 0 0 90464 37056 269168 536 16 288 23456 29120 46640 104136 204440 187392 186648 0
 4091 37 1 78032 0 87712 47704 239792 568 0 16 198360 29440 117272 197792 190768 166960 0
 4102 37 2 33760 77448 0 56912 25016 210208 16 8 16 211600 121432 184864 191912 119488 0
 4113 37 3 283720 37200 58536 0 80528 28128 203688 8 16 56 187520 189160 169688 131960 0
 4124 37 4 1312 241624 28984 78528 0 51984 24952 27072 568 40 195080 181352 193096 62680 0
 4135 37 5 24 48 203192 24744 60976 0 42312 0 198288 528 199584 191528 177504 0 0
 4146 37 6 280 16 288 202208 24064 40312 0 11648 27072 205648 199656 202080 181120 0 0
 4157 37 7 203696 528 0 808 201576 30384 62392 0 63072 26216 21168 24112 16696 0 0
 4168 37 8 29584 198584 24 16 136 207048 27288 0 0 58480 201376 182920 188080 0 0
 4179 37 9 51616 27480 202520 32 16 104 220640 8 56584 0 195248 187192 197704 0 0
 4190 38 0 0 91488 38296 262832 672 24 24 207504 6144 57896 92792 194992 205000 185072 0
 4201 38 1 81544 0 76432 34824 254640 288 8 280 23000 27872 119928 197320 200136 172864 0
 4212 38 2 36696 75064 0 58728 24112 203208 864 0 0 196672 117256 194536 181376 119960 0
 4223 38 3 265720 36064 52120 0 85560 27888 218024 568 8 560 179856 193616 170160 110448 0
 4234 38 4 272 251856 30240 75496 0 59352 27568 206448 0 0 194656 195040 189072 64392 0
 4245 38 5 8 56 209392 26792 50288 0 46584 25576 24576 24 193376 199792 187536 0 0
 4256 38 6 0 24 16 196320 31992 47160 0 64120 0 207984 193368 189496 194712 0 0
 4267 38 7 210216 272 48 88 195880 25248 55352 0 27336 31280 192592 200464 197344 0 0
 4278 38 8 25944 205248 80 0 536 217088 27512 57920 0 55168 28592 26088 25800 0 0
 4289 38 9 57872 30008 205328 0 0 0 202224 29144 8 0 192992 192936 191888 0 0
 4300 39 0 0 89328 35424 278256 64 0 80 200640 26704 0 103968 194872 180736 201584 0
 4311 39 1 80016 0 73560 40888 243984 264 0 24 192744 27040 113816 201784 204680 173976 0
 4322 39 2 34712 73872 0 58776 31560 207768 40 16 312 8 113512 189896 172032 119576 0
 4333 39 3 284680 41768 56008 0 85488 26640 212000 840 0 8 185864 180848 177960 125008 0
 4344 39 4 272 250168 31864 71008 0 58440 28024 216576 480 0 180744 204600 195488 62944 0
 4355 39 5 8 288 197416 25184 59120 0 45368 26808 207744 0 202248 190560 170064 0 0
 4366 39 6 0 32 40 194664 31656 38728 0 57184 32624 26536 197024 195912 184128 0 0
 4377 39 7 206584 48 0 400 192112 29384 55504 0 59096 0 187768 207944 192952 0 0
 4388 39 8 24336 212208 304 24 816 200544 33080 56840 0 29344 184208 196560 188768 0 0
 4399 39 9 51992 26864 200696 32 16 24 201792 31040 49888 0 23824 28832 29560 0 0
 4410 40 0 0 72968 43016 256472 304 0 296 202912 31080 51336 21024 28720 25064 24568 0
 4421 40 1 42072 0 85472 42472 254744 568 0 568 202952 28568 117208 203312 201528 165176 0
 4432 40 2 0 85432 0 52272 30896 207464 48 8 296 207072 125920 188264 180216 119128 0
 4443 40 3 36056 41912 52440 0 78904 30592 203248 24 8 16 189000 190640 180744 114080 0
 4454 40 4 376 253008 27376 76576 0 61688 29656 205000 768 0 195944 198592 201632 62368 0
 4465 40 5 16 432 200704 30032 61872 0 46536 28344 223728 32 209936 193752 182304 0 0
 4476 40 6 8 8 264 215208 28192 47856 0 59560 29080 212840 190736 180800 188240 0 0
 4487 40 7 16 368 32 296 203584 28648 56464 0 57944 32352 200904 185640 192672 0 0
 4498 40 8 20432 205664 312 8 112 207872 28656 53256 0 64960 197024 198680 207280 0 0
 4509 40 9 0 29104 204976 128 16 304 194168 30144 58576 0 195336 204064 195968 0 0
 4520 41 0 0 0 34280 272536 24 0 512 216160 30784 50768 100808 216032 194840 204184 0
 4531 41 1 80576 0 82080 38936 260016 64 0 320 212240 28952 18704 27408 28488 29664 0
 4542 41 2 35696 37232 0 56560 33624 201736 8 16 312 197992 114800 204880 182080 116864 0
 4553 41 3 293192 0 56944 0 78600 29120 206552 264 0 16 193576 192464 180600 112880 0
 4564 41 4 1048 37416 28568 76624 0 57864 26568 220976 816 32 211440 208616 201096 60104 0
 4575 41 5 16 0 203872 26464 67688 0 43920 31304 213696 24 193928 191800 184272 0 0
 4586 41 6 200 16 40 207056 28744 48280 0 68328 28424 204536 187664 201704 193912 0 0
 4597 41 7 214920 16 8 328 212640 25720 62568 0 54240 25160 210504 204864 206032 0 0
 4608 41 8 31472 21872 272 48 16 207632 32752 59352 0 53232 193992 206728 200568 0 0
 4619 41 9 57448 7888 213000 0 0 56 209680 26280 59464 0 192448 187648 180992 0 0
 4630 42 0 0 84696 16 275000 520 8 304 209392 34616 51408 92344 191024 185680 210448 0
 4641 42 1 83760 0 0 36248 263344 264 16 264 205648 25528 123840 199168 202648 179328 0
 4652 42 2 33848 77880 0 49312 27112 219024 288 0 312 208408 9496 17344 16128 10088 0
 4663 42 3 263048 40208 6800 0 89472 31440 204816 280 0 552 185920 197688 187176 124248 0
 4674 42 4 600 253048 0 88184 0 56184 25048 207272 552 0 201896 191528 207512 70000 0
 4685 42 5 8 528 21496 27784 55512 0 47296 28744 203688 32 202944 193808 191320 0 0
 4696 42 6 24 16 16 217504 28472 40224 0 58200 28424 199616 197520 202040 183016 0 0
 4707 42 7 215520 1000 0 824 207744 23720 61336 0 64064 22152 196768 196296 192528 0 0
 4718 42 8 31288 216512 32 32 0 216824 29632 53104 0 55312 199256 197400 202776 0 0
 4729 42 9 51400 30520 25320 8 8 352 213904 28384 62056 0 187736 190144 185680 0 0
 4740 43 0 0 78264 38296 36280 552 40 296 208096 28328 49864 94496 199968 191416 201824 0
 4751 43 1 77600 0 75520 8 233512 56 16 696 208088 31448 110392 200848 191640 170600 0
 4762 43 2 40336 70536 0 0 26032 216024 288 16 792 214592 125624 187984 187896 124856 0
 4773 43 3 278824 38296 59264 0 83480 27216 201288 264 32 272 15272 13976 19536 10248 0
 4784 43 4 560 247864 25272 40 0 62904 25544 204920 32 8 186944 181800 188328 66712 0
 4795 43 5 56 600 223568 0 55520 0 41720 27344 209928 8 194224 194912 194568 0 0
 4806 43 6 576 16 8 22792 24920 44680 0 59968 25816 206104 181544 196400 178208 0 0
 4817 43 7 212376 304 8 0 198952 28952 55632 0 62456 27080 193200 187240 201728 0 0
 4828 43 8 24448 212048 48 0 256 203040 27576 51984 0 55480 206928 190336 200376 0 0
 4839 43 9 53448 24400 204096 16 0 280 202296 28456 61440 0 209320 185744 190944 0 0
 4850 44 0 0 76584 36440 271760 8 16 16 203088 25344 53184 104944 198536 192144 188448 0
 4861 44 1 84128 0 76768 35024 29496 264 16 312 206440 29792 129208 197416 188864 163416 0
 4872 44 2 38464 78592 0 54240 0 217992 536 16 640 195360 116544 194672 186952 115152 0
 4883 44 3 286080 36688 45952 0 0 28328 219944 104 0 32 186536 190840 177656 118008 0
 4894 44 4 368 251080 24104 82704 0 59264 27872 191336 0 0 12168 17392 18528 6040 0
 4905 44 5 16 272 214840 24672 0 0 41912 29992 206872 16 199896 197960 199552 0 0
 4916 44 6 648 0 264 204008 0 45560 0 66224 31464 206296 199096 191704 189688 0 0
 4927 44 7 192448 40 8 224 24480 31424 55656 0 53976 27144 193072 191112 193872 0 0
 4938 44 8 27856 205112 328 8 0 212552 27344 53920 0 60640 196752 193152 189056 0 0
 4949 44 9 52056 31072 213032 40 0 264 207864 33128 55232 0 193632 191560 186264 0 0
 4960 45 0 0 86576 40376 266648 0 0 264 208208 25880 49536 99264 187952 180928 207488 0
 4971 45 1 81848 0 83712 38912 249576 0 24 272 209440 28240 123768 192824 198056 178344 0
 4982 45 2 36712 80520 0 54968 26560 26064 528 24 104 214232 121792 188400 177216 128432 0
 4993 45 3 274088 37384 58112 0 75960 0 219120 264 8 288 177104 189984 187432 114512 0
 5004 45 4 576 250720 27080 72520 0 0 26944 200672 8 0 189624 195592 186528 64088 0
 5015 45 5 32 880 199936 24144 57704 0 52048 21384 201904 320 18544 19512 18160 0 0
 5026 45 6 280 24 544 212056 23064 0 0 61360 26512 199016 195592 205056 184264 0 0
 5037 45 7 203296 24 40 72 202800 0 61040 0 55536 27816 200520 193112 188600 0 0
 5048 45 8 28008 207712 640 16 24 30488 30584 58800 0 59360 191856 191664 193040 0 0
 5059 45 9 50480 29872 206488 8 0 0 194224 30968 58240 0 194632 191920 191624 0 0
 5070 46 0 0 75800 37744 286648 1064 8 24 206200 30584 58992 95408 189696 195024 185368 0
 5081 46 1 73544 0 82024 38168 256856 120 0 320 200880 31760 117576 200656 187008 172088 0
 5092 46 2 34544 75192 0 55960 24600 201624 0 8 528 192792 124744 191136 174952 115584 0
 5103 46 3 271944 37160 53904 0 78152 30320 25904 40 16 32 198872 195552 183392 113304 0
 5114 46 4 8 252376 30512 71544 0 58344 0 202280 1336 24 209120 192616 196960 65400 0
 5125 46 5 16 160 198656 30144 57936 0 0 30728 206224 24 182664 192440 195632 0 0
 5136 46 6 352 8 8 208272 28104 45056 0 58768 28048 203624 16704 16776 16464 0 0
 5147 46 7 210320 280 8 440 215904 28136 0 0 59992 26592 197000 193696 192832 0 0
 5158 46 8 25072 203352 16 0 536 207808 96 54232 0 54992 192072 198288 191072 0 0
 5169 46 9 49424 32720 204376 48 0 296 23808 30472 52584 0 204824 182632 182120 0 0
 5180 47 0 0 88000 42112 273696 552 8 8 23608 29696 51712 102072 187160 190784 182480 0
 5191 47 1 81624 0 74064 36048 256048 40 16 0 209232 31632 131384 181536 188984 173792 0
 5202 47 2 37376 82376 0 52424 30744 207768 328 8 816 208048 126848 202104 179056 120856 0
 5213 47 3 268600 40552 61520 0 72200 23752 209000 8 8 312 188296 183936 179832 113512 0
 5224 47 4 656 234096 23168 78992 0 64848 28664 28712 48 16 180720 195296 192248 69136 0
 5235 47 5 8 40 215032 24576 53104 0 44656 0 208032 352 197288 189776 180168 0 0
 5246 47 6 56 16 0 199760 23200 41736 0 10880 28320 192432 199456 205288 174568 0 0
 5257 47 7 202088 296 16 40 201696 26272 65192 0 51688 36104 21376 19312 22728 0 0
 5268 47 8 25736 203296 40 0 32 202808 29152 0 0 52496 214272 187504 187800 0 0
 5279 47 9 47464 28384 212728 552 24 544 202456 256 59104 0 178952 195824 198328 0 0
 5290 48 0 0 85872 40664 272208 264 16 16 211248 4632 54560 92912 194528 190040 189552 0
 5301 48 1 81528 0 83720 41320 237904 280 48 1664 22040 28176 122400 197288 198904 169264 0
 5312 48 2 39192 77760 0 59040 31688 196520 32 0 24 203360 123840 197880 186576 112232 0
 5323 48 3 267320 38720 49416 0 79344 26792 208848 808 0 24 192688 201784 173000 117888 0
 5334 48 4 584 257288 29216 79768 0 59944 23208 213160 0 8 194768 191264 193208 65544 0
 5345 48 5 8 560 210608 28952 64856 0 46648 29152 26680 8 188920 187168 185824 0 0
 5356 48 6 304 16 24 202576 29648 50192 0 61792 0 204632 179104 188448 187784 0 0
 5367 48 7 200968 8 0 208 200352 29192 52224 0 24256 27800 212344 208320 195376 0 0
 5378 48 8 24728 201808 40 0 8 199864 27952 66016 0 52808 21768 30408 25752 0 0
 5389 48 9 52592 25304 207152 48 0 32 196232 30384 16 0 193784 186200 191000 0 0
 5400 49 0 0 82464 39944 277712 288 0 40 207464 31104 0 100112 199376 182520 200656 0
 5411 49 1 75808 0 80112 40360 251856 400 0 288 208096 29048 125072 189904 195528 181784 0
 5422 49 2 43168 83312 0 60880 27080 207592 272 0 40 104 118232 190184 183568 119576 0
 5433 49 3 262616 43888 54800 0 79536 28448 210224 544 8 8 195520 196536 183552 119688 0
 5444 49 4 288 243256 28808 84104 0 59768 28640 215856 312 0 191848 206280 194072 68536 0
 5455 49 5 40 960 203688 29056 65040 0 47528 28904 209472 256 206592 192128 178568 0 0
 5466 49 6 48 8 88 201792 30344 50064 0 58936 26480 25024 190296 198696 186064 0 0
 5477 49 7 213112 320 0 88 206864 27856 56200 0 59528 0 196992 211592 188872 0 0
 5488 49 8 26328 211664 584 0 8 202128 31000 55176 0 29208 202224 189552 209632 0 0
 5499 49 9 61280 26440 204528 24 8 280 201816 29448 67224 0 26896 27560 28576 0 0
 5510 50 0 0 77728 41208 273296 24 0 536 215064 30952 47872 98064 193488 197960 193144 0
 5521 50 1 74392 0 76960 38648 253336 736 40 72 193320 24704 116912 197392 203000 160232 0
 5532 50 2 34248 78544 0 51544 26440 202192 568 24 280 210984 112824 192032 180984 129912 0
 5543 50 3 278952 34464 54208 0 80968 26432 206864 864 0 528 186424 201096 182400 119080 0
 5554 50 4 1048 257688 28776 84552 0 56912 27336 205960 24 0 202144 199168 193912 62000 0
 5565 50 5 0 112 199568 28360 64376 0 44224 30560 206160 16 195688 201032 174288 0 0
 5576 50 6 296 16 352 213952 26160 47224 0 55408 27640 207992 197552 198432 180840 0 0
 5587 50 7 208304 152 8 272 204840 29864 55296 0 62768 27856 191392 199208 198392 0 0
 5598 50 8 26608 202320 248 0 64 208520 25432 53184 0 63296 202216 193776 179744 0 0
 5609 50 9 59528 24544 216080 264 24 8 215760 27880 53928 0 198448 199616 185288 0 0