# Format <LP ID> <Group ID> <Router ID> <Link traffic per router port(s)># Router ports in the order: 6 local channels, 3 global channels
 6 0 0 0 36317428 17680728 22830792 20408476 16658784 14655584 14561772 14547232
 13 0 1 35888552 0 36993108 20273444 18292776 16702144 24680268 14657260 14605828
 20 0 2 17274212 34695092 0 28611300 22042816 26135068 26833612 14597488 14582288
 27 0 3 24935276 21271768 28069556 0 34869160 20994796 29221920 14667660 14626632
 34 0 4 19204432 19187264 19134940 37209464 0 33842180 27975268 14601324 14572720
 41 0 5 16726116 16781604 26985404 21181260 32604292 0 21924008 14650052 14614392
 48 1 0 0 27858140 25177840 18858756 27864760 21560200 24634844 15293432 15469076
 55 1 1 27565732 0 27590908 23540540 14659704 18460980 15505984 15473500 15410840
 62 1 2 26138356 27907664 0 29216508 24074352 19412348 26843940 15357568 15430136
 69 1 3 18356024 23201152 28307580 0 29226612 32283828 27873700 15442784 15541012
 76 1 4 27997904 14765492 26092588 25292088 0 33110776 28342216 15447036 15542416
 83 1 5 21232564 18032404 19372592 34850728 31576100 0 25612392 15371800 15396832
 90 2 0 0 33953128 23915896 15788168 25876664 23260856 26798832 16207428 16144416
 97 2 1 33969776 0 31131628 26209588 22127776 18346020 26853900 16147656 16263764
 104 2 2 23627004 31370056 0 29753564 19128800 18488256 16280428 16327408 16261336
 111 2 3 16876936 26224096 28953624 0 33084652 28775272 25515404 16206504 16320780
 118 2 4 24635380 22336428 20656468 33741936 0 34666252 31198960 16332764 16219320
 125 2 5 23622772 17799948 17745476 28248848 35978564 0 25350380 16269224 16278280
 132 3 0 0 34337768 19741496 15616272 20540496 29781484 29172232 14536392 14553972
 139 3 1 31603680 0 36381392 18893964 24391004 14940140 27588004 14548856 14624644
 146 3 2 19994472 32292124 0 30323720 13670272 17501172 25691920 14710324 14566044
 153 3 3 16447036 19531488 26647748 0 29572936 16925928 14634016 14631328 14462472
 160 3 4 21255836 25022860 13846700 27863080 0 33419028 25184844 14530060 14676108
 167 3 5 30680324 14666048 17410356 16277308 33286444 0 23142368 14603296 14611652
 174 4 0 0 36753876 22408776 18463748 16686796 23009240 28106308 15820444 15768988
 181 4 1 36523400 0 38753672 19095332 21198916 19735260 28309096 15823068 15848384
 188 4 2 22371160 38259896 0 39222408 18779892 18509428 31144280 15830540 15825736
 195 4 3 18224260 18660464 36729684 0 25904720 26576332 25190088 15865344 15839220
 202 4 4 16588744 23069956 19756064 25636040 0 32380680 15890052 15721652 15751588
 209 4 5 23680272 18602368 19437564 23739952 34787208 0 21545332 15726008 15873644
 216 5 0 0 35597160 32362612 13615196 12225700 9914752 21908144 10233240 10352588
 223 5 1 36211972 0 34267356 19932396 11614204 8737848 25756040 10305556 10279332
 230 5 2 32463068 34107048 0 24600208 9591532 8686176 25216876 10305292 10262820
 237 5 3 13237416 20780656 24735912 0 8748008 3473776 23048700 10317884 10287044
 244 5 4 12088964 11674288 9369060 8919764 0 0 21596904 10318148 10261872
 251 5 5 9761188 8783952 8603468 3841968 0 0 10279752 10288388 10242700
 258 6 0 0 5323136 4050344 0 2338072 2854220 14513052 0 0
 265 6 1 5292140 0 4824232 2301112 2867876 0 15402656 0 0
 272 6 2 4060964 4858896 0 5319592 813480 1157224 16089304 0 0
 279 6 3 0 2314816 5148628 0 5330276 1749456 14559964 0 0
 286 6 4 2282132 2910500 892324 5231456 0 4503104 15825380 0 0
 293 6 5 2879836 0 1168824 1708320 4473260 0 10259936 0 0
 300 7 0 0 5362684 4055352 0 2342536 2899788 14615292 0 0
 307 7 1 5381580 0 4908336 2324224 2859332 0 15369960 0 0
 314 7 2 4029104 4806408 0 5330680 819700 1161880 16323724 0 0
 321 7 3 0 2322448 5270416 0 5246688 1712624 14596812 0 0
 328 7 4 2337284 2879368 908744 5189496 0 4503832 15774380 0 0
 335 7 5 2870996 0 1174072 1750204 4511808 0 10276324 0 0
 342 8 0 0 5383236 4059228 0 2287152 2866452 14598996 0 0
 349 8 1 5300116 0 4858120 2318612 2885828 0 15558860 0 0
 356 8 2 4057220 4971256 0 5306856 851004 1140360 16278416 0 0
 363 8 3 0 2324912 5317816 0 5321668 1745988 14584716 0 0
 370 8 4 2330764 2880780 893520 5201520 0 4520288 15821300 0 0
 377 8 5 2909884 0 1153164 1759852 4481888 0 10279512 0 0
 384 9 0 0 5371592 4071368 0 2330624 2894344 14550484 0 0
 391 9 1 5353176 0 4892200 2323140 2868424 0 15405388 0 0
 398 9 2 4036216 4832940 0 5305564 849320 1186068 16305932 0 0
 405 9 3 0 2318180 5287900 0 5314332 1712744 14624128 0 0
 412 9 4 2282376 2882024 888308 5250884 0 4559808 15903504 0 0
 419 9 5 2876592 0 1161184 1736500 4538928 0 10354720 0 0
 426 10 0 0 5343996 4059372 0 2282992 2912756 14779204 0 0
 433 10 1 5418888 0 4836096 2289764 2910292 0 15467924 0 0
 440 10 2 4076828 4922944 0 5330836 856300 1148804 16150240 0 0
 447 10 3 0 2327100 5227676 0 5237444 1736844 14553752 0 0
 454 10 4 2346280 2865780 876980 5195104 0 4441988 15771792 0 0
 461 10 5 2944428 0 1154424 1741344 4479672 0 10242304 0 0
 468 11 0 0 5388520 4045412 0 2289792 2926268 14665264 0 0
 475 11 1 5325236 0 4843452 2301832 2900720 0 15425604 0 0
 482 11 2 4103220 4843508 0 5323684 849068 1148892 16230388 0 0
 489 11 3 0 2277908 5273464 0 5295708 1761288 14509372 0 0
 496 11 4 2306388 2907560 899212 5136028 0 4480144 15785032 0 0
 503 11 5 2929940 0 1167860 1739120 4451212 0 10311292 0 0
 510 12 0 0 5303172 4064368 0 2293820 2883852 14571824 0 0
 517 12 1 5315148 0 4899384 2304664 2945908 0 15344800 0 0
 524 12 2 4006964 4851204 0 5336592 810212 1146388 16313944 0 0
 531 12 3 0 2296696 5289308 0 5253240 1714812 14528836 0 0
 538 12 4 2337520 2896600 896492 5143016 0 4499984 15835176 0 0
 545 12 5 2910836 0 1168820 1739392 4530976 0 10243144 0 0
 552 13 0 0 5350992 4050848 0 2308384 2899204 14594448 0 0
 559 13 1 5324720 0 4842596 2361024 2880448 0 15474668 0 0
 566 13 2 4072912 4917344 0 5291724 835576 1145156 16221696 0 0
 573 13 3 0 2324432 5267584 0 5309148 1724764 14657872 0 0
 580 13 4 2302640 2886600 900948 5250764 0 4511120 15803012 0 0
 587 13 5 2889920 0 1171148 1750328 4468232 0 10273436 0 0
 594 14 0 0 5351580 4036012 0 2287072 2908280 14523680 0 0
 601 14 1 5347712 0 4905056 2299320 2881412 0 15432928 0 0
 608 14 2 4055424 4864708 0 5319616 856216 1155880 16243356 0 0
 615 14 3 0 2326428 5235800 0 5267748 1725560 14608196 0 0
 622 14 4 2288248 2892640 910756 5246960 0 4491672 15817040 0 0
 629 14 5 2841196 0 1153444 1744768 4521332 0 10278764 0 0
 636 15 0 0 5353268 4051180 0 2292620 2929068 14805488 0 0
 643 15 1 5430072 0 4935084 2290652 2883460 0 15480088 0 0
 650 15 2 4122212 4882020 0 5303400 826476 1179644 16209688 0 0
 657 15 3 0 2318284 5171496 0 5281876 1692532 14588804 0 0
 664 15 4 2347332 2928484 904076 5230212 0 4427412 15752468 0 0
 671 15 5 2901104 0 1149648 1767184 4469144 0 10228200 0 0
 678 16 0 0 5311016 3992676 0 2345000 2931332 14616640 0 0
 685 16 1 5354092 0 4930804 2356768 2908120 0 15399364 0 0
 692 16 2 4041432 4892984 0 5330848 806180 1141696 16291680 0 0
 699 16 3 0 2272760 5311392 0 5314064 1782896 14581864 0 0
 706 16 4 2339448 2927884 901260 5153120 0 4427752 15849780 0 0
 713 16 5 2880816 0 1156484 1738672 4486288 0 10278832 0 0
 720 17 0 0 5321024 4066888 0 2315116 2911348 14570236 0 0
 727 17 1 5323208 0 4886924 2295512 2883860 0 15407136 0 0
 734 17 2 4058136 4877112 0 5333672 840084 1169044 16275568 0 0
 741 17 3 0 2342420 5267464 0 5262464 1736236 14571824 0 0
 748 17 4 2289084 2871856 930900 5208124 0 4570348 15794160 0 0
 755 17 5 2895692 0 1122952 1738748 4488288 0 10390620 0 0
 762 18 0 0 5396116 4075668 0 2338644 2844664 14552608 0 0
 769 18 1 5372232 0 4900268 2350404 2878060 0 15594592 0 0
 776 18 2 4028472 4936216 0 5307848 848980 1159876 16285996 0 0
 783 18 3 0 2363796 5239708 0 5278876 1753320 14673644 0 0
 790 18 4 2279332 2894696 918684 5265764 0 4537484 15848164 0 0
 797 18 5 2872476 0 1152948 1753788 4503272 0 10297276 0 0