# Format <LP id> <Terminal ID> <Total Data Size> <Aggregate packet latency> <# Flits/Packets finished> <Avg hops> <Busy Time>
 3 0 32064632 694.642868 84608 3.526084 0.000000
 4 1 38753880 671.019505 96717 3.189472 0.000000
 5 2 38747532 688.122093 96726 3.294477 0.000000
 10 3 32493596 750.313769 82011 3.738593 0.000000
 11 4 39178140 656.949660 100852 3.209665 0.000000
 12 5 33751788 720.418542 83649 3.481502 0.000000
 17 6 27933140 775.319801 73021 3.984119 0.000000
 18 7 39596272 571.277389 101494 2.716190 0.000000
 19 8 32916208 619.825170 82004 2.928918 0.000000
 24 9 32920828 604.288454 85442 2.963904 0.000000
 25 10 36667572 581.296193 93411 2.779388 0.000000
 26 11 32910660 618.196051 81989 2.928840 0.000000
 31 12 29573788 645.035869 76974 3.246698 0.000000
 32 13 40411528 726.197825 102403 3.584425 0.000000
 33 14 32504728 720.093634 80566 3.489758 0.000000
 38 15 32523708 704.502360 84033 3.514198 0.000000
 39 16 36259468 799.206945 91917 3.986342 0.000000
 40 17 32504832 722.893283 80543 3.490836 0.000000
 45 18 33341032 833.198365 86894 4.328141 0.000000
 46 19 36672956 578.024280 92954 2.759624 0.000000
 47 20 32502664 713.106692 80550 3.469486 0.000000
 52 21 32501036 699.019749 84014 3.489541 0.000000
 53 22 36248328 665.026553 91859 3.257984 0.000000
 54 23 32504220 713.405049 80568 3.469785 0.000000
 59 24 34582828 723.672757 89386 3.629958 0.000000
 60 25 32086876 622.716863 84683 3.142055 0.000000
 61 26 38747032 700.071906 96728 3.408229 0.000000
 66 27 38731736 578.211225 96707 2.708211 0.000000
 67 28 32491384 614.312964 82040 2.963991 0.000000
 68 29 39173636 566.319251 100853 2.703826 0.000000
 73 30 33754344 623.240303 83633 2.956538 0.000000
 74 31 27919224 644.831448 72990 3.204170 0.000000
 75 32 39597368 707.151958 101486 3.516567 0.000000
 80 33 32923868 852.883135 82101 4.269368 0.000000
 81 34 32925724 687.576158 85448 3.431444 0.000000
 82 35 36670540 872.553878 93358 4.446487 0.000000
 87 36 32918448 952.002064 82005 4.804919 0.000000
 88 37 29578180 954.485209 76880 5.010060 0.000000
 89 38 40403288 564.964643 102369 2.669003 0.000000
 94 39 32501204 753.831019 80568 3.702587 0.000000
 95 40 32497604 686.113109 84032 3.405785 0.000000
 96 41 36249024 684.855954 91890 3.378218 0.000000
 101 42 32504212 753.068188 80569 3.702211 0.000000
 102 43 33338416 672.592999 86940 3.376121 0.000000
 103 44 36664632 682.677856 92949 3.363500 0.000000
 108 45 32504460 752.734263 80609 3.701469 0.000000
 109 46 32512656 591.489549 84082 2.840909 0.000000
 110 47 36240660 598.956435 91839 2.863245 0.000000
 115 48 32489448 650.806951 80477 3.126964 0.000000
 116 49 34567788 575.285846 89328 2.792321 0.000000
 117 50 32073480 718.641710 84700 3.731232 0.000000
 122 51 38736336 795.331432 96743 3.939610 0.000000
 123 52 38740296 782.828288 96728 3.838428 0.000000
 124 53 32488240 727.919716 82008 3.596829 0.000000
 129 54 39180064 734.865619 100918 3.643997 0.000000
 130 55 33726884 716.335322 83569 3.440962 0.000000
 131 56 27921168 696.059998 72986 3.502749 0.000000
 136 57 39579236 569.336803 101487 2.681237 0.000000
 137 58 32905348 623.529423 81992 2.928839 0.000000
 138 59 32909292 688.045083 85428 3.420707 0.000000
 143 60 36652636 658.623545 93322 3.206395 0.000000
 144 61 32895816 718.106671 81978 3.476530 0.000000
 145 62 29578936 719.752441 76989 3.604765 0.000000
 150 63 40428396 645.621040 102409 3.106194 0.000000
 151 64 32503148 723.972492 80581 3.489007 0.000000
 152 65 32494276 695.010324 83974 3.438402 0.000000
 157 66 36263460 580.653403 91963 2.728911 0.000000
 158 67 32508192 629.186469 80579 2.941801 0.000000
 159 68 33336608 594.154937 86910 2.890479 0.000000
 164 69 36652080 687.136245 92881 3.332896 0.000000
 165 70 32505128 726.994308 80581 3.493592 0.000000
 166 71 32510492 789.189693 84009 3.976714 0.000000
 171 72 36243032 745.979417 91853 3.688754 0.000000
 172 73 32505740 819.314540 80573 4.018401 0.000000
 173 74 34588544 806.721068 89342 4.086607 0.000000
 178 75 32073304 596.290718 84725 2.958181 0.000000
 179 76 38745076 587.590265 96708 2.707925 0.000000
 180 77 38745084 603.677353 96674 2.810662 0.000000
 185 78 32498812 750.403147 81971 3.738364 0.000000
 186 79 39165496 660.033057 100800 3.208158 0.000000
 187 80 33745704 723.373442 83687 3.480709 0.000000
 192 81 27913272 776.645728 72964 3.984555 0.000000
 193 82 39598796 653.792863 101491 3.196568 0.000000
 194 83 32917712 720.266316 82034 3.515201 0.000000
 199 84 32923360 703.889727 85516 3.535567 0.000000
 200 85 36667220 580.883640 93268 2.779738 0.000000
 201 86 32905384 616.101355 82024 2.928113 0.000000
 206 87 29579992 647.141515 76940 3.247518 0.000000
 207 88 40416496 829.043028 102446 4.150002 0.000000
 208 89 32493152 819.401198 80473 4.040517 0.000000
 213 90 32496836 840.758661 83977 4.329981 0.000000
 214 91 36249616 670.808597 91856 3.281253 0.000000
 215 92 32503208 816.641930 80567 4.041093 0.000000
 220 93 33340156 803.654080 86877 4.124782 0.000000
 221 94 36649744 665.482017 92860 3.263875 0.000000
 222 95 32486248 718.139717 80548 3.491856 0.000000
 227 96 32505608 701.673701 83973 3.511398 0.000000
 228 97 36236440 668.602379 91869 3.280628 0.000000
 229 98 32472632 816.998913 80482 4.046859 0.000000
 234 99 34549172 842.300358 89249 4.315802 0.000000
 235 100 0 nan 0 nan 0.000000
 236 101 0 nan 0 nan 0.000000
 241 102 0 nan 0 nan 0.000000
 242 103 0 nan 0 nan 0.000000
 243 104 0 nan 0 nan 0.000000
 248 105 0 nan 0 nan 0.000000
 249 106 0 nan 0 nan 0.000000
 250 107 0 nan 0 nan 0.000000
 255 108 0 nan 0 nan 0.000000
 256 109 0 nan 0 nan 0.000000
 257 110 0 nan 0 nan 0.000000
 262 111 0 nan 0 nan 0.000000
 263 112 0 nan 0 nan 0.000000
 264 113 0 nan 0 nan 0.000000
 269 114 0 nan 0 nan 0.000000
 270 115 0 nan 0 nan 0.000000
 271 116 0 nan 0 nan 0.000000
 276 117 0 nan 0 nan 0.000000
 277 118 0 nan 0 nan 0.000000
 278 119 0 nan 0 nan 0.000000
 283 120 0 nan 0 nan 0.000000
 284 121 0 nan 0 nan 0.000000
 285 122 0 nan 0 nan 0.000000
 290 123 0 nan 0 nan 0.000000
 291 124 0 nan 0 nan 0.000000
 292 125 0 nan 0 nan 0.000000
 297 126 0 nan 0 nan 0.000000
 298 127 0 nan 0 nan 0.000000
 299 128 0 nan 0 nan 0.000000
 304 129 0 nan 0 nan 0.000000
 305 130 0 nan 0 nan 0.000000
 306 131 0 nan 0 nan 0.000000
 311 132 0 nan 0 nan 0.000000
 312 133 0 nan 0 nan 0.000000
 313 134 0 nan 0 nan 0.000000
 318 135 0 nan 0 nan 0.000000
 319 136 0 nan 0 nan 0.000000
 320 137 0 nan 0 nan 0.000000
 325 138 0 nan 0 nan 0.000000
 326 139 0 nan 0 nan 0.000000
 327 140 0 nan 0 nan 0.000000
 332 141 0 nan 0 nan 0.000000
 333 142 0 nan 0 nan 0.000000
 334 143 0 nan 0 nan 0.000000
 339 144 0 nan 0 nan 0.000000
 340 145 0 nan 0 nan 0.000000
 341 146 0 nan 0 nan 0.000000
 346 147 0 nan 0 nan 0.000000
 347 148 0 nan 0 nan 0.000000
 348 149 0 nan 0 nan 0.000000
 353 150 0 nan 0 nan 0.000000
 354 151 0 nan 0 nan 0.000000
 355 152 0 nan 0 nan 0.000000
 360 153 0 nan 0 nan 0.000000
 361 154 0 nan 0 nan 0.000000
 362 155 0 nan 0 nan 0.000000
 367 156 0 nan 0 nan 0.000000
 368 157 0 nan 0 nan 0.000000
 369 158 0 nan 0 nan 0.000000
 374 159 0 nan 0 nan 0.000000
 375 160 0 nan 0 nan 0.000000
 376 161 0 nan 0 nan 0.000000
 381 162 0 nan 0 nan 0.000000
 382 163 0 nan 0 nan 0.000000
 383 164 0 nan 0 nan 0.000000
 388 165 0 nan 0 nan 0.000000
 389 166 0 nan 0 nan 0.000000
 390 167 0 nan 0 nan 0.000000
 395 168 0 nan 0 nan 0.000000
 396 169 0 nan 0 nan 0.000000
 397 170 0 nan 0 nan 0.000000
 402 171 0 nan 0 nan 0.000000
 403 172 0 nan 0 nan 0.000000
 404 173 0 nan 0 nan 0.000000
 409 174 0 nan 0 nan 0.000000
 410 175 0 nan 0 nan 0.000000
 411 176 0 nan 0 nan 0.000000
 416 177 0 nan 0 nan 0.000000
 417 178 0 nan 0 nan 0.000000
 418 179 0 nan 0 nan 0.000000
 423 180 0 nan 0 nan 0.000000
 424 181 0 nan 0 nan 0.000000
 425 182 0 nan 0 nan 0.000000
 430 183 0 nan 0 nan 0.000000
 431 184 0 nan 0 nan 0.000000
 432 185 0 nan 0 nan 0.000000
 437 186 0 nan 0 nan 0.000000
 438 187 0 nan 0 nan 0.000000
 439 188 0 nan 0 nan 0.000000
 444 189 0 nan 0 nan 0.000000
 445 190 0 nan 0 nan 0.000000
 446 191 0 nan 0 nan 0.000000
 451 192 0 nan 0 nan 0.000000
 452 193 0 nan 0 nan 0.000000
 453 194 0 nan 0 nan 0.000000
 458 195 0 nan 0 nan 0.000000
 459 196 0 nan 0 nan 0.000000
 460 197 0 nan 0 nan 0.000000
 465 198 0 nan 0 nan 0.000000
 466 199 0 nan 0 nan 0.000000
 467 200 0 nan 0 nan 0.000000
 472 201 0 nan 0 nan 0.000000
 473 202 0 nan 0 nan 0.000000
 474 203 0 nan 0 nan 0.000000
 479 204 0 nan 0 nan 0.000000
 480 205 0 nan 0 nan 0.000000
 481 206 0 nan 0 nan 0.000000
 486 207 0 nan 0 nan 0.000000
 487 208 0 nan 0 nan 0.000000
 488 209 0 nan 0 nan 0.000000
 493 210 0 nan 0 nan 0.000000
 494 211 0 nan 0 nan 0.000000
 495 212 0 nan 0 nan 0.000000
 500 213 0 nan 0 nan 0.000000
 501 214 0 nan 0 nan 0.000000
 502 215 0 nan 0 nan 0.000000
 507 216 0 nan 0 nan 0.000000
 508 217 0 nan 0 nan 0.000000
 509 218 0 nan 0 nan 0.000000
 514 219 0 nan 0 nan 0.000000
 515 220 0 nan 0 nan 0.000000
 516 221 0 nan 0 nan 0.000000
 521 222 0 nan 0 nan 0.000000
 522 223 0 nan 0 nan 0.000000
 523 224 0 nan 0 nan 0.000000
 528 225 0 nan 0 nan 0.000000
 529 226 0 nan 0 nan 0.000000
 530 227 0 nan 0 nan 0.000000
 535 228 0 nan 0 nan 0.000000
 536 229 0 nan 0 nan 0.000000
 537 230 0 nan 0 nan 0.000000
 542 231 0 nan 0 nan 0.000000
 543 232 0 nan 0 nan 0.000000
 544 233 0 nan 0 nan 0.000000
 549 234 0 nan 0 nan 0.000000
 550 235 0 nan 0 nan 0.000000
 551 236 0 nan 0 nan 0.000000
 556 237 0 nan 0 nan 0.000000
 557 238 0 nan 0 nan 0.000000
 558 239 0 nan 0 nan 0.000000
 563 240 0 nan 0 nan 0.000000
 564 241 0 nan 0 nan 0.000000
 565 242 0 nan 0 nan 0.000000
 570 243 0 nan 0 nan 0.000000
 571 244 0 nan 0 nan 0.000000
 572 245 0 nan 0 nan 0.000000
 577 246 0 nan 0 nan 0.000000
 578 247 0 nan 0 nan 0.000000
 579 248 0 nan 0 nan 0.000000
 584 249 0 nan 0 nan 0.000000
 585 250 0 nan 0 nan 0.000000
 586 251 0 nan 0 nan 0.000000
 591 252 0 nan 0 nan 0.000000
 592 253 0 nan 0 nan 0.000000
 593 254 0 nan 0 nan 0.000000
 598 255 0 nan 0 nan 0.000000
 599 256 0 nan 0 nan 0.000000
 600 257 0 nan 0 nan 0.000000
 605 258 0 nan 0 nan 0.000000
 606 259 0 nan 0 nan 0.000000
 607 260 0 nan 0 nan 0.000000
 612 261 0 nan 0 nan 0.000000
 613 262 0 nan 0 nan 0.000000
 614 263 0 nan 0 nan 0.000000
 619 264 0 nan 0 nan 0.000000
 620 265 0 nan 0 nan 0.000000
 621 266 0 nan 0 nan 0.000000
 626 267 0 nan 0 nan 0.000000
 627 268 0 nan 0 nan 0.000000
 628 269 0 nan 0 nan 0.000000
 633 270 0 nan 0 nan 0.000000
 634 271 0 nan 0 nan 0.000000
 635 272 0 nan 0 nan 0.000000
 640 273 0 nan 0 nan 0.000000
 641 274 0 nan 0 nan 0.000000
 642 275 0 nan 0 nan 0.000000
 647 276 0 nan 0 nan 0.000000
 648 277 0 nan 0 nan 0.000000
 649 278 0 nan 0 nan 0.000000
 654 279 0 nan 0 nan 0.000000
 655 280 0 nan 0 nan 0.000000
 656 281 0 nan 0 nan 0.000000
 661 282 0 nan 0 nan 0.000000
 662 283 0 nan 0 nan 0.000000
 663 284 0 nan 0 nan 0.000000
 668 285 0 nan 0 nan 0.000000
 669 286 0 nan 0 nan 0.000000
 670 287 0 nan 0 nan 0.000000
 675 288 0 nan 0 nan 0.000000
 676 289 0 nan 0 nan 0.000000
 677 290 0 nan 0 nan 0.000000
 682 291 0 nan 0 nan 0.000000
 683 292 0 nan 0 nan 0.000000
 684 293 0 nan 0 nan 0.000000
 689 294 0 nan 0 nan 0.000000
 690 295 0 nan 0 nan 0.000000
 691 296 0 nan 0 nan 0.000000
 696 297 0 nan 0 nan 0.000000
 697 298 0 nan 0 nan 0.000000
 698 299 0 nan 0 nan 0.000000
 703 300 0 nan 0 nan 0.000000
 704 301 0 nan 0 nan 0.000000
 705 302 0 nan 0 nan 0.000000
 710 303 0 nan 0 nan 0.000000
 711 304 0 nan 0 nan 0.000000
 712 305 0 nan 0 nan 0.000000
 717 306 0 nan 0 nan 0.000000
 718 307 0 nan 0 nan 0.000000
 719 308 0 nan 0 nan 0.000000
 724 309 0 nan 0 nan 0.000000
 725 310 0 nan 0 nan 0.000000
 726 311 0 nan 0 nan 0.000000
 731 312 0 nan 0 nan 0.000000
 732 313 0 nan 0 nan 0.000000
 733 314 0 nan 0 nan 0.000000
 738 315 0 nan 0 nan 0.000000
 739 316 0 nan 0 nan 0.000000
 740 317 0 nan 0 nan 0.000000
 745 318 0 nan 0 nan 0.000000
 746 319 0 nan 0 nan 0.000000
 747 320 0 nan 0 nan 0.000000
 752 321 0 nan 0 nan 0.000000
 753 322 0 nan 0 nan 0.000000
 754 323 0 nan 0 nan 0.000000
 759 324 0 nan 0 nan 0.000000
 760 325 0 nan 0 nan 0.000000
 761 326 0 nan 0 nan 0.000000
 766 327 0 nan 0 nan 0.000000
 767 328 0 nan 0 nan 0.000000
 768 329 0 nan 0 nan 0.000000
 773 330 0 nan 0 nan 0.000000
 774 331 0 nan 0 nan 0.000000
 775 332 0 nan 0 nan 0.000000
 780 333 0 nan 0 nan 0.000000
 781 334 0 nan 0 nan 0.000000
 782 335 0 nan 0 nan 0.000000
 787 336 0 nan 0 nan 0.000000
 788 337 0 nan 0 nan 0.000000
 789 338 0 nan 0 nan 0.000000
 794 339 0 nan 0 nan 0.000000
 795 340 0 nan 0 nan 0.000000
 796 341 0 nan 0 nan 0.000000