# Format <LP ID> <Terminal ID> <Job ID> <Local Rank> <Total sends> <Total Recvs> <Bytes sent> <Bytes recvd> <Send time> <Comm. time> <Compute time> <Avg msg time> <Max Msg Time>
 0 0 0 0 28000 28000 32064632 32064632 129528170.767608 139931892.965371 221281641.000000 0.000000 0.000000
 1 1 0 1 28000 28000 38753880 38753880 134152466.151107 148516008.179967 212697416.000000 0.000000 0.000000
 2 2 0 2 28000 28000 38747532 38747532 134448910.389617 143416862.320394 217796347.000000 0.000000 0.000000
 7 3 0 3 28000 24000 32501596 32493596 129872432.149668 158799350.687230 202414089.000000 0.000000 0.000000
 8 4 0 4 28000 32000 39170140 39178140 134831363.597140 138102145.934229 223112292.000000 0.000000 0.000000
 9 5 0 5 28000 24000 33759788 33751788 130867330.164858 154086289.459315 207128263.000000 0.000000 0.000000
 14 6 0 6 24000 24000 27933140 27933140 111771709.166921 176031571.735266 185164753.000000 0.000000 0.000000
 15 7 0 7 28000 32000 39588272 39596272 133939213.098621 138632460.790372 222578617.000000 0.000000 0.000000
 16 8 0 8 28000 24000 32924208 32916208 129081326.626394 154468245.389316 206742940.000000 0.000000 0.000000
 21 9 0 9 24000 28000 32912828 32920828 114267328.674328 167217605.826083 193975712.000000 0.000000 0.000000
 22 10 0 10 28000 28000 36667572 36667572 131468199.920183 146535476.294437 214673135.000000 0.000000 0.000000
 23 11 0 11 28000 24000 32918660 32910660 129055316.216299 154014427.742548 207194322.000000 0.000000 0.000000
 28 12 0 12 24000 24000 29573788 29573788 111813387.679260 154020036.061520 207171666.000000 0.000000 0.000000
 29 13 0 13 28000 32000 40403528 40411528 136797396.891726 118746647.619621 242476255.000000 0.000000 0.000000
 30 14 0 14 28000 24000 32512728 32504728 129851221.412946 129130806.248221 232092238.000000 0.000000 0.000000
 35 15 0 15 24000 28000 32515708 32523708 115134397.963762 145532660.746226 215673868.000000 0.000000 0.000000
 36 16 0 16 28000 28000 36259468 36259468 133446807.023573 127219849.776368 233999395.000000 0.000000 0.000000
 37 17 0 17 28000 24000 32512832 32504832 131028843.134722 132781811.062295 228437534.000000 0.000000 0.000000
 42 18 0 18 24000 28000 33333032 33341032 116890682.312149 146832609.829714 214370975.000000 0.000000 0.000000
 43 19 0 19 28000 28000 36672956 36672956 131432073.911405 128751344.010536 232472337.000000 0.000000 0.000000
 44 20 0 20 28000 24000 32510664 32502664 129814166.222683 132894180.256500 228329607.000000 0.000000 0.000000
 49 21 0 21 24000 28000 32493036 32501036 115107515.316188 144869482.374801 216339161.000000 0.000000 0.000000
 50 22 0 22 28000 28000 36248328 36248328 132252168.252698 128887194.012983 232327608.000000 0.000000 0.000000
 51 23 0 23 28000 24000 32512220 32504220 129814519.692743 133500724.179475 227714205.000000 0.000000 0.000000
 56 24 0 24 24000 28000 34574828 34582828 116631181.302102 150618597.310923 210581177.000000 0.000000 0.000000
 57 25 0 25 28000 28000 32086876 32086876 129197563.380384 152225060.216661 208992324.000000 0.000000 0.000000
 58 26 0 26 28000 28000 38747032 38747032 134359815.782821 143413027.456584 217804276.000000 0.000000 0.000000
 63 27 0 27 28000 28000 38731736 38731736 132935192.138682 143712311.218642 217504609.000000 0.000000 0.000000
 64 28 0 28 28000 24000 32499384 32491384 128386144.778845 156182275.844059 205034763.000000 0.000000 0.000000
 65 29 0 29 28000 32000 39165636 39173636 133563141.655781 137381534.301925 223833299.000000 0.000000 0.000000
 70 30 0 30 28000 24000 33762344 33754344 129307773.939508 153011898.402407 208203034.000000 0.000000 0.000000
 71 31 0 31 24000 24000 27919224 27919224 110629909.931796 174866678.371858 186331504.000000 0.000000 0.000000
 72 32 0 32 28000 32000 39589368 39597368 136169845.214714 138100060.620819 223121860.000000 0.000000 0.000000
 77 33 0 33 28000 24000 32931868 32923868 131369718.227072 154709695.445509 206512422.000000 0.000000 0.000000
 78 34 0 34 24000 28000 32917724 32925724 115439515.944791 165863997.533558 195339573.000000 0.000000 0.000000
 79 35 0 35 28000 28000 36670540 36670540 135208631.797487 146698525.408400 214527185.000000 0.000000 0.000000
 84 36 0 36 28000 24000 32926448 32918448 132136910.702998 125421980.461281 235803630.000000 0.000000 0.000000
 85 37 0 37 24000 24000 29578180 29578180 115255950.620985 149973542.779713 211233941.000000 0.000000 0.000000
 86 38 0 38 28000 32000 40395288 40403288 134443491.997006 108850072.218929 252373566.000000 0.000000 0.000000
 91 39 0 39 28000 24000 32509204 32501204 129822097.347716 126905809.559945 234318056.000000 0.000000 0.000000
 92 40 0 40 24000 28000 32489604 32497604 115119673.950948 139289922.372795 221916890.000000 0.000000 0.000000
 93 41 0 41 28000 28000 36249024 36249024 132571451.183524 121449440.740636 239774973.000000 0.000000 0.000000
 98 42 0 42 28000 24000 32512212 32504212 129832203.846001 127500968.415789 233723661.000000 0.000000 0.000000
 99 43 0 43 24000 28000 33330416 33338416 115706526.980846 139863754.099175 221345589.000000 0.000000 0.000000
 100 44 0 44 28000 28000 36664632 36664632 132850199.653593 121255598.313074 239964819.000000 0.000000 0.000000
 105 45 0 45 28000 24000 32512460 32504460 129832696.951503 126877299.659556 234343357.000000 0.000000 0.000000
 106 46 0 46 24000 28000 32504656 32512656 114017815.304316 136762778.868161 224442540.000000 0.000000 0.000000
 107 47 0 47 28000 28000 36240660 36240660 131446756.535713 121238284.704526 239979491.000000 0.000000 0.000000
 112 48 0 48 28000 24000 32497448 32489448 128644199.632758 140917503.920810 220300506.000000 0.000000 0.000000
 113 49 0 49 24000 28000 34559788 34567788 115459058.322675 163586078.425969 197616771.000000 0.000000 0.000000
 114 50 0 50 28000 28000 32073480 32073480 130638452.097145 150717234.265453 210498245.000000 0.000000 0.000000
 119 51 0 51 28000 28000 38736336 38736336 135505596.570899 142660291.369812 218555148.000000 0.000000 0.000000
 120 52 0 52 28000 28000 38740296 38740296 135281905.861238 141309048.865949 219905173.000000 0.000000 0.000000
 121 53 0 53 28000 24000 32496240 32488240 131031913.528082 154826337.378848 206387759.000000 0.000000 0.000000
 126 54 0 54 28000 32000 39172064 39180064 134505554.367600 135401559.491206 225812989.000000 0.000000 0.000000
 127 55 0 55 28000 24000 33734884 33726884 130514965.275488 151135402.834667 210079277.000000 0.000000 0.000000
 128 56 0 56 24000 24000 27921168 27921168 111765533.023822 172607888.642484 188587885.000000 0.000000 0.000000
 133 57 0 57 28000 32000 39571236 39579236 133715739.610599 136650847.008344 224567343.000000 0.000000 0.000000
 134 58 0 58 28000 24000 32913348 32905348 128868598.635616 152304814.130646 208913513.000000 0.000000 0.000000
 135 59 0 59 24000 28000 32901292 32909292 115482132.233414 163736828.832400 197464719.000000 0.000000 0.000000
 140 60 0 60 28000 28000 36652636 36652636 132622061.245426 112150969.946341 249068822.000000 0.000000 0.000000
 141 61 0 61 28000 24000 32903816 32895816 129900428.496293 122999768.018309 238220139.000000 0.000000 0.000000
 142 62 0 62 24000 24000 29578936 29578936 113000117.696159 141362960.593692 219840684.000000 0.000000 0.000000
 147 63 0 63 28000 32000 40420396 40428396 135370353.612905 107605393.380847 253610329.000000 0.000000 0.000000
 148 64 0 64 28000 24000 32511148 32503148 129596346.087469 122238608.897213 238977243.000000 0.000000 0.000000
 149 65 0 65 24000 28000 32486276 32494276 115142069.832032 133970095.095329 227230596.000000 0.000000 0.000000
 154 66 0 66 28000 28000 36263460 36263460 131264207.952377 117963259.164400 243258798.000000 0.000000 0.000000
 155 67 0 67 28000 24000 32516192 32508192 128555247.930998 122360447.018293 238861752.000000 0.000000 0.000000
 156 68 0 68 24000 28000 33328608 33336608 114661994.765045 134784495.220425 226422680.000000 0.000000 0.000000
 161 69 0 69 28000 28000 36652080 36652080 132646929.550705 117677319.983834 243539895.000000 0.000000 0.000000
 162 70 0 70 28000 24000 32513128 32505128 129629592.324672 121673699.652907 239543657.000000 0.000000 0.000000
 163 71 0 71 24000 28000 32502492 32510492 116320917.660420 131432256.197955 229770034.000000 0.000000 0.000000
 168 72 0 72 28000 28000 36243032 36243032 133448127.825186 132057131.969102 229163078.000000 0.000000 0.000000
 169 73 0 73 28000 24000 32513740 32505740 130735797.101223 152722923.972186 208497423.000000 0.000000 0.000000
 170 74 0 74 24000 28000 34580544 34588544 117798458.136444 160468785.662899 200734882.000000 0.000000 0.000000
 175 75 0 75 28000 28000 32073304 32073304 128395125.123872 148445221.717826 212769334.000000 0.000000 0.000000
 176 76 0 76 28000 28000 38745076 38745076 133054118.013708 140945161.625165 220269253.000000 0.000000 0.000000
 177 77 0 77 28000 28000 38745084 38745084 133346648.833706 140482654.849048 220731289.000000 0.000000 0.000000
 182 78 0 78 28000 24000 32506812 32498812 129872690.322700 154059969.232257 207154213.000000 0.000000 0.000000
 183 79 0 79 28000 32000 39157496 39165496 134806223.889265 135705372.242338 225512260.000000 0.000000 0.000000
 184 80 0 80 28000 24000 33753704 33745704 130854843.759197 151049531.237304 210168233.000000 0.000000 0.000000
 189 81 0 81 24000 24000 27913272 27913272 111762091.200310 172247629.873737 188949207.000000 0.000000 0.000000
 190 82 0 82 28000 32000 39590796 39598796 135053703.521867 138058201.574087 223159730.000000 0.000000 0.000000
 191 83 0 83 28000 24000 32925712 32917712 130190559.384686 152984299.163795 208233754.000000 0.000000 0.000000
 196 84 0 84 24000 28000 32915360 32923360 115406145.771245 138205262.821757 222996887.000000 0.000000 0.000000
 197 85 0 85 28000 28000 36667220 36667220 131472595.563671 121278617.926320 239942113.000000 0.000000 0.000000
 198 86 0 86 28000 24000 32913384 32905384 129036791.721509 128601853.403329 232618993.000000 0.000000 0.000000
 203 87 0 87 24000 24000 29579992 29579992 111828612.171892 150603844.758577 210598094.000000 0.000000 0.000000
 204 88 0 88 28000 32000 40408496 40416496 137914878.702830 114535396.308316 246685767.000000 0.000000 0.000000
 205 89 0 89 28000 24000 32501152 32493152 132126455.099213 128984588.611187 232236686.000000 0.000000 0.000000
 210 90 0 90 24000 28000 32488836 32496836 116260140.459541 142988814.443987 218214517.000000 0.000000 0.000000
 211 91 0 91 28000 28000 36249616 36249616 132263033.228503 123402449.924704 237821715.000000 0.000000 0.000000
 212 92 0 92 28000 24000 32511208 32503208 130991554.129766 129730516.879071 231493775.000000 0.000000 0.000000
 217 93 0 93 24000 28000 33332156 33340156 116861144.364628 143795050.821483 217412151.000000 0.000000 0.000000
 218 94 0 94 28000 28000 36649744 36649744 132560416.465736 122288590.742456 238929658.000000 0.000000 0.000000
 219 95 0 95 28000 24000 32494248 32486248 129820034.961693 129001556.025309 232216835.000000 0.000000 0.000000
 224 96 0 96 24000 28000 32497608 32505608 115125342.201129 202142893.008499 159058924.000000 0.000000 0.000000
 225 97 0 97 28000 28000 36236440 36236440 132251558.748819 205501798.556888 155710913.000000 0.000000 0.000000
 226 98 0 98 28000 24000 32480632 32472632 130954238.043647 209625951.147491 151586885.000000 0.000000 0.000000
 231 99 0 99 24000 28000 34541172 34549172 118035760.395042 213357814.656317 147840461.000000 0.000000 0.000000