# Format <LP ID> <Terminal ID> <Job ID> <Local Rank> <Total sends> <Total Recvs> <Bytes sent> <Bytes recvd> <Send time> <Comm. time> <Compute time> <Avg msg time> <Max Msg Time>
 0 0 0 0 1144 1144 3045248 3045248 5541843.693167 5432041.071813 383962889.000000 0.000000 0.000000
 1 1 0 1 988 988 3023776 3023776 7017767.613532 6911222.720422 382380607.000000 0.000000 0.000000
 2 2 0 2 988 988 3023776 3023776 7950783.748619 7833438.023354 381269925.000000 0.000000 0.000000
 3 3 0 3 988 988 3023776 3023776 7300601.836665 7192214.131252 381829335.000000 0.000000 0.000000
 4 4 0 4 1144 1144 3045248 3045248 6069254.889974 5973634.248781 383167059.000000 0.000000 0.000000
 5 5 0 5 988 988 3023776 3023776 7171781.521493 7053113.629832 382247972.000000 0.000000 0.000000
 6 6 0 6 988 988 3023776 3023776 11433157.211540 11315213.381144 377845954.000000 0.000000 0.000000
 7 7 0 7 988 988 3023776 3023776 11220443.697419 11078621.846885 378018053.000000 0.000000 0.000000
 8 8 0 8 1144 1144 3045248 3045248 11189155.043350 11078561.324683 378139753.000000 0.000000 0.000000
 9 9 0 9 728 728 2991360 2991360 13120800.484146 13043441.071071 376057814.000000 0.000000 0.000000
 10 10 0 10 728 728 2991360 2991360 12447885.089006 12343097.479406 376514317.000000 0.000000 0.000000
 11 11 0 11 728 728 2991360 2991360 12040142.842491 11926924.949856 376860207.000000 0.000000 0.000000
 12 12 0 12 728 728 2991360 2991360 17298437.935459 17174223.005719 370933258.000000 0.000000 0.000000
 13 13 0 13 728 728 2991360 2991360 17624728.238100 17505448.130177 370860303.000000 0.000000 0.000000
 14 14 0 14 988 988 3023776 3023776 16391959.940259 16264084.653855 372436133.000000 0.000000 0.000000
 15 15 0 15 728 728 2991360 2991360 17739760.595786 17624338.991795 370288401.000000 0.000000 0.000000
 16 16 0 16 988 988 3023776 3023776 16980395.579698 16850425.215157 371677383.000000 0.000000 0.000000
 17 17 0 17 728 728 2991360 2991360 17611051.896157 17504264.793166 370712504.000000 0.000000 0.000000
 18 18 0 18 728 728 2991360 2991360 15241058.190313 15122485.633996 373024553.000000 0.000000 0.000000
 19 19 0 19 988 988 3023776 3023776 13704379.950321 13582234.416482 375408609.000000 0.000000 0.000000
 20 20 0 20 988 988 3023776 3023776 14009277.665455 13862603.035877 374900473.000000 0.000000 0.000000
 21 21 0 21 728 728 2991360 2991360 14950286.433095 14835545.701900 373198744.000000 0.000000 0.000000
 22 22 0 22 988 988 3023776 3023776 14211138.476449 14098047.404252 374531248.000000 0.000000 0.000000
 23 23 0 23 988 988 3023776 3023776 12763474.359134 12625284.955882 376077337.000000 0.000000 0.000000
 24 24 0 24 1144 1144 3045248 3045248 6338143.724663 6229818.002519 382718491.000000 0.000000 0.000000
 25 25 0 25 988 988 3023776 3023776 9081069.871545 8953211.394393 380164922.000000 0.000000 0.000000
 26 26 0 26 988 988 3023776 3023776 8970337.937885 8847181.115947 380061998.000000 0.000000 0.000000
 27 27 0 27 988 988 3023776 3023776 8398302.418554 8254587.121444 380647253.000000 0.000000 0.000000
 28 28 0 28 1144 1144 3045248 3045248 7910897.615059 7795941.566169 381347900.000000 0.000000 0.000000
 29 29 0 29 728 728 2991360 2991360 9608398.524973 9524856.191728 379517852.000000 0.000000 0.000000
 30 30 0 30 728 728 2991360 2991360 14806875.124316 14686811.908138 373904263.000000 0.000000 0.000000
 31 31 0 31 728 728 2991360 2991360 13929270.903286 13783490.998368 374765031.000000 0.000000 0.000000
 32 32 0 32 728 728 2991360 2991360 14244810.003247 14123661.176006 374153068.000000 0.000000 0.000000
 33 33 0 33 728 728 2991360 2991360 14857475.202184 14717733.070519 373882073.000000 0.000000 0.000000
 34 34 0 34 988 988 3023776 3023776 14007546.304377 13865583.529662 375064048.000000 0.000000 0.000000
 35 35 0 35 728 728 2991360 2991360 14611901.395148 14492867.455627 373793773.000000 0.000000 0.000000
 36 36 0 36 988 988 3023776 3023776 11616556.290699 11476714.000155 377317896.000000 0.000000 0.000000
 37 37 0 37 728 728 2991360 2991360 12679359.215971 12555507.108073 375978176.000000 0.000000 0.000000
 38 38 0 38 728 728 2991360 2991360 13214005.375022 13081650.879512 375409094.000000 0.000000 0.000000
 39 39 0 39 988 988 3023776 3023776 12232574.288512 12111474.932799 376968204.000000 0.000000 0.000000
 40 40 0 40 988 988 3023776 3023776 12328601.041621 12188869.853056 376693516.000000 0.000000 0.000000
 41 41 0 41 728 728 2991360 2991360 12913176.460503 12776195.371626 375603419.000000 0.000000 0.000000
 42 42 0 42 988 988 3023776 3023776 12177989.478474 12053647.021790 376718046.000000 0.000000 0.000000
 43 43 0 43 988 988 3023776 3023776 11846684.182502 11702597.579913 377070818.000000 0.000000 0.000000
 44 44 0 44 1144 1144 3045248 3045248 11825479.333460 11696715.816753 377110197.000000 0.000000 0.000000
 45 45 0 45 728 728 2991360 2991360 12132473.246698 12036705.417064 376934926.000000 0.000000 0.000000
 46 46 0 46 728 728 2991360 2991360 13370568.317110 13253565.568165 375422487.000000 0.000000 0.000000
 47 47 0 47 728 728 2991360 2991360 11848795.189565 11684810.835795 376906371.000000 0.000000 0.000000
 48 48 0 48 728 728 2991360 2991360 18755244.839545 18636962.747701 370148418.000000 0.000000 0.000000
 49 49 0 49 728 728 2991360 2991360 19601380.257022 19450614.584709 369395735.000000 0.000000 0.000000
 50 50 0 50 988 988 3023776 3023776 18454198.130259 18309809.738602 370705880.000000 0.000000 0.000000
 51 51 0 51 728 728 2991360 2991360 19669128.813014 19528515.972986 369403696.000000 0.000000 0.000000
 52 52 0 52 988 988 3023776 3023776 18389432.588441 18240800.403762 370735690.000000 0.000000 0.000000
 53 53 0 53 728 728 2991360 2991360 18968881.735768 18827836.398874 370018592.000000 0.000000 0.000000
 54 54 0 54 728 728 2991360 2991360 21827091.352943 21711252.134234 366948245.000000 0.000000 0.000000
 55 55 0 55 988 988 3023776 3023776 21631475.998545 21471048.203223 367616309.000000 0.000000 0.000000
 56 56 0 56 988 988 3023776 3023776 21037176.352054 20903918.714276 368113047.000000 0.000000 0.000000
 57 57 0 57 728 728 2991360 2991360 22593427.893084 22466195.186080 366419756.000000 0.000000 0.000000
 58 58 0 58 988 988 3023776 3023776 21567102.554302 21402848.075522 367516338.000000 0.000000 0.000000
 59 59 0 59 988 988 3023776 3023776 21030578.588819 20890798.362811 368170281.000000 0.000000 0.000000
 60 60 0 60 1144 1144 3045248 3045248 38816624.375272 38688513.321024 349974524.000000 0.000000 0.000000
 61 61 0 61 312 312 2947584 2947584 44820408.139887 44789434.276415 343743028.000000 0.000000 0.000000
 62 62 0 62 312 312 2947584 2947584 52927256.435459 52883480.223028 335330588.000000 0.000000 0.000000
 63 63 0 63 312 312 2947584 2947584 51792679.459065 51725581.363583 336460363.000000 0.000000 0.000000
 64 64 0 64 312 312 2947584 2947584 58215274.232054 58162820.164430 329610458.000000 0.000000 0.000000
 65 65 0 65 312 312 2947584 2947584 51908737.252121 51854934.555260 336196783.000000 0.000000 0.000000
 66 66 0 66 312 312 2947584 2947584 60247124.658648 60200558.892371 327590736.000000 0.000000 0.000000
 67 67 0 67 312 312 2947584 2947584 59136569.979976 59071452.458738 329167238.000000 0.000000 0.000000
 68 68 0 68 312 312 2947584 2947584 41744453.844058 41708814.093841 345743283.000000 0.000000 0.000000
 69 69 0 69 312 312 2947584 2947584 47927056.243516 47869964.173824 340265133.000000 0.000000 0.000000
 70 70 0 70 728 728 2991360 2991360 40801763.622210 40723287.094369 347676516.000000 0.000000 0.000000
 71 71 0 71 312 312 2947584 2947584 54840420.291741 54792019.189520 333010016.000000 0.000000 0.000000
 72 72 0 72 728 728 2991360 2991360 32803189.051620 32706568.695878 355894615.000000 0.000000 0.000000
 73 73 0 73 312 312 2947584 2947584 58233927.553966 58173145.656442 329970787.000000 0.000000 0.000000
 74 74 0 74 728 728 2991360 2991360 32541314.293803 32454663.252933 356130199.000000 0.000000 0.000000
 75 75 0 75 312 312 2947584 2947584 63486732.881510 63433579.864823 324608774.000000 0.000000 0.000000
 76 76 0 76 728 728 2991360 2991360 33006561.340256 32893428.678515 355665984.000000 0.000000 0.000000
 77 77 0 77 312 312 2947584 2947584 45322805.541453 45275971.555368 343262303.000000 0.000000 0.000000
 78 78 0 78 312 312 2947584 2947584 54702755.300700 54663874.354653 332934548.000000 0.000000 0.000000
 79 79 0 79 728 728 2991360 2991360 35309572.169060 35186128.314001 353418218.000000 0.000000 0.000000
 80 80 0 80 728 728 2991360 2991360 34566695.601196 34457990.120924 353814460.000000 0.000000 0.000000
 81 81 0 81 312 312 2947584 2947584 63033594.033952 62971222.703254 325384937.000000 0.000000 0.000000
 82 82 0 82 312 312 2947584 2947584 59010095.094616 58975807.198915 328576938.000000 0.000000 0.000000
 83 83 0 83 728 728 2991360 2991360 34676865.415384 34566824.503139 353759878.000000 0.000000 0.000000
 84 84 0 84 728 728 2991360 2991360 32560880.288971 32458827.505541 355662210.000000 0.000000 0.000000
 85 85 0 85 312 312 2947584 2947584 50226708.117567 50180562.452897 337556315.000000 0.000000 0.000000
 86 86 0 86 728 728 2991360 2991360 33000164.047095 32893245.216270 355627067.000000 0.000000 0.000000
 87 87 0 87 728 728 2991360 2991360 32496552.313833 32407014.170655 356048111.000000 0.000000 0.000000
 88 88 0 88 988 988 3023776 3023776 32339684.390442 32236140.392514 356454433.000000 0.000000 0.000000
 89 89 0 89 312 312 2947584 2947584 65038738.671177 64999040.945595 322599375.000000 0.000000 0.000000
 90 90 0 90 728 728 2991360 2991360 37255105.641209 37170470.595735 351147528.000000 0.000000 0.000000
 91 91 0 91 728 728 2991360 2991360 36973969.953277 36873888.075843 351123853.000000 0.000000 0.000000
 92 92 0 92 988 988 3023776 3023776 36734661.179527 36614971.496077 351712009.000000 0.000000 0.000000
 93 93 0 93 312 312 2947584 2947584 49007447.875212 48970477.368747 339296242.000000 0.000000 0.000000
 94 94 0 94 312 312 2947584 2947584 61557375.336228 61511976.122095 326319554.000000 0.000000 0.000000
 95 95 0 95 312 312 2947584 2947584 60326974.557760 60263349.270089 327794156.000000 0.000000 0.000000
 96 96 0 96 312 312 2947584 2947584 55128146.773433 55090357.087509 332380542.000000 0.000000 0.000000
 97 97 0 97 728 728 2991360 2991360 26192368.355668 26080837.147644 362502428.000000 0.000000 0.000000
 98 98 0 98 728 728 2991360 2991360 25622144.378201 25499062.238037 362766045.000000 0.000000 0.000000
 99 99 0 99 728 728 2991360 2991360 25600962.879765 25480166.908667 362791673.000000 0.000000 0.000000
 100 100 0 100 728 728 2991360 2991360 25904584.046419 25801299.217331 362258516.000000 0.000000 0.000000
 101 101 0 101 312 312 2947584 2947584 43972365.214605 43921019.191169 343910022.000000 0.000000 0.000000
 102 102 0 102 728 728 2991360 2991360 25044562.248490 24952757.238374 363557894.000000 0.000000 0.000000
 103 103 0 103 312 312 2947584 2947584 69562690.804311 69524965.115135 317850392.000000 0.000000 0.000000
 104 104 0 104 728 728 2991360 2991360 26356766.258159 26256175.938141 362118758.000000 0.000000 0.000000
 105 105 0 105 728 728 2991360 2991360 25543832.475368 25419952.099582 363043429.000000 0.000000 0.000000
 106 106 0 106 988 988 3023776 3023776 24559196.458079 24423094.651524 364232127.000000 0.000000 0.000000
 107 107 0 107 728 728 2991360 2991360 24812633.063649 24699803.408698 363313507.000000 0.000000 0.000000
 108 108 0 108 988 988 3023776 3023776 27433933.637588 27295147.116187 360973825.000000 0.000000 0.000000
 109 109 0 109 312 312 2947584 2947584 48398398.752639 48355869.872307 339672616.000000 0.000000 0.000000
 110 110 0 110 312 312 2947584 2947584 57411217.168000 57370650.992451 329595847.000000 0.000000 0.000000
 111 111 0 111 728 728 2991360 2991360 28281822.895964 28183659.177124 360024215.000000 0.000000 0.000000
 112 112 0 112 728 728 2991360 2991360 28259038.536094 28149507.029985 360017435.000000 0.000000 0.000000
 113 113 0 113 728 728 2991360 2991360 28409761.069824 28286228.009723 359970441.000000 0.000000 0.000000
 114 114 0 114 728 728 2991360 2991360 25417984.667352 25297187.497646 362785775.000000 0.000000 0.000000
 115 115 0 115 988 988 3023776 3023776 25007048.864798 24886155.204873 363634042.000000 0.000000 0.000000
 116 116 0 116 988 988 3023776 3023776 24620822.895490 24478274.806759 363823731.000000 0.000000 0.000000
 117 117 0 117 312 312 2947584 2947584 57151443.120375 57109663.717308 329965505.000000 0.000000 0.000000
 118 118 0 118 728 728 2991360 2991360 25158531.748756 25063963.532504 363412959.000000 0.000000 0.000000
 119 119 0 119 728 728 2991360 2991360 24568766.108781 24479808.332237 363579381.000000 0.000000 0.000000
 120 120 0 120 988 988 3023776 3023776 47595048.479659 47477702.812593 338294951.000000 0.000000 0.000000
 121 121 0 121 728 728 2991360 2991360 48272399.939358 48162245.584922 337140270.000000 0.000000 0.000000
 122 122 0 122 988 988 3023776 3023776 46962913.317973 46815485.250971 338766155.000000 0.000000 0.000000
 123 123 0 123 988 988 3023776 3023776 47932884.185194 47816289.432096 337854945.000000 0.000000 0.000000
 124 124 0 124 1144 1144 3045248 3045248 47081133.839170 46989752.858536 338806842.000000 0.000000 0.000000