# Format <LP ID> <Terminal ID> <Job ID> <Local Rank> <Total sends> <Total Recvs> <Bytes sent> <Bytes recvd> <Send time> <Comm. time> <Compute time> <Avg msg time> <Max Msg Time>
 0 0 0 0 2863 3952 41403804 41493384 234805870.120919 233199407.901651 12052270539.000000 0.000000 0.000000
 1 1 0 1 3910 4355 50202228 47516016 243135899.708128 241355932.271509 12042832791.000000 0.000000 0.000000
 2 2 0 2 3890 4355 50163564 47087784 193855472.345048 192093374.330828 12096701714.000000 0.000000 0.000000
 3 3 0 3 5680 5429 66742092 52318616 222556628.382572 220508844.026566 12064106448.000000 0.000000 0.000000
 9 4 0 4 3890 4035 49976660 46529232 468532647.785119 466534023.471455 11817192074.000000 0.000000 0.000000
 10 5 0 5 5640 6209 66142876 52231880 240197202.530734 237555457.761988 12046971303.000000 0.000000 0.000000
 11 6 0 6 4680 4629 53313908 45805056 300607923.730887 298297075.989971 11985859258.000000 0.000000 0.000000
 12 7 0 7 8427 7128 71138516 85903088 467895539.115129 465053878.077557 11819790443.000000 0.000000 0.000000
 18 8 0 8 2950 3235 38366068 41432176 302316705.090865 300846678.703680 11981709214.000000 0.000000 0.000000
 19 9 0 9 1903 2352 29392284 35302664 310244080.085282 309057065.977142 11973849455.000000 0.000000 0.000000
 20 10 0 10 4720 4629 55078732 46338456 295781047.854482 293905512.058884 11989512936.000000 0.000000 0.000000
 21 11 0 11 2930 3235 38327404 41003944 326242856.249816 324796780.196571 11958355443.000000 0.000000 0.000000
 27 12 0 12 4700 4629 54136476 46046280 566540116.078380 564245245.944952 11718382659.000000 0.000000 0.000000
 28 13 0 13 2930 3235 38313300 40549072 406833863.015056 405011844.548185 11877783830.000000 0.000000 0.000000
 29 14 0 14 8427 7128 71138516 85903088 440154775.900805 436983283.141268 11846883924.000000 0.000000 0.000000
 30 15 0 15 4680 4629 53313908 45805056 363693716.074387 361600332.154280 11921413901.000000 0.000000 0.000000
 36 16 0 16 2930 3235 38327404 41003944 417680850.540305 416039595.045887 11866707041.000000 0.000000 0.000000
 37 17 0 17 4720 4629 55078732 46338456 487872205.795466 485580006.927927 11797599867.000000 0.000000 0.000000
 38 18 0 18 1903 2352 29392284 35302664 385926111.085535 384922494.653273 11898923060.000000 0.000000 0.000000
 39 19 0 19 2950 3235 38366068 41432176 548000962.423446 546645244.550941 11736984421.000000 0.000000 0.000000
 45 20 0 20 4680 4629 53313908 45805056 360312609.038675 357973012.354431 11925899426.000000 0.000000 0.000000
 46 21 0 21 8427 7128 71138516 85903088 414406643.965998 411341191.753174 11873529726.000000 0.000000 0.000000
 47 22 0 22 2930 3235 38313300 40549072 531429283.547036 529872023.745066 11754101231.000000 0.000000 0.000000
 48 23 0 23 4700 4629 54136476 46046280 322648144.120402 320545907.600365 11963121898.000000 0.000000 0.000000
 54 24 0 24 4720 4629 55078732 46338456 561369491.835223 559201347.750484 11724994642.000000 0.000000 0.000000
 55 25 0 25 2930 3235 38327404 41003944 370623918.780249 369095114.050562 11914459665.000000 0.000000 0.000000
 56 26 0 26 2950 3235 38366068 41432176 379922832.560418 378292121.634216 11905489663.000000 0.000000 0.000000
 57 27 0 27 1903 2352 29392284 35302664 361751701.101354 360770759.194101 11923120190.000000 0.000000 0.000000
 63 28 0 28 8427 7128 71138516 85903088 413982020.159858 410891729.893017 11873827863.000000 0.000000 0.000000
 64 29 0 29 4680 4629 53313908 45805056 335148453.446432 332703128.062351 11951144891.000000 0.000000 0.000000
 65 30 0 30 4700 4629 54136476 46046280 583631438.628450 581041366.252512 11702261594.000000 0.000000 0.000000
 66 31 0 31 2930 3235 38313300 40549072 771728228.920344 770203754.807247 11513916165.000000 0.000000 0.000000
 72 32 0 32 2929 3236 38313296 40549076 500129223.937749 506375979.818272 11779937793.000000 0.000000 0.000000
 73 33 0 33 4699 4630 54136472 46046284 535961037.348062 535833813.836258 11746645445.000000 0.000000 0.000000
 74 34 0 34 4679 4630 53313904 45805060 561971328.710204 569553618.839138 11713521762.000000 0.000000 0.000000
 75 35 0 35 8426 7129 71138512 85903092 469507858.365070 470847738.254057 11813081490.000000 0.000000 0.000000
 81 36 0 36 1902 2353 29392280 35302668 403544504.009493 403830980.372122 11879456402.000000 0.000000 0.000000
 82 37 0 37 2949 3236 38366064 41432180 376987326.120358 377275489.206778 11906240707.000000 0.000000 0.000000
 83 38 0 38 2929 3236 38327400 41003948 427301951.609364 430097157.786299 11853576574.000000 0.000000 0.000000
 84 39 0 39 4719 4630 55078728 46338460 467610881.924449 471484275.297300 11815421381.000000 0.000000 0.000000
 90 40 0 40 4699 4630 54136472 46046284 401446130.409773 406154572.338526 11876267870.000000 0.000000 0.000000
 91 41 0 41 2929 3236 38313296 40549076 421623005.323997 427956426.994543 11855287643.000000 0.000000 0.000000
 92 42 0 42 8426 7129 71138512 85903092 516797658.438642 516385117.874756 11766560158.000000 0.000000 0.000000
 93 43 0 43 4679 4630 53313904 45805060 634284371.777144 637287693.926573 11644978866.000000 0.000000 0.000000
 99 44 0 44 2949 3236 38366064 41432180 458373451.038724 460775901.218004 11824133362.000000 0.000000 0.000000
 100 45 0 45 1902 2353 29392280 35302668 457842971.847958 466015605.066708 11820235226.000000 0.000000 0.000000
 101 46 0 46 4719 4630 55078728 46338460 623501863.581851 627547444.366617 11655685158.000000 0.000000 0.000000
 102 47 0 47 2929 3236 38327400 41003948 427198315.902464 429242633.856010 11853653551.000000 0.000000 0.000000
 108 48 0 48 4679 4630 53313904 45805060 432963240.178405 433324155.138601 11848994781.000000 0.000000 0.000000
 109 49 0 49 8426 7129 71138512 85903092 500764747.099126 505512687.681593 11780512418.000000 0.000000 0.000000
 110 50 0 50 2929 3236 38313296 40549076 545962739.971033 549435602.103451 11732556359.000000 0.000000 0.000000
 111 51 0 51 4699 4630 54136472 46046284 451404310.660381 457964728.910294 11824669661.000000 0.000000 0.000000
 117 52 0 52 2929 3236 38327400 41003948 462121490.481872 469655794.221741 11812573081.000000 0.000000 0.000000
 118 53 0 53 4719 4630 55078728 46338460 492921000.603764 500545823.643171 11782050779.000000 0.000000 0.000000
 119 54 0 54 1902 2353 29392280 35302668 490986879.731767 493649582.471582 11788569173.000000 0.000000 0.000000
 120 55 0 55 2949 3236 38366064 41432180 520724638.157267 526600852.314095 11755581264.000000 0.000000 0.000000
 126 56 0 56 8426 7129 71138512 85903092 699397019.186347 698730829.697289 11582980100.000000 0.000000 0.000000
 127 57 0 57 4679 4630 53313904 45805060 447022501.401218 446023071.544821 11834786672.000000 0.000000 0.000000
 128 58 0 58 4699 4630 54136472 46046284 473981507.027796 475053198.864527 11805683939.000000 0.000000 0.000000
 129 59 0 59 2929 3236 38313296 40549076 486701495.481418 488014079.391766 11793235297.000000 0.000000 0.000000
 135 60 0 60 4719 4630 55078728 46338460 1118971133.816680 1120296163.420870 11158633219.000000 0.000000 0.000000
 136 61 0 61 2929 3236 38327400 41003948 1110843857.983366 1111341034.937002 11167427573.000000 0.000000 0.000000
 137 62 0 62 2949 3236 38366064 41432180 1057299967.674999 1059779240.370979 11218948916.000000 0.000000 0.000000
 138 63 0 63 1902 2353 29392280 35302668 1051329978.981873 1054812985.998302 11224078675.000000 0.000000 0.000000