# Format <LP ID> <Terminal ID> <Job ID> <Local Rank> <Total sends> <Total Recvs> <Bytes sent> <Bytes recvd> <Send time> <Comm. time> <Compute time> <Avg msg time> <Max Msg Time>
 0 0 0 0 28000 28000 32064632 32064632 126993024.064627 138554133.270665 221281641.000000 0.000000 0.000000
 1 1 0 1 28000 28000 38753880 38753880 131832598.568087 147138249.192662 212697416.000000 0.000000 0.000000
 2 2 0 2 28000 28000 38747532 38747532 131563674.352995 142039099.085556 217796347.000000 0.000000 0.000000
 3 3 0 3 28000 24000 32501596 32493596 126971379.925427 157421491.905841 202414089.000000 0.000000 0.000000
 4 4 0 4 28000 32000 39170140 39178140 132495653.990139 136724488.240978 223112292.000000 0.000000 0.000000
 11 5 0 5 28000 24000 33759788 33751788 128055246.779160 152708726.611152 207128263.000000 0.000000 0.000000
 12 6 0 6 24000 24000 27933140 27933140 109307860.845159 174653908.990575 185164753.000000 0.000000 0.000000
 13 7 0 7 28000 32000 39588272 39596272 132148992.014092 137254745.878802 222578617.000000 0.000000 0.000000
 14 8 0 8 28000 24000 32924208 32916208 127621873.063529 153090531.362550 206742940.000000 0.000000 0.000000
 15 9 0 9 24000 28000 32912828 32920828 113004379.026800 165839984.222768 193975712.000000 0.000000 0.000000
 22 10 0 10 28000 28000 36667572 36667572 130109223.272680 145157588.326206 214673135.000000 0.000000 0.000000
 23 11 0 11 28000 24000 32918660 32910660 127389244.079309 152636540.053667 207194322.000000 0.000000 0.000000
 24 12 0 12 24000 24000 29573788 29573788 110177926.978066 152642246.363815 207171666.000000 0.000000 0.000000
 25 13 0 13 28000 32000 40403528 40411528 133109470.904314 117368417.823158 242476255.000000 0.000000 0.000000
 26 14 0 14 28000 24000 32512728 32504728 127324170.044090 127752576.029928 232092238.000000 0.000000 0.000000
 33 15 0 15 24000 28000 32515708 32523708 112717279.324956 144154429.884646 215673868.000000 0.000000 0.000000
 34 16 0 16 28000 28000 36259468 36259468 129846338.617473 125840862.169480 233999395.000000 0.000000 0.000000
 35 17 0 17 28000 24000 32512832 32504832 127449259.077271 131402823.096425 228437534.000000 0.000000 0.000000
 36 18 0 18 24000 28000 33333032 33341032 112975930.520864 145454109.984534 214370975.000000 0.000000 0.000000
 37 19 0 19 28000 28000 36672956 36672956 130639753.286213 127373507.542563 232472337.000000 0.000000 0.000000
 44 20 0 20 28000 24000 32510664 32502664 127437979.413139 131516440.090708 228329607.000000 0.000000 0.000000
 45 21 0 21 24000 28000 32493036 32501036 112944722.996127 143491644.822053 216339161.000000 0.000000 0.000000
 46 22 0 22 28000 28000 36248328 36248328 129843534.239012 127509199.661252 232327608.000000 0.000000 0.000000
 47 23 0 23 28000 24000 32512220 32504220 127129148.417028 132122738.829067 227714205.000000 0.000000 0.000000
 48 24 0 24 24000 28000 34574828 34582828 114378418.952250 149240697.692024 210581177.000000 0.000000 0.000000
 55 25 0 25 28000 28000 32086876 32086876 126914983.566094 150847168.439262 208992324.000000 0.000000 0.000000
 56 26 0 26 28000 28000 38747032 38747032 131978046.062781 142035074.914127 217804276.000000 0.000000 0.000000
 57 27 0 27 28000 28000 38731736 38731736 131553281.711572 142334274.238385 217504609.000000 0.000000 0.000000
 58 28 0 28 28000 24000 32499384 32491384 126956279.908315 154804238.598425 205034763.000000 0.000000 0.000000
 59 29 0 29 28000 32000 39165636 39173636 132553759.985230 136003635.866877 223833299.000000 0.000000 0.000000
 66 30 0 30 28000 24000 33762344 33754344 128202061.055664 151634001.021225 208203034.000000 0.000000 0.000000
 67 31 0 31 24000 24000 27919224 27919224 109312651.468608 173488779.876222 186331504.000000 0.000000 0.000000
 68 32 0 32 28000 32000 39589368 39597368 132273078.173359 136721191.053681 223121860.000000 0.000000 0.000000
 69 33 0 33 28000 24000 32931868 32923868 127749011.588423 153330727.724895 206512422.000000 0.000000 0.000000
 70 34 0 34 24000 28000 32917724 32925724 113016601.624055 164485267.431884 195339573.000000 0.000000 0.000000
 77 35 0 35 28000 28000 36670540 36670540 130069669.253107 145319065.004131 214527185.000000 0.000000 0.000000
 78 36 0 36 28000 24000 32926448 32918448 127341621.185097 124042727.975152 235803630.000000 0.000000 0.000000
 79 37 0 37 24000 24000 29578180 29578180 110180974.536582 148595249.301625 211233941.000000 0.000000 0.000000
 80 38 0 38 28000 32000 40395288 40403288 133079025.198148 107472422.165452 252373566.000000 0.000000 0.000000
 81 39 0 39 28000 24000 32509204 32501204 127303533.509628 125528070.120344 234318056.000000 0.000000 0.000000
 88 40 0 40 24000 28000 32489604 32497604 112702782.128392 137912237.732211 221916890.000000 0.000000 0.000000
 89 41 0 41 28000 28000 36249024 36249024 129827908.784547 120071659.078832 239774973.000000 0.000000 0.000000
 90 42 0 42 28000 24000 32512212 32504212 127424116.023075 126123090.277312 233723661.000000 0.000000 0.000000
 91 43 0 43 24000 28000 33330416 33338416 112980473.970912 138486069.725960 221345589.000000 0.000000 0.000000
 92 44 0 44 28000 28000 36664632 36664632 130631483.070757 119877707.150763 239964819.000000 0.000000 0.000000
 99 45 0 45 28000 24000 32512460 32504460 127316193.594365 125499408.483538 234343357.000000 0.000000 0.000000
 100 46 0 46 24000 28000 32504656 32512656 112800865.900664 135384887.297633 224442540.000000 0.000000 0.000000
 101 47 0 47 28000 28000 36240660 36240660 129692053.098255 119860280.685347 239979491.000000 0.000000 0.000000
 102 48 0 48 28000 24000 32497448 32489448 126961408.295284 139539403.220241 220300506.000000 0.000000 0.000000
 103 49 0 49 24000 28000 34559788 34567788 114180090.185864 162208172.662204 197616771.000000 0.000000 0.000000
 110 50 0 50 28000 28000 32073480 32073480 126897915.516735 149338584.124583 210498245.000000 0.000000 0.000000
 111 51 0 51 28000 28000 38736336 38736336 131817141.812014 141281613.966770 218555148.000000 0.000000 0.000000
 112 52 0 52 28000 28000 38740296 38740296 131539491.964784 139930511.653475 219905173.000000 0.000000 0.000000
 113 53 0 53 28000 24000 32496240 32488240 126925426.037883 153447783.132965 206387759.000000 0.000000 0.000000
 114 54 0 54 28000 32000 39172064 39180064 132435781.631099 134023646.098080 225812989.000000 0.000000 0.000000
 121 55 0 55 28000 24000 33734884 33726884 128161043.175284 149757597.613588 210079277.000000 0.000000 0.000000
 122 56 0 56 24000 24000 27921168 27921168 109317112.247745 171229881.554805 188587885.000000 0.000000 0.000000
 123 57 0 57 28000 32000 39571236 39579236 132248865.513858 135272906.627768 224567343.000000 0.000000 0.000000
 124 58 0 58 28000 24000 32913348 32905348 127740433.134867 150926873.591284 208913513.000000 0.000000 0.000000
 125 59 0 59 24000 28000 32901292 32909292 113020716.281810 162358862.851296 197464719.000000 0.000000 0.000000
 132 60 0 60 28000 28000 36652636 36652636 130044181.577144 110773071.567458 249068822.000000 0.000000 0.000000
 133 61 0 61 28000 24000 32903816 32895816 127330266.465965 121621869.646171 238220139.000000 0.000000 0.000000
 134 62 0 62 24000 24000 29578936 29578936 110166392.111315 139985060.258432 219840684.000000 0.000000 0.000000
 135 63 0 63 28000 32000 40420396 40428396 133096012.701075 106227837.135600 253610329.000000 0.000000 0.000000
 136 64 0 64 28000 24000 32511148 32503148 127317669.425461 120861051.595705 238977243.000000 0.000000 0.000000
 143 65 0 65 24000 28000 32486276 32494276 112665682.675180 132592438.471720 227230596.000000 0.000000 0.000000
 144 66 0 66 28000 28000 36263460 36263460 129806496.801902 116585551.391184 243258798.000000 0.000000 0.000000
 145 67 0 67 28000 24000 32516192 32508192 127423147.415714 120982738.730674 238861752.000000 0.000000 0.000000
 146 68 0 68 24000 28000 33328608 33336608 112970098.807488 133406788.879074 226422680.000000 0.000000 0.000000
 147 69 0 69 28000 28000 36652080 36652080 130600260.450504 116298864.972915 243539895.000000 0.000000 0.000000
 154 70 0 70 28000 24000 32513128 32505128 127389067.943772 120295335.118201 239543657.000000 0.000000 0.000000
 155 71 0 71 24000 28000 32502492 32510492 112873694.592544 130053705.442200 229770034.000000 0.000000 0.000000
 156 72 0 72 28000 28000 36243032 36243032 129815179.225117 130678442.961994 229163078.000000 0.000000 0.000000
 157 73 0 73 28000 24000 32513740 32505740 127098673.469031 151344228.578500 208497423.000000 0.000000 0.000000
 158 74 0 74 24000 28000 34580544 34588544 114309409.615659 159090098.309977 200734882.000000 0.000000 0.000000
 165 75 0 75 28000 28000 32073304 32073304 126927710.856076 147067304.784607 212769334.000000 0.000000 0.000000
 166 76 0 76 28000 28000 38745076 38745076 131953264.749692 139567280.966274 220269253.000000 0.000000 0.000000
 167 77 0 77 28000 28000 38745084 38745084 131600153.858736 139104802.546452 220731289.000000 0.000000 0.000000
 168 78 0 78 28000 24000 32506812 32498812 126989264.634444 152682018.229342 207154213.000000 0.000000 0.000000
 169 79 0 79 28000 32000 39157496 39165496 132475025.306619 134327592.643246 225512260.000000 0.000000 0.000000
 176 80 0 80 28000 24000 33753704 33745704 128170982.546554 149671848.551048 210168233.000000 0.000000 0.000000
 177 81 0 81 24000 24000 27913272 27913272 109313255.939289 170869851.145391 188949207.000000 0.000000 0.000000
 178 82 0 82 28000 32000 39590796 39598796 132273935.903012 136680543.792117 223159730.000000 0.000000 0.000000
 179 83 0 83 28000 24000 32925712 32917712 127748419.623911 151606651.222064 208233754.000000 0.000000 0.000000
 180 84 0 84 24000 28000 32915360 32923360 113017645.749440 136827704.398469 222996887.000000 0.000000 0.000000
 187 85 0 85 28000 28000 36667220 36667220 130080849.565101 119900682.419819 239942113.000000 0.000000 0.000000
 188 86 0 86 28000 24000 32913384 32905384 127364597.513918 127223919.130408 232618993.000000 0.000000 0.000000
 189 87 0 87 24000 24000 29579992 29579992 110172554.770916 149226009.367160 210598094.000000 0.000000 0.000000
 190 88 0 88 28000 32000 40408496 40416496 133086971.021429 113157604.288265 246685767.000000 0.000000 0.000000
 191 89 0 89 28000 24000 32501152 32493152 127307996.646105 127606797.980065 232236686.000000 0.000000 0.000000
 198 90 0 90 24000 28000 32488836 32496836 112540634.769860 141611424.815398 218214517.000000 0.000000 0.000000
 199 91 0 91 28000 28000 36249616 36249616 129675665.769335 122024592.440761 237821715.000000 0.000000 0.000000
 200 92 0 92 28000 24000 32511208 32503208 127278050.863815 128352660.503101 231493775.000000 0.000000 0.000000
 201 93 0 93 24000 28000 33332156 33340156 112843749.408011 142417290.767248 217412151.000000 0.000000 0.000000
 202 94 0 94 28000 28000 36649744 36649744 130406563.482767 120910820.027350 238929658.000000 0.000000 0.000000
 209 95 0 95 28000 24000 32494248 32486248 127300717.179083 127623856.860196 232216835.000000 0.000000 0.000000
 210 96 0 96 24000 28000 32497608 32505608 112890062.107446 200765084.565109 159058924.000000 0.000000 0.000000
 211 97 0 97 28000 28000 36236440 36236440 129732372.921480 204123934.676095 155710913.000000 0.000000 0.000000
 212 98 0 98 28000 24000 32480632 32472632 126989923.119472 208248087.456398 151586885.000000 0.000000 0.000000
 213 99 0 99 24000 28000 34541172 34549172 114346514.691103 211980043.226962 147840461.000000 0.000000 0.000000