# Format <LP ID> <Group ID> <Router ID> <Link traffic per router port(s)># Router ports in the order: 10 local channels, 5 global channels
 10 0 0 0 41723432 17075128 2034592 27071916 2034056 2053704 2050888 2050704 29917284 3432204 3475696 3500700 3416484 3453176
 21 0 1 43035172 0 31660944 39369328 13880616 14241604 14351572 14238440 40330064 9284324 104294384 423508 430612 431004 451112
 32 0 2 17982604 26303964 0 21639992 15869620 3355528 3389392 29465012 3362772 3715920 3358788 3468256 3430204 3408136 3416592
 43 0 3 3395964 39838232 20033644 0 34214568 3380828 29388212 3316216 3362680 3768488 3436252 3397404 3419324 3389184 3386832
 54 0 4 30493696 12305664 13398236 34645120 0 29532980 3373832 3332156 3370276 3725640 3365588 3421388 3472568 3415440 3429068
 65 0 5 3381384 12587200 3340956 3358472 29562700 0 34195976 18315148 3300412 28681932 3469232 3440096 3450004 3453244 3464596
 76 0 6 3389596 12712564 3327424 29344548 3378284 32469488 0 20850796 28392932 3745348 3430520 3498792 3424112 3418832 3479344
 87 0 7 3379488 12652860 29400956 3324104 3335236 17923040 17110000 0 21664096 16204196 3419860 3446708 3401760 3441032 3426620
 98 0 8 3401020 38365512 3356424 3380620 3424756 3388124 30465148 20045068 0 34623748 3423120 3418864 3374252 3423628 3468096
 109 0 9 29569272 12600636 3349680 3324908 3301480 30409304 3367776 13305520 34535704 0 3420372 3407208 3410660 3423060 3451532
 120 1 0 0 44868788 29408884 14513016 39271184 14063840 14504940 14334656 10299712 40117024 103553600 440992 473296 447528 450972
 131 1 1 40506960 0 19488020 27025604 1987480 1990172 2037944 1995928 29743720 2003692 3442084 3443756 3455548 3443500 3397800
 142 1 2 27164964 17060932 0 21652212 15847196 3349404 3337728 29476192 3636340 3394076 3473832 3397784 3449184 3430068 3464880
 153 1 3 12733360 30427204 20012280 0 34163968 3366924 29348616 3320676 3614780 3365072 3543432 3475492 3455988 3432088 3447320
 164 1 4 39615944 3390572 13307676 34601360 0 29511348 3287456 3339696 3630956 3366708 3480156 3439288 3431292 3428964 3454224
 175 1 5 12224896 3438040 3379556 3393252 29532200 0 34218712 18362232 3710664 28362284 3474832 3450372 3443200 3443244 3470700
 186 1 6 12748864 3416300 3330000 29393616 3372344 32556168 0 20852220 28640996 3383532 3434276 3428784 3433656 3402524 3467212
 197 1 7 12501836 3387716 29430864 3384248 3366536 17911516 17087016 0 22045872 15885220 3383264 3412220 3431752 3499944 3477356
 208 1 8 12762836 29420560 3317544 3365424 3290032 3377856 30404644 20000012 0 34206616 3449352 3456276 3406956 3431560 3443980
 219 1 9 38333252 3388088 3370724 3379864 3363796 30507412 3374608 13369012 34909656 0 3421232 3405932 3445776 3443316 3487980
 230 2 0 0 3356052 0 0 0 0 0 0 0 0 3474504 0 0 0 0
 241 2 1 3474064 0 0 0 0 0 0 0 0 0 3358632 0 0 0 0
 252 2 2 0 0 0 0 0 0 0 0 0 0 0 0 0 0 0
 263 2 3 0 0 0 0 0 0 0 0 0 0 0 0 0 0 0
 274 2 4 0 0 0 0 0 0 0 0 0 0 0 0 0 0 0
 285 2 5 0 0 0 0 0 0 0 0 0 0 0 0 0 0 0
 296 2 6 0 0 0 0 0 0 0 0 0 0 0 0 0 0 0
 307 2 7 0 0 0 0 0 0 0 0 0 0 0 0 0 0 0
 318 2 8 0 0 0 0 0 0 0 0 0 0 0 0 0 0 0
 329 2 9 0 0 0 0 0 0 0 0 0 0 0 0 0 0 0
 340 3 0 0 3433560 0 0 0 0 0 0 0 0 3543944 0 0 0 0
 351 3 1 3544412 0 0 0 0 0 0 0 0 0 3433252 0 0 0 0
 362 3 2 0 0 0 0 0 0 0 0 0 0 0 0 0 0 0
 373 3 3 0 0 0 0 0 0 0 0 0 0 0 0 0 0 0
 384 3 4 0 0 0 0 0 0 0 0 0 0 0 0 0 0 0
 395 3 5 0 0 0 0 0 0 0 0 0 0 0 0 0 0 0
 406 3 6 0 0 0 0 0 0 0 0 0 0 0 0 0 0 0
 417 3 7 0 0 0 0 0 0 0 0 0 0 0 0 0 0 0
 428 3 8 0 0 0 0 0 0 0 0 0 0 0 0 0 0 0
 439 3 9 0 0 0 0 0 0 0 0 0 0 0 0 0 0 0
 450 4 0 0 3363924 0 0 0 0 0 0 0 0 3479924 0 0 0 0
 461 4 1 3479016 0 0 0 0 0 0 0 0 0 3364000 0 0 0 0
 472 4 2 0 0 0 0 0 0 0 0 0 0 0 0 0 0 0
 483 4 3 0 0 0 0 0 0 0 0 0 0 0 0 0 0 0
 494 4 4 0 0 0 0 0 0 0 0 0 0 0 0 0 0 0
 505 4 5 0 0 0 0 0 0 0 0 0 0 0 0 0 0 0
 516 4 6 0 0 0 0 0 0 0 0 0 0 0 0 0 0 0
 527 4 7 0 0 0 0 0 0 0 0 0 0 0 0 0 0 0
 538 4 8 0 0 0 0 0 0 0 0 0 0 0 0 0 0 0
 549 4 9 0 0 0 0 0 0 0 0 0 0 0 0 0 0 0
 560 5 0 0 3468248 0 0 0 0 0 0 0 0 3474160 0 0 0 0
 571 5 1 3474676 0 0 0 0 0 0 0 0 0 3468088 0 0 0 0
 582 5 2 0 0 0 0 0 0 0 0 0 0 0 0 0 0 0
 593 5 3 0 0 0 0 0 0 0 0 0 0 0 0 0 0 0
 604 5 4 0 0 0 0 0 0 0 0 0 0 0 0 0 0 0
 615 5 5 0 0 0 0 0 0 0 0 0 0 0 0 0 0 0
 626 5 6 0 0 0 0 0 0 0 0 0 0 0 0 0 0 0
 637 5 7 0 0 0 0 0 0 0 0 0 0 0 0 0 0 0
 648 5 8 0 0 0 0 0 0 0 0 0 0 0 0 0 0 0
 659 5 9 0 0 0 0 0 0 0 0 0 0 0 0 0 0 0
 670 6 0 0 3431052 0 0 0 0 0 0 0 0 3433748 0 0 0 0
 681 6 1 3434304 0 0 0 0 0 0 0 0 0 3429416 0 0 0 0
 692 6 2 0 0 0 0 0 0 0 0 0 0 0 0 0 0 0
 703 6 3 0 0 0 0 0 0 0 0 0 0 0 0 0 0 0
 714 6 4 0 0 0 0 0 0 0 0 0 0 0 0 0 0 0
 725 6 5 0 0 0 0 0 0 0 0 0 0 0 0 0 0 0
 736 6 6 0 0 0 0 0 0 0 0 0 0 0 0 0 0 0
 747 6 7 0 0 0 0 0 0 0 0 0 0 0 0 0 0 0
 758 6 8 0 0 0 0 0 0 0 0 0 0 0 0 0 0 0
 769 6 9 0 0 0 0 0 0 0 0 0 0 0 0 0 0 0
 780 7 0 0 3418312 0 0 0 0 0 0 0 0 3380256 0 0 0 0
 791 7 1 3381740 0 0 0 0 0 0 0 0 0 3418440 0 0 0 0
 802 7 2 0 0 0 0 0 0 0 0 0 0 0 0 0 0 0
 813 7 3 0 0 0 0 0 0 0 0 0 0 0 0 0 0 0
 824 7 4 0 0 0 0 0 0 0 0 0 0 0 0 0 0 0
 835 7 5 0 0 0 0 0 0 0 0 0 0 0 0 0 0 0
 846 7 6 0 0 0 0 0 0 0 0 0 0 0 0 0 0 0
 857 7 7 0 0 0 0 0 0 0 0 0 0 0 0 0 0 0
 868 7 8 0 0 0 0 0 0 0 0 0 0 0 0 0 0 0
 879 7 9 0 0 0 0 0 0 0 0 0 0 0 0 0 0 0
 890 8 0 0 3423444 0 0 0 0 0 0 0 0 3447440 0 0 0 0
 901 8 1 3447284 0 0 0 0 0 0 0 0 0 3423228 0 0 0 0
 912 8 2 0 0 0 0 0 0 0 0 0 0 0 0 0 0 0
 923 8 3 0 0 0 0 0 0 0 0 0 0 0 0 0 0 0
 934 8 4 0 0 0 0 0 0 0 0 0 0 0 0 0 0 0
 945 8 5 0 0 0 0 0 0 0 0 0 0 0 0 0 0 0
 956 8 6 0 0 0 0 0 0 0 0 0 0 0 0 0 0 0
 967 8 7 0 0 0 0 0 0 0 0 0 0 0 0 0 0 0
 978 8 8 0 0 0 0 0 0 0 0 0 0 0 0 0 0 0
 989 8 9 0 0 0 0 0 0 0 0 0 0 0 0 0 0 0
 1000 9 0 0 3419044 0 0 0 0 0 0 0 0 3418096 0 0 0 0
 1011 9 1 3419292 0 0 0 0 0 0 0 0 0 3418316 0 0 0 0
 1022 9 2 0 0 0 0 0 0 0 0 0 0 0 0 0 0 0
 1033 9 3 0 0 0 0 0 0 0 0 0 0 0 0 0 0 0
 1044 9 4 0 0 0 0 0 0 0 0 0 0 0 0 0 0 0
 1055 9 5 0 0 0 0 0 0 0 0 0 0 0 0 0 0 0
 1066 9 6 0 0 0 0 0 0 0 0 0 0 0 0 0 0 0
 1077 9 7 0 0 0 0 0 0 0 0 0 0 0 0 0 0 0
 1088 9 8 0 0 0 0 0 0 0 0 0 0 0 0 0 0 0
 1099 9 9 0 0 0 0 0 0 0 0 0 0 0 0 0 0 0
 1110 10 0 0 3475172 0 0 0 0 0 0 0 0 441684 0 0 0 0
 1121 10 1 441064 0 0 0 0 0 0 0 0 0 3475076 0 0 0 0
 1132 10 2 0 0 0 0 0 0 0 0 0 0 0 0 0 0 0
 1143 10 3 0 0 0 0 0 0 0 0 0 0 0 0 0 0 0
 1154 10 4 0 0 0 0 0 0 0 0 0 0 0 0 0 0 0
 1165 10 5 0 0 0 0 0 0 0 0 0 0 0 0 0 0 0
 1176 10 6 0 0 0 0 0 0 0 0 0 0 0 0 0 0 0
 1187 10 7 0 0 0 0 0 0 0 0 0 0 0 0 0 0 0
 1198 10 8 0 0 0 0 0 0 0 0 0 0 0 0 0 0 0
 1209 10 9 0 0 0 0 0 0 0 0 0 0 0 0 0 0 0
 1220 11 0 0 423608 0 0 0 0 0 0 0 0 3442356 0 0 0 0
 1231 11 1 3442656 0 0 0 0 0 0 0 0 0 423492 0 0 0 0
 1242 11 2 0 0 0 0 0 0 0 0 0 0 0 0 0 0 0
 1253 11 3 0 0 0 0 0 0 0 0 0 0 0 0 0 0 0
 1264 11 4 0 0 0 0 0 0 0 0 0 0 0 0 0 0 0
 1275 11 5 0 0 0 0 0 0 0 0 0 0 0 0 0 0 0
 1286 11 6 0 0 0 0 0 0 0 0 0 0 0 0 0 0 0
 1297 11 7 0 0 0 0 0 0 0 0 0 0 0 0 0 0 0
 1308 11 8 0 0 0 0 0 0 0 0 0 0 0 0 0 0 0
 1319 11 9 0 0 0 0 0 0 0 0 0 0 0 0 0 0 0
 1330 12 0 0 3466956 0 0 0 0 0 0 0 0 3397964 0 0 0 0
 1341 12 1 3397120 0 0 0 0 0 0 0 0 0 3467476 0 0 0 0
 1352 12 2 0 0 0 0 0 0 0 0 0 0 0 0 0 0 0
 1363 12 3 0 0 0 0 0 0 0 0 0 0 0 0 0 0 0
 1374 12 4 0 0 0 0 0 0 0 0 0 0 0 0 0 0 0
 1385 12 5 0 0 0 0 0 0 0 0 0 0 0 0 0 0 0
 1396 12 6 0 0 0 0 0 0 0 0 0 0 0 0 0 0 0
 1407 12 7 0 0 0 0 0 0 0 0 0 0 0 0 0 0 0
 1418 12 8 0 0 0 0 0 0 0 0 0 0 0 0 0 0 0
 1429 12 9 0 0 0 0 0 0 0 0 0 0 0 0 0 0 0
 1440 13 0 0 3398320 0 0 0 0 0 0 0 0 3476104 0 0 0 0
 1451 13 1 3476236 0 0 0 0 0 0 0 0 0 3397908 0 0 0 0
 1462 13 2 0 0 0 0 0 0 0 0 0 0 0 0 0 0 0
 1473 13 3 0 0 0 0 0 0 0 0 0 0 0 0 0 0 0
 1484 13 4 0 0 0 0 0 0 0 0 0 0 0 0 0 0 0
 1495 13 5 0 0 0 0 0 0 0 0 0 0 0 0 0 0 0
 1506 13 6 0 0 0 0 0 0 0 0 0 0 0 0 0 0 0
 1517 13 7 0 0 0 0 0 0 0 0 0 0 0 0 0 0 0
 1528 13 8 0 0 0 0 0 0 0 0 0 0 0 0 0 0 0
 1539 13 9 0 0 0 0 0 0 0 0 0 0 0 0 0 0 0
 1550 14 0 0 3420724 0 0 0 0 0 0 0 0 3440072 0 0 0 0
 1561 14 1 3439940 0 0 0 0 0 0 0 0 0 3421044 0 0 0 0
 1572 14 2 0 0 0 0 0 0 0 0 0 0 0 0 0 0 0
 1583 14 3 0 0 0 0 0 0 0 0 0 0 0 0 0 0 0
 1594 14 4 0 0 0 0 0 0 0 0 0 0 0 0 0 0 0
 1605 14 5 0 0 0 0 0 0 0 0 0 0 0 0 0 0 0
 1616 14 6 0 0 0 0 0 0 0 0 0 0 0 0 0 0 0
 1627 14 7 0 0 0 0 0 0 0 0 0 0 0 0 0 0 0
 1638 14 8 0 0 0 0 0 0 0 0 0 0 0 0 0 0 0
 1649 14 9 0 0 0 0 0 0 0 0 0 0 0 0 0 0 0
 1660 15 0 0 3438044 0 0 0 0 0 0 0 0 3449300 0 0 0 0
 1671 15 1 3449872 0 0 0 0 0 0 0 0 0 3438428 0 0 0 0
 1682 15 2 0 0 0 0 0 0 0 0 0 0 0 0 0 0 0
 1693 15 3 0 0 0 0 0 0 0 0 0 0 0 0 0 0 0
 1704 15 4 0 0 0 0 0 0 0 0 0 0 0 0 0 0 0
 1715 15 5 0 0 0 0 0 0 0 0 0 0 0 0 0 0 0
 1726 15 6 0 0 0 0 0 0 0 0 0 0 0 0 0 0 0
 1737 15 7 0 0 0 0 0 0 0 0 0 0 0 0 0 0 0
 1748 15 8 0 0 0 0 0 0 0 0 0 0 0 0 0 0 0
 1759 15 9 0 0 0 0 0 0 0 0 0 0 0 0 0 0 0
 1770 16 0 0 3498132 0 0 0 0 0 0 0 0 3428752 0 0 0 0
 1781 16 1 3428268 0 0 0 0 0 0 0 0 0 3498012 0 0 0 0
 1792 16 2 0 0 0 0 0 0 0 0 0 0 0 0 0 0 0
 1803 16 3 0 0 0 0 0 0 0 0 0 0 0 0 0 0 0
 1814 16 4 0 0 0 0 0 0 0 0 0 0 0 0 0 0 0
 1825 16 5 0 0 0 0 0 0 0 0 0 0 0 0 0 0 0
 1836 16 6 0 0 0 0 0 0 0 0 0 0 0 0 0 0 0
 1847 16 7 0 0 0 0 0 0 0 0 0 0 0 0 0 0 0
 1858 16 8 0 0 0 0 0 0 0 0 0 0 0 0 0 0 0
 1869 16 9 0 0 0 0 0 0 0 0 0 0 0 0 0 0 0
 1880 17 0 0 3446296 0 0 0 0 0 0 0 0 3410072 0 0 0 0
 1891 17 1 3411672 0 0 0 0 0 0 0 0 0 3447716 0 0 0 0
 1902 17 2 0 0 0 0 0 0 0 0 0 0 0 0 0 0 0
 1913 17 3 0 0 0 0 0 0 0 0 0 0 0 0 0 0 0
 1924 17 4 0 0 0 0 0 0 0 0 0 0 0 0 0 0 0
 1935 17 5 0 0 0 0 0 0 0 0 0 0 0 0 0 0 0
 1946 17 6 0 0 0 0 0 0 0 0 0 0 0 0 0 0 0
 1957 17 7 0 0 0 0 0 0 0 0 0 0 0 0 0 0 0
 1968 17 8 0 0 0 0 0 0 0 0 0 0 0 0 0 0 0
 1979 17 9 0 0 0 0 0 0 0 0 0 0 0 0 0 0 0
 1990 18 0 0 3418292 0 0 0 0 0 0 0 0 3454224 0 0 0 0
 2001 18 1 3453976 0 0 0 0 0 0 0 0 0 3417780 0 0 0 0
 2012 18 2 0 0 0 0 0 0 0 0 0 0 0 0 0 0 0
 2023 18 3 0 0 0 0 0 0 0 0 0 0 0 0 0 0 0
 2034 18 4 0 0 0 0 0 0 0 0 0 0 0 0 0 0 0
 2045 18 5 0 0 0 0 0 0 0 0 0 0 0 0 0 0 0
 2056 18 6 0 0 0 0 0 0 0 0 0 0 0 0 0 0 0
 2067 18 7 0 0 0 0 0 0 0 0 0 0 0 0 0 0 0
 2078 18 8 0 0 0 0 0 0 0 0 0 0 0 0 0 0 0
 2089 18 9 0 0 0 0 0 0 0 0 0 0 0 0 0 0 0
 2100 19 0 0 3404888 0 0 0 0 0 0 0 0 3406960 0 0 0 0
 2111 19 1 3407900 0 0 0 0 0 0 0 0 0 3405068 0 0 0 0
 2122 19 2 0 0 0 0 0 0 0 0 0 0 0 0 0 0 0
 2133 19 3 0 0 0 0 0 0 0 0 0 0 0 0 0 0 0
 2144 19 4 0 0 0 0 0 0 0 0 0 0 0 0 0 0 0
 2155 19 5 0 0 0 0 0 0 0 0 0 0 0 0 0 0 0
 2166 19 6 0 0 0 0 0 0 0 0 0 0 0 0 0 0 0
 2177 19 7 0 0 0 0 0 0 0 0 0 0 0 0 0 0 0
 2188 19 8 0 0 0 0 0 0 0 0 0 0 0 0 0 0 0
 2199 19 9 0 0 0 0 0 0 0 0 0 0 0 0 0 0 0
 2210 20 0 0 3498152 0 0 0 0 0 0 0 0 473284 0 0 0 0
 2221 20 1 473304 0 0 0 0 0 0 0 0 0 3497660 0 0 0 0
 2232 20 2 0 0 0 0 0 0 0 0 0 0 0 0 0 0 0
 2243 20 3 0 0 0 0 0 0 0 0 0 0 0 0 0 0 0
 2254 20 4 0 0 0 0 0 0 0 0 0 0 0 0 0 0 0
 2265 20 5 0 0 0 0 0 0 0 0 0 0 0 0 0 0 0
 2276 20 6 0 0 0 0 0 0 0 0 0 0 0 0 0 0 0
 2287 20 7 0 0 0 0 0 0 0 0 0 0 0 0 0 0 0
 2298 20 8 0 0 0 0 0 0 0 0 0 0 0 0 0 0 0
 2309 20 9 0 0 0 0 0 0 0 0 0 0 0 0 0 0 0
 2320 21 0 0 430496 0 0 0 0 0 0 0 0 3456148 0 0 0 0
 2331 21 1 3456280 0 0 0 0 0 0 0 0 0 430384 0 0 0 0
 2342 21 2 0 0 0 0 0 0 0 0 0 0 0 0 0 0 0
 2353 21 3 0 0 0 0 0 0 0 0 0 0 0 0 0 0 0
 2364 21 4 0 0 0 0 0 0 0 0 0 0 0 0 0 0 0
 2375 21 5 0 0 0 0 0 0 0 0 0 0 0 0 0 0 0
 2386 21 6 0 0 0 0 0 0 0 0 0 0 0 0 0 0 0
 2397 21 7 0 0 0 0 0 0 0 0 0 0 0 0 0 0 0
 2408 21 8 0 0 0 0 0 0 0 0 0 0 0 0 0 0 0
 2419 21 9 0 0 0 0 0 0 0 0 0 0 0 0 0 0 0
 2430 22 0 0 3429344 0 0 0 0 0 0 0 0 3447900 0 0 0 0
 2441 22 1 3448876 0 0 0 0 0 0 0 0 0 3428600 0 0 0 0
 2452 22 2 0 0 0 0 0 0 0 0 0 0 0 0 0 0 0
 2463 22 3 0 0 0 0 0 0 0 0 0 0 0 0 0 0 0
 2474 22 4 0 0 0 0 0 0 0 0 0 0 0 0 0 0 0
 2485 22 5 0 0 0 0 0 0 0 0 0 0 0 0 0 0 0
 2496 22 6 0 0 0 0 0 0 0 0 0 0 0 0 0 0 0
 2507 22 7 0 0 0 0 0 0 0 0 0 0 0 0 0 0 0
 2518 22 8 0 0 0 0 0 0 0 0 0 0 0 0 0 0 0
 2529 22 9 0 0 0 0 0 0 0 0 0 0 0 0 0 0 0
 2540 23 0 0 3419640 0 0 0 0 0 0 0 0 3454984 0 0 0 0
 2551 23 1 3454516 0 0 0 0 0 0 0 0 0 3420976 0 0 0 0
 2562 23 2 0 0 0 0 0 0 0 0 0 0 0 0 0 0 0
 2573 23 3 0 0 0 0 0 0 0 0 0 0 0 0 0 0 0
 2584 23 4 0 0 0 0 0 0 0 0 0 0 0 0 0 0 0
 2595 23 5 0 0 0 0 0 0 0 0 0 0 0 0 0 0 0
 2606 23 6 0 0 0 0 0 0 0 0 0 0 0 0 0 0 0
 2617 23 7 0 0 0 0 0 0 0 0 0 0 0 0 0 0 0
 2628 23 8 0 0 0 0 0 0 0 0 0 0 0 0 0 0 0
 2639 23 9 0 0 0 0 0 0 0 0 0 0 0 0 0 0 0
 2650 24 0 0 3472092 0 0 0 0 0 0 0 0 3429848 0 0 0 0
 2661 24 1 3430444 0 0 0 0 0 0 0 0 0 3472128 0 0 0 0
 2672 24 2 0 0 0 0 0 0 0 0 0 0 0 0 0 0 0
 2683 24 3 0 0 0 0 0 0 0 0 0 0 0 0 0 0 0
 2694 24 4 0 0 0 0 0 0 0 0 0 0 0 0 0 0 0
 2705 24 5 0 0 0 0 0 0 0 0 0 0 0 0 0 0 0
 2716 24 6 0 0 0 0 0 0 0 0 0 0 0 0 0 0 0
 2727 24 7 0 0 0 0 0 0 0 0 0 0 0 0 0 0 0
 2738 24 8 0 0 0 0 0 0 0 0 0 0 0 0 0 0 0
 2749 24 9 0 0 0 0 0 0 0 0 0 0 0 0 0 0 0
 2760 25 0 0 3449776 0 0 0 0 0 0 0 0 3443380 0 0 0 0
 2771 25 1 3443148 0 0 0 0 0 0 0 0 0 3450152 0 0 0 0
 2782 25 2 0 0 0 0 0 0 0 0 0 0 0 0 0 0 0
 2793 25 3 0 0 0 0 0 0 0 0 0 0 0 0 0 0 0
 2804 25 4 0 0 0 0 0 0 0 0 0 0 0 0 0 0 0
 2815 25 5 0 0 0 0 0 0 0 0 0 0 0 0 0 0 0
 2826 25 6 0 0 0 0 0 0 0 0 0 0 0 0 0 0 0
 2837 25 7 0 0 0 0 0 0 0 0 0 0 0 0 0 0 0
 2848 25 8 0 0 0 0 0 0 0 0 0 0 0 0 0 0 0
 2859 25 9 0 0 0 0 0 0 0 0 0 0 0 0 0 0 0
 2870 26 0 0 3424428 0 0 0 0 0 0 0 0 3433176 0 0 0 0
 2881 26 1 3433352 0 0 0 0 0 0 0 0 0 3423252 0 0 0 0
 2892 26 2 0 0 0 0 0 0 0 0 0 0 0 0 0 0 0
 2903 26 3 0 0 0 0 0 0 0 0 0 0 0 0 0 0 0
 2914 26 4 0 0 0 0 0 0 0 0 0 0 0 0 0 0 0
 2925 26 5 0 0 0 0 0 0 0 0 0 0 0 0 0 0 0
 2936 26 6 0 0 0 0 0 0 0 0 0 0 0 0 0 0 0
 2947 26 7 0 0 0 0 0 0 0 0 0 0 0 0 0 0 0
 2958 26 8 0 0 0 0 0 0 0 0 0 0 0 0 0 0 0
 2969 26 9 0 0 0 0 0 0 0 0 0 0 0 0 0 0 0
 2980 27 0 0 3402140 0 0 0 0 0 0 0 0 3431688 0 0 0 0
 2991 27 1 3430868 0 0 0 0 0 0 0 0 0 3402820 0 0 0 0
 3002 27 2 0 0 0 0 0 0 0 0 0 0 0 0 0 0 0
 3013 27 3 0 0 0 0 0 0 0 0 0 0 0 0 0 0 0
 3024 27 4 0 0 0 0 0 0 0 0 0 0 0 0 0 0 0
 3035 27 5 0 0 0 0 0 0 0 0 0 0 0 0 0 0 0
 3046 27 6 0 0 0 0 0 0 0 0 0 0 0 0 0 0 0
 3057 27 7 0 0 0 0 0 0 0 0 0 0 0 0 0 0 0
 3068 27 8 0 0 0 0 0 0 0 0 0 0 0 0 0 0 0
 3079 27 9 0 0 0 0 0 0 0 0 0 0 0 0 0 0 0
 3090 28 0 0 3371968 0 0 0 0 0 0 0 0 3405220 0 0 0 0
 3101 28 1 3404688 0 0 0 0 0 0 0 0 0 3371952 0 0 0 0
 3112 28 2 0 0 0 0 0 0 0 0 0 0 0 0 0 0 0
 3123 28 3 0 0 0 0 0 0 0 0 0 0 0 0 0 0 0
 3134 28 4 0 0 0 0 0 0 0 0 0 0 0 0 0 0 0
 3145 28 5 0 0 0 0 0 0 0 0 0 0 0 0 0 0 0
 3156 28 6 0 0 0 0 0 0 0 0 0 0 0 0 0 0 0
 3167 28 7 0 0 0 0 0 0 0 0 0 0 0 0 0 0 0
 3178 28 8 0 0 0 0 0 0 0 0 0 0 0 0 0 0 0
 3189 28 9 0 0 0 0 0 0 0 0 0 0 0 0 0 0 0
 3200 29 0 0 3410140 0 0 0 0 0 0 0 0 3444540 0 0 0 0
 3211 29 1 3444260 0 0 0 0 0 0 0 0 0 3411056 0 0 0 0
 3222 29 2 0 0 0 0 0 0 0 0 0 0 0 0 0 0 0
 3233 29 3 0 0 0 0 0 0 0 0 0 0 0 0 0 0 0
 3244 29 4 0 0 0 0 0 0 0 0 0 0 0 0 0 0 0
 3255 29 5 0 0 0 0 0 0 0 0 0 0 0 0 0 0 0
 3266 29 6 0 0 0 0 0 0 0 0 0 0 0 0 0 0 0
 3277 29 7 0 0 0 0 0 0 0 0 0 0 0 0 0 0 0
 3288 29 8 0 0 0 0 0 0 0 0 0 0 0 0 0 0 0
 3299 29 9 0 0 0 0 0 0 0 0 0 0 0 0 0 0 0
 3310 30 0 0 3417304 0 0 0 0 0 0 0 0 447812 0 0 0 0
 3321 30 1 447684 0 0 0 0 0 0 0 0 0 3417436 0 0 0 0
 3332 30 2 0 0 0 0 0 0 0 0 0 0 0 0 0 0 0
 3343 30 3 0 0 0 0 0 0 0 0 0 0 0 0 0 0 0
 3354 30 4 0 0 0 0 0 0 0 0 0 0 0 0 0 0 0
 3365 30 5 0 0 0 0 0 0 0 0 0 0 0 0 0 0 0
 3376 30 6 0 0 0 0 0 0 0 0 0 0 0 0 0 0 0
 3387 30 7 0 0 0 0 0 0 0 0 0 0 0 0 0 0 0
 3398 30 8 0 0 0 0 0 0 0 0 0 0 0 0 0 0 0
 3409 30 9 0 0 0 0 0 0 0 0 0 0 0 0 0 0 0
 3420 31 0 0 430716 0 0 0 0 0 0 0 0 3442996 0 0 0 0
 3431 31 1 3443048 0 0 0 0 0 0 0 0 0 430788 0 0 0 0
 3442 31 2 0 0 0 0 0 0 0 0 0 0 0 0 0 0 0
 3453 31 3 0 0 0 0 0 0 0 0 0 0 0 0 0 0 0
 3464 31 4 0 0 0 0 0 0 0 0 0 0 0 0 0 0 0
 3475 31 5 0 0 0 0 0 0 0 0 0 0 0 0 0 0 0
 3486 31 6 0 0 0 0 0 0 0 0 0 0 0 0 0 0 0
 3497 31 7 0 0 0 0 0 0 0 0 0 0 0 0 0 0 0
 3508 31 8 0 0 0 0 0 0 0 0 0 0 0 0 0 0 0
 3519 31 9 0 0 0 0 0 0 0 0 0 0 0 0 0 0 0
 3530 32 0 0 3408008 0 0 0 0 0 0 0 0 3430016 0 0 0 0
 3541 32 1 3429176 0 0 0 0 0 0 0 0 0 3408660 0 0 0 0
 3552 32 2 0 0 0 0 0 0 0 0 0 0 0 0 0 0 0
 3563 32 3 0 0 0 0 0 0 0 0 0 0 0 0 0 0 0
 3574 32 4 0 0 0 0 0 0 0 0 0 0 0 0 0 0 0
 3585 32 5 0 0 0 0 0 0 0 0 0 0 0 0 0 0 0
 3596 32 6 0 0 0 0 0 0 0 0 0 0 0 0 0 0 0
 3607 32 7 0 0 0 0 0 0 0 0 0 0 0 0 0 0 0
 3618 32 8 0 0 0 0 0 0 0 0 0 0 0 0 0 0 0
 3629 32 9 0 0 0 0 0 0 0 0 0 0 0 0 0 0 0
 3640 33 0 0 3388088 0 0 0 0 0 0 0 0 3429956 0 0 0 0
 3651 33 1 3429012 0 0 0 0 0 0 0 0 0 3387940 0 0 0 0
 3662 33 2 0 0 0 0 0 0 0 0 0 0 0 0 0 0 0
 3673 33 3 0 0 0 0 0 0 0 0 0 0 0 0 0 0 0
 3684 33 4 0 0 0 0 0 0 0 0 0 0 0 0 0 0 0
 3695 33 5 0 0 0 0 0 0 0 0 0 0 0 0 0 0 0
 3706 33 6 0 0 0 0 0 0 0 0 0 0 0 0 0 0 0
 3717 33 7 0 0 0 0 0 0 0 0 0 0 0 0 0 0 0
 3728 33 8 0 0 0 0 0 0 0 0 0 0 0 0 0 0 0
 3739 33 9 0 0 0 0 0 0 0 0 0 0 0 0 0 0 0
 3750 34 0 0 3415552 0 0 0 0 0 0 0 0 3429360 0 0 0 0
 3761 34 1 3429760 0 0 0 0 0 0 0 0 0 3415216 0 0 0 0
 3772 34 2 0 0 0 0 0 0 0 0 0 0 0 0 0 0 0
 3783 34 3 0 0 0 0 0 0 0 0 0 0 0 0 0 0 0
 3794 34 4 0 0 0 0 0 0 0 0 0 0 0 0 0 0 0
 3805 34 5 0 0 0 0 0 0 0 0 0 0 0 0 0 0 0
 3816 34 6 0 0 0 0 0 0 0 0 0 0 0 0 0 0 0
 3827 34 7 0 0 0 0 0 0 0 0 0 0 0 0 0 0 0
 3838 34 8 0 0 0 0 0 0 0 0 0 0 0 0 0 0 0
 3849 34 9 0 0 0 0 0 0 0 0 0 0 0 0 0 0 0
 3860 35 0 0 3452848 0 0 0 0 0 0 0 0 3443032 0 0 0 0
 3871 35 1 3443108 0 0 0 0 0 0 0 0 0 3452544 0 0 0 0
 3882 35 2 0 0 0 0 0 0 0 0 0 0 0 0 0 0 0
 3893 35 3 0 0 0 0 0 0 0 0 0 0 0 0 0 0 0
 3904 35 4 0 0 0 0 0 0 0 0 0 0 0 0 0 0 0
 3915 35 5 0 0 0 0 0 0 0 0 0 0 0 0 0 0 0
 3926 35 6 0 0 0 0 0 0 0 0 0 0 0 0 0 0 0
 3937 35 7 0 0 0 0 0 0 0 0 0 0 0 0 0 0 0
 3948 35 8 0 0 0 0 0 0 0 0 0 0 0 0 0 0 0
 3959 35 9 0 0 0 0 0 0 0 0 0 0 0 0 0 0 0
 3970 36 0 0 3418312 0 0 0 0 0 0 0 0 3401592 0 0 0 0
 3981 36 1 3402340 0 0 0 0 0 0 0 0 0 3418684 0 0 0 0
 3992 36 2 0 0 0 0 0 0 0 0 0 0 0 0 0 0 0
 4003 36 3 0 0 0 0 0 0 0 0 0 0 0 0 0 0 0
 4014 36 4 0 0 0 0 0 0 0 0 0 0 0 0 0 0 0
 4025 36 5 0 0 0 0 0 0 0 0 0 0 0 0 0 0 0
 4036 36 6 0 0 0 0 0 0 0 0 0 0 0 0 0 0 0
 4047 36 7 0 0 0 0 0 0 0 0 0 0 0 0 0 0 0
 4058 36 8 0 0 0 0 0 0 0 0 0 0 0 0 0 0 0
 4069 36 9 0 0 0 0 0 0 0 0 0 0 0 0 0 0 0
 4080 37 0 0 3439444 0 0 0 0 0 0 0 0 3499776 0 0 0 0
 4091 37 1 3499164 0 0 0 0 0 0 0 0 0 3439440 0 0 0 0
 4102 37 2 0 0 0 0 0 0 0 0 0 0 0 0 0 0 0
 4113 37 3 0 0 0 0 0 0 0 0 0 0 0 0 0 0 0
 4124 37 4 0 0 0 0 0 0 0 0 0 0 0 0 0 0 0
 4135 37 5 0 0 0 0 0 0 0 0 0 0 0 0 0 0 0
 4146 37 6 0 0 0 0 0 0 0 0 0 0 0 0 0 0 0
 4157 37 7 0 0 0 0 0 0 0 0 0 0 0 0 0 0 0
 4168 37 8 0 0 0 0 0 0 0 0 0 0 0 0 0 0 0
 4179 37 9 0 0 0 0 0 0 0 0 0 0 0 0 0 0 0
 4190 38 0 0 3423632 0 0 0 0 0 0 0 0 3433116 0 0 0 0
 4201 38 1 3432272 0 0 0 0 0 0 0 0 0 3423728 0 0 0 0
 4212 38 2 0 0 0 0 0 0 0 0 0 0 0 0 0 0 0
 4223 38 3 0 0 0 0 0 0 0 0 0 0 0 0 0 0 0
 4234 38 4 0 0 0 0 0 0 0 0 0 0 0 0 0 0 0
 4245 38 5 0 0 0 0 0 0 0 0 0 0 0 0 0 0 0
 4256 38 6 0 0 0 0 0 0 0 0 0 0 0 0 0 0 0
 4267 38 7 0 0 0 0 0 0 0 0 0 0 0 0 0 0 0
 4278 38 8 0 0 0 0 0 0 0 0 0 0 0 0 0 0 0
 4289 38 9 0 0 0 0 0 0 0 0 0 0 0 0 0 0 0
 4300 39 0 0 3421484 0 0 0 0 0 0 0 0 3446224 0 0 0 0
 4311 39 1 3445016 0 0 0 0 0 0 0 0 0 3422456 0 0 0 0
 4322 39 2 0 0 0 0 0 0 0 0 0 0 0 0 0 0 0
 4333 39 3 0 0 0 0 0 0 0 0 0 0 0 0 0 0 0
 4344 39 4 0 0 0 0 0 0 0 0 0 0 0 0 0 0 0
 4355 39 5 0 0 0 0 0 0 0 0 0 0 0 0 0 0 0
 4366 39 6 0 0 0 0 0 0 0 0 0 0 0 0 0 0 0
 4377 39 7 0 0 0 0 0 0 0 0 0 0 0 0 0 0 0
 4388 39 8 0 0 0 0 0 0 0 0 0 0 0 0 0 0 0
 4399 39 9 0 0 0 0 0 0 0 0 0 0 0 0 0 0 0
 4410 40 0 0 3452056 0 0 0 0 0 0 0 0 451028 0 0 0 0
 4421 40 1 451396 0 0 0 0 0 0 0 0 0 3452760 0 0 0 0
 4432 40 2 0 0 0 0 0 0 0 0 0 0 0 0 0 0 0
 4443 40 3 0 0 0 0 0 0 0 0 0 0 0 0 0 0 0
 4454 40 4 0 0 0 0 0 0 0 0 0 0 0 0 0 0 0
 4465 40 5 0 0 0 0 0 0 0 0 0 0 0 0 0 0 0
 4476 40 6 0 0 0 0 0 0 0 0 0 0 0 0 0 0 0
 4487 40 7 0 0 0 0 0 0 0 0 0 0 0 0 0 0 0
 4498 40 8 0 0 0 0 0 0 0 0 0 0 0 0 0 0 0
 4509 40 9 0 0 0 0 0 0 0 0 0 0 0 0 0 0 0
 4520 41 0 0 451020 0 0 0 0 0 0 0 0 3396804 0 0 0 0
 4531 41 1 3396392 0 0 0 0 0 0 0 0 0 450928 0 0 0 0
 4542 41 2 0 0 0 0 0 0 0 0 0 0 0 0 0 0 0
 4553 41 3 0 0 0 0 0 0 0 0 0 0 0 0 0 0 0
 4564 41 4 0 0 0 0 0 0 0 0 0 0 0 0 0 0 0
 4575 41 5 0 0 0 0 0 0 0 0 0 0 0 0 0 0 0
 4586 41 6 0 0 0 0 0 0 0 0 0 0 0 0 0 0 0
 4597 41 7 0 0 0 0 0 0 0 0 0 0 0 0 0 0 0
 4608 41 8 0 0 0 0 0 0 0 0 0 0 0 0 0 0 0
 4619 41 9 0 0 0 0 0 0 0 0 0 0 0 0 0 0 0
 4630 42 0 0 3415488 0 0 0 0 0 0 0 0 3463164 0 0 0 0
 4641 42 1 3462576 0 0 0 0 0 0 0 0 0 3415428 0 0 0 0
 4652 42 2 0 0 0 0 0 0 0 0 0 0 0 0 0 0 0
 4663 42 3 0 0 0 0 0 0 0 0 0 0 0 0 0 0 0
 4674 42 4 0 0 0 0 0 0 0 0 0 0 0 0 0 0 0
 4685 42 5 0 0 0 0 0 0 0 0 0 0 0 0 0 0 0
 4696 42 6 0 0 0 0 0 0 0 0 0 0 0 0 0 0 0
 4707 42 7 0 0 0 0 0 0 0 0 0 0 0 0 0 0 0
 4718 42 8 0 0 0 0 0 0 0 0 0 0 0 0 0 0 0
 4729 42 9 0 0 0 0 0 0 0 0 0 0 0 0 0 0 0
 4740 43 0 0 3385728 0 0 0 0 0 0 0 0 3446120 0 0 0 0
 4751 43 1 3446540 0 0 0 0 0 0 0 0 0 3385384 0 0 0 0
 4762 43 2 0 0 0 0 0 0 0 0 0 0 0 0 0 0 0
 4773 43 3 0 0 0 0 0 0 0 0 0 0 0 0 0 0 0
 4784 43 4 0 0 0 0 0 0 0 0 0 0 0 0 0 0 0
 4795 43 5 0 0 0 0 0 0 0 0 0 0 0 0 0 0 0
 4806 43 6 0 0 0 0 0 0 0 0 0 0 0 0 0 0 0
 4817 43 7 0 0 0 0 0 0 0 0 0 0 0 0 0 0 0
 4828 43 8 0 0 0 0 0 0 0 0 0 0 0 0 0 0 0
 4839 43 9 0 0 0 0 0 0 0 0 0 0 0 0 0 0 0
 4850 44 0 0 3427724 0 0 0 0 0 0 0 0 3453972 0 0 0 0
 4861 44 1 3453580 0 0 0 0 0 0 0 0 0 3427856 0 0 0 0
 4872 44 2 0 0 0 0 0 0 0 0 0 0 0 0 0 0 0
 4883 44 3 0 0 0 0 0 0 0 0 0 0 0 0 0 0 0
 4894 44 4 0 0 0 0 0 0 0 0 0 0 0 0 0 0 0
 4905 44 5 0 0 0 0 0 0 0 0 0 0 0 0 0 0 0
 4916 44 6 0 0 0 0 0 0 0 0 0 0 0 0 0 0 0
 4927 44 7 0 0 0 0 0 0 0 0 0 0 0 0 0 0 0
 4938 44 8 0 0 0 0 0 0 0 0 0 0 0 0 0 0 0
 4949 44 9 0 0 0 0 0 0 0 0 0 0 0 0 0 0 0
 4960 45 0 0 3464496 0 0 0 0 0 0 0 0 3469520 0 0 0 0
 4971 45 1 3470748 0 0 0 0 0 0 0 0 0 3464200 0 0 0 0
 4982 45 2 0 0 0 0 0 0 0 0 0 0 0 0 0 0 0
 4993 45 3 0 0 0 0 0 0 0 0 0 0 0 0 0 0 0
 5004 45 4 0 0 0 0 0 0 0 0 0 0 0 0 0 0 0
 5015 45 5 0 0 0 0 0 0 0 0 0 0 0 0 0 0 0
 5026 45 6 0 0 0 0 0 0 0 0 0 0 0 0 0 0 0
 5037 45 7 0 0 0 0 0 0 0 0 0 0 0 0 0 0 0
 5048 45 8 0 0 0 0 0 0 0 0 0 0 0 0 0 0 0
 5059 45 9 0 0 0 0 0 0 0 0 0 0 0 0 0 0 0
 5070 46 0 0 3478176 0 0 0 0 0 0 0 0 3465468 0 0 0 0
 5081 46 1 3465340 0 0 0 0 0 0 0 0 0 3478712 0 0 0 0
 5092 46 2 0 0 0 0 0 0 0 0 0 0 0 0 0 0 0
 5103 46 3 0 0 0 0 0 0 0 0 0 0 0 0 0 0 0
 5114 46 4 0 0 0 0 0 0 0 0 0 0 0 0 0 0 0
 5125 46 5 0 0 0 0 0 0 0 0 0 0 0 0 0 0 0
 5136 46 6 0 0 0 0 0 0 0 0 0 0 0 0 0 0 0
 5147 46 7 0 0 0 0 0 0 0 0 0 0 0 0 0 0 0
 5158 46 8 0 0 0 0 0 0 0 0 0 0 0 0 0 0 0
 5169 46 9 0 0 0 0 0 0 0 0 0 0 0 0 0 0 0
 5180 47 0 0 3426736 0 0 0 0 0 0 0 0 3478208 0 0 0 0
 5191 47 1 3477456 0 0 0 0 0 0 0 0 0 3426332 0 0 0 0
 5202 47 2 0 0 0 0 0 0 0 0 0 0 0 0 0 0 0
 5213 47 3 0 0 0 0 0 0 0 0 0 0 0 0 0 0 0
 5224 47 4 0 0 0 0 0 0 0 0 0 0 0 0 0 0 0
 5235 47 5 0 0 0 0 0 0 0 0 0 0 0 0 0 0 0
 5246 47 6 0 0 0 0 0 0 0 0 0 0 0 0 0 0 0
 5257 47 7 0 0 0 0 0 0 0 0 0 0 0 0 0 0 0
 5268 47 8 0 0 0 0 0 0 0 0 0 0 0 0 0 0 0
 5279 47 9 0 0 0 0 0 0 0 0 0 0 0 0 0 0 0
 5290 48 0 0 3468280 0 0 0 0 0 0 0 0 3442148 0 0 0 0
 5301 48 1 3441844 0 0 0 0 0 0 0 0 0 3468076 0 0 0 0
 5312 48 2 0 0 0 0 0 0 0 0 0 0 0 0 0 0 0
 5323 48 3 0 0 0 0 0 0 0 0 0 0 0 0 0 0 0
 5334 48 4 0 0 0 0 0 0 0 0 0 0 0 0 0 0 0
 5345 48 5 0 0 0 0 0 0 0 0 0 0 0 0 0 0 0
 5356 48 6 0 0 0 0 0 0 0 0 0 0 0 0 0 0 0
 5367 48 7 0 0 0 0 0 0 0 0 0 0 0 0 0 0 0
 5378 48 8 0 0 0 0 0 0 0 0 0 0 0 0 0 0 0
 5389 48 9 0 0 0 0 0 0 0 0 0 0 0 0 0 0 0
 5400 49 0 0 3453004 0 0 0 0 0 0 0 0 3487028 0 0 0 0
 5411 49 1 3487168 0 0 0 0 0 0 0 0 0 3453148 0 0 0 0
 5422 49 2 0 0 0 0 0 0 0 0 0 0 0 0 0 0 0
 5433 49 3 0 0 0 0 0 0 0 0 0 0 0 0 0 0 0
 5444 49 4 0 0 0 0 0 0 0 0 0 0 0 0 0 0 0
 5455 49 5 0 0 0 0 0 0 0 0 0 0 0 0 0 0 0
 5466 49 6 0 0 0 0 0 0 0 0 0 0 0 0 0 0 0
 5477 49 7 0 0 0 0 0 0 0 0 0 0 0 0 0 0 0
 5488 49 8 0 0 0 0 0 0 0 0 0 0 0 0 0 0 0
 5499 49 9 0 0 0 0 0 0 0 0 0 0 0 0 0 0 0
 5510 50 0 0 3430060 0 0 0 0 0 0 0 0 3439216 0 0 0 0
 5521 50 1 3439224 0 0 0 0 0 0 0 0 0 3429912 0 0 0 0
 5532 50 2 0 0 0 0 0 0 0 0 0 0 0 0 0 0 0
 5543 50 3 0 0 0 0 0 0 0 0 0 0 0 0 0 0 0
 5554 50 4 0 0 0 0 0 0 0 0 0 0 0 0 0 0 0
 5565 50 5 0 0 0 0 0 0 0 0 0 0 0 0 0 0 0
 5576 50 6 0 0 0 0 0 0 0 0 0 0 0 0 0 0 0
 5587 50 7 0 0 0 0 0 0 0 0 0 0 0 0 0 0 0
 5598 50 8 0 0 0 0 0 0 0 0 0 0 0 0 0 0 0
 5609 50 9 0 0 0 0 0 0 0 0 0 0 0 0 0 0 0