# Format <LP ID> <Group ID> <Router ID> <Link traffic per router port(s)># Router ports in the order: 6 local channels, 3 global channels
 6 0 0 0 300432 656104 149160 342088 189184 177072 498528 187288
 13 0 1 303608 0 143616 800024 196136 337224 301632 494576 177768
 20 0 2 650128 147952 0 346520 858280 195672 356232 478552 180984
 27 0 3 140944 762688 335416 0 209152 854648 495112 498976 192120
 34 0 4 340280 199528 822224 217928 0 471224 497616 357768 178544
 41 0 5 198696 322496 213624 836040 475064 0 498544 357024 177504
 48 1 0 0 409600 855032 204104 339104 196392 317880 498440 182704
 55 1 1 411472 0 206616 707312 206000 340976 168200 491240 186792
 62 1 2 857384 213216 0 355104 782376 143776 495128 481856 195232
 69 1 3 219992 716232 338440 0 139760 796400 371608 485944 182384
 76 1 4 331512 199400 785864 147352 0 349360 491640 365840 168552
 83 1 5 206464 342800 146504 786224 336080 0 510336 356560 176464
 90 2 0 0 464912 792448 280872 454824 329888 348168 630536 326104
 97 2 1 474224 0 288296 911024 343720 469888 507096 632312 335304
 104 2 2 786136 284112 0 432328 844400 345664 319216 645296 312920
 111 2 3 295168 937656 425760 0 358496 971832 579648 604680 320944
 118 2 4 452544 342568 858016 337664 0 598936 479480 499856 305840
 125 2 5 326304 463136 337360 977360 601328 0 628560 478544 305248
 132 3 0 0 607200 994616 341912 463648 330576 483672 602648 308584
 139 3 1 612744 0 351256 857800 341512 468656 369632 629688 316128
 146 3 2 968424 346952 0 431128 915304 280952 599456 637888 314200
 153 3 3 328824 861904 448224 0 282408 783992 319984 614792 319552
 160 3 4 463608 335344 904032 294848 0 469496 636056 490800 313952
 167 3 5 334696 457672 284672 764784 479552 0 491216 483552 313320
 174 4 0 0 475304 922792 275640 325936 340760 494912 491208 322952
 181 4 1 462624 0 285336 907280 342928 450288 498536 657808 320032
 188 4 2 889776 291880 0 476680 837304 349448 492960 642808 312464
 195 4 3 289080 911880 460344 0 345512 990640 613016 634904 310072
 202 4 4 343216 342152 847984 348600 0 554688 319792 473728 309992
 209 4 5 348920 475976 352720 977552 567848 0 572160 493976 296912
 216 5 0 0 616472 988408 347152 486016 338336 490664 622160 311920
 223 5 1 635000 0 336496 982088 339800 339168 509912 496856 308736
 230 5 2 982944 349440 0 488368 909768 277544 621032 632472 306944
 237 5 3 344624 986016 476312 0 285600 779320 488176 646168 304656
 244 5 4 455496 341008 907472 259288 0 431352 609280 494328 310736
 251 5 5 329800 327672 279936 785720 423616 0 318568 483712 322496
 258 6 0 0 421776 778912 281464 338976 328176 506048 317888 315376
 265 6 1 435536 0 294600 931096 338152 453880 486656 582832 314232
 272 6 2 783344 283224 0 478288 984240 363096 613928 498368 312288
 279 6 3 275024 907928 477088 0 333960 983832 633904 636632 327160
 286 6 4 351880 340144 969280 354520 0 599464 494744 498928 308272
 293 6 5 334416 469144 343968 979888 599824 0 625064 488656 320256
 300 7 0 0 569360 1009544 341048 439280 328656 496440 588152 330368
 307 7 1 555344 0 361544 855144 323872 328224 483408 311904 335608
 314 7 2 984656 336160 0 485544 934200 272968 649736 631408 327728
 321 7 3 340512 846360 492904 0 260520 921272 643944 512864 316192
 328 7 4 483776 336320 922352 289064 0 471488 592080 474440 306096
 335 7 5 332328 337832 269896 927920 460648 0 490984 482288 315656
 342 8 0 0 471248 782808 285456 469896 322840 499560 509848 300416
 349 8 1 475360 0 274176 921768 327624 467736 497184 634328 296104
 356 8 2 785152 284864 0 432904 847984 345104 645952 317032 325144
 363 8 3 274920 900880 455416 0 342608 985288 612288 584080 319584
 370 8 4 469928 344232 855296 340304 0 612336 613856 358704 315672
 377 8 5 333048 461640 354616 966664 614080 0 643240 493640 300960
 384 9 0 0 607368 987544 352496 470384 345984 470744 635848 300320
 391 9 1 601096 0 349240 857352 346992 467000 492736 491760 319104
 398 9 2 979864 359168 0 424960 912472 277256 632552 576576 307944
 405 9 3 335696 844504 427336 0 277848 775456 644840 309944 311840
 412 9 4 459824 342408 907760 272744 0 492736 616544 499888 317112
 419 9 5 342696 457952 289840 790168 466648 0 629656 357728 324816
 426 10 0 0 346224 786384 142560 346280 202512 344112 494408 187376
 433 10 1 337008 0 143480 795680 199024 320288 349176 500000 175976
 440 10 2 779904 140240 0 351328 731120 213584 484888 352328 195048
 447 10 3 150328 792600 338880 0 207544 859136 514752 481928 179488
 454 10 4 331160 193640 704040 211472 0 427992 507624 183616 182448
 461 10 5 204024 326928 220720 840208 426896 0 476920 322184 177552
 468 11 0 0 472768 852632 205376 340600 197928 354904 493280 185216
 475 11 1 460368 0 227848 856752 209968 324872 350120 484488 183480
 482 11 2 826136 219576 0 341408 777376 149840 487288 480048 177696
 489 11 3 240680 831792 324888 0 138464 651344 479368 349944 178168
 496 11 4 352784 209304 765288 136288 0 306264 494400 308368 191360
 503 11 5 210064 334512 144968 634024 299088 0 484424 185264 187104
 510 12 0 0 88696 270536 5024 137520 1776 188272 299320 0
 517 12 1 89256 0 3320 270432 2056 144256 173968 316448 0
 524 12 2 256584 3560 0 86608 275064 3920 317944 315592 0
 531 12 3 3184 256336 80408 0 4792 262904 308152 324432 0
 538 12 4 135704 2520 274648 3560 0 93824 319240 185144 0
 545 12 5 2568 138696 3088 266024 87264 0 336384 172264 0
 552 13 0 0 78024 268360 4520 139224 2480 186312 311472 0
 559 13 1 86296 0 5160 283792 1688 144712 175056 309280 0
 566 13 2 270808 4936 0 83280 270488 4720 316216 320184 0
 573 13 3 4256 262184 88984 0 4408 277136 311408 327312 0
 580 13 4 134064 3344 270376 3024 0 86256 329952 171448 0
 587 13 5 2544 135656 3248 264504 86616 0 332800 179976 0
 594 14 0 0 88728 254944 4288 143648 2104 179040 320136 0
 601 14 1 89960 0 5168 290232 3392 134576 187552 307040 0
 608 14 2 259224 3328 0 84320 287880 4648 305104 314816 0
 615 14 3 5016 270920 81448 0 3680 262976 323088 321928 0
 622 14 4 140816 1896 273032 3208 0 87376 325808 196568 0
 629 14 5 2952 128656 4008 265960 83600 0 309976 182288 0
 636 15 0 0 95952 282080 3880 134064 2640 183536 317544 0
 643 15 1 85224 0 3600 270216 2568 137272 173872 311048 0
 650 15 2 270928 4360 0 81368 277648 4992 329096 316080 0
 657 15 3 5264 254944 85152 0 4536 281440 309944 306536 0
 664 15 4 137128 2608 266680 4392 0 80160 317960 191368 0
 671 15 5 2328 129440 5936 256144 89744 0 322224 184696 0
 678 16 0 0 93440 258008 4736 125304 2288 171240 316920 0
 685 16 1 75664 0 4416 257656 1360 134728 186104 311344 0
 692 16 2 270000 3344 0 81248 263728 3688 301792 310304 0
 699 16 3 3520 267640 83744 0 4480 269640 303672 318472 0
 706 16 4 136368 1592 260128 3136 0 89424 300216 182320 0
 713 16 5 2728 130976 4352 275936 87760 0 313152 188216 0
 720 17 0 0 88344 268192 3056 136440 2320 177248 309904 0
 727 17 1 84584 0 5344 260856 1480 139048 177904 322376 0
 734 17 2 263736 3928 0 82328 252544 3232 306776 313888 0
 741 17 3 3544 266408 91936 0 3640 273656 316736 310648 0
 748 17 4 133632 2112 252264 3512 0 83560 299552 178880 0
 755 17 5 2232 140160 3592 278448 84624 0 312920 190456 0
 762 18 0 0 85336 271728 4640 131248 1800 174736 310016 0
 769 18 1 76488 0 3200 262864 2712 135968 177568 320656 0
 776 18 2 271584 4584 0 86824 267416 3968 319288 314136 0
 783 18 3 3968 266432 80648 0 4232 275368 318176 321448 0
 790 18 4 130744 2432 274624 4440 0 90032 308440 179296 0
 797 18 5 1776 138552 4016 278680 80456 0 322384 185536 0