# Format <LP id> <Terminal ID> <Total Data Size> <Aggregate packet latency> <# Flits/Packets finished> <Avg hops> <Busy Time>
 3 0 376640 637.139577 1148 3.114054 0.000000
 4 1 509344 826.213188 1730 2.865169 0.000000
 5 2 504080 607.295300 1452 2.885738 0.000000
 10 3 508416 591.489988 1736 3.037574 0.000000
 11 4 499104 828.087587 1334 2.617595 0.000000
 12 5 376096 570.681608 1060 3.072964 0.000000
 17 6 506112 781.673489 1552 2.943145 0.000000
 18 7 627488 944.607043 1896 2.635348 0.000000
 19 8 644368 599.939817 2292 3.045663 0.000000
 24 9 632960 648.919257 2114 2.951346 0.000000
 25 10 631376 581.701024 2054 2.769327 0.000000
 26 11 505728 646.458517 1422 2.898739 0.000000
 31 12 514288 669.528497 1930 3.941360 0.000000
 32 13 641152 1224.188834 2124 3.415659 0.000000
 33 14 637696 933.260122 2162 3.578125 0.000000
 38 15 636384 788.965893 2154 3.586457 0.000000
 39 16 637152 1100.560262 2090 3.431637 0.000000
 40 17 505984 705.921071 1520 3.725754 0.000000
 45 18 508816 864.206860 1658 3.783179 0.000000
 46 19 639504 922.645298 2336 3.540834 0.000000
 47 20 636144 649.032257 2162 3.572547 0.000000
 52 21 632640 1137.827179 1806 3.509758 0.000000
 53 22 640768 1229.548481 2244 3.486241 0.000000
 54 23 506448 687.329011 1642 3.805512 0.000000
 59 24 504944 554.970320 1566 2.956400 0.000000
 60 25 640272 1040.192913 1786 2.616466 0.000000
 61 26 634688 973.633314 2132 2.957704 0.000000
 66 27 641440 641.616460 2350 3.058192 0.000000
 67 28 634000 815.186594 1990 2.734791 0.000000
 68 29 508944 512.367300 1586 2.978226 0.000000
 73 30 381808 750.424900 1334 3.240177 0.000000
 74 31 511040 755.225360 1680 2.813313 0.000000
 75 32 504320 568.076036 1562 2.897189 0.000000
 80 33 509392 506.565111 1698 3.026216 0.000000
 81 34 510896 1250.951919 1586 2.746032 0.000000
 82 35 380608 541.607735 1202 3.175393 0.000000
 87 36 503856 1095.681058 1530 3.812500 0.000000
 88 37 637328 643.614574 2106 3.465286 0.000000
 89 38 631024 1078.847261 1982 3.528272 0.000000
 94 39 629600 851.675022 1816 3.480550 0.000000
 95 40 631264 1367.458689 2176 3.470676 0.000000
 96 41 510400 828.062261 1692 3.865428 0.000000
 101 42 637632 1084.172635 2096 3.611995 0.000000
 102 43 767184 591.669565 2356 3.243617 0.000000
 103 44 766272 1311.461988 2314 3.367457 0.000000
 108 45 778928 733.358954 3262 3.705908 0.000000
 109 46 763616 1579.040881 2296 3.217568 0.000000
 110 47 639328 983.591025 2124 3.673834 0.000000
 115 48 633024 1392.613597 1942 4.175693 0.000000
 116 49 776336 679.067363 3158 4.013810 0.000000
 117 50 765152 1319.276351 2346 3.939200 0.000000
 122 51 772240 901.522779 2418 3.931557 0.000000
 123 52 773616 775.284290 2818 3.931979 0.000000
 124 53 629184 1478.665742 1802 4.135656 0.000000
 129 54 634832 1069.734129 1814 4.150703 0.000000
 130 55 769408 1429.830583 2662 3.876546 0.000000
 131 56 778736 896.998294 2928 4.079190 0.000000
 136 57 772368 1447.515895 2952 4.036242 0.000000
 137 58 765120 703.738883 2660 3.879812 0.000000
 138 59 640976 1080.752035 2326 4.239280 0.000000
 143 60 640624 1172.764222 2042 3.631872 0.000000
 144 61 765296 1579.514712 2268 3.210169 0.000000
 145 62 766448 851.446990 2772 3.513208 0.000000
 150 63 767264 678.474425 2382 3.400265 0.000000
 151 64 774688 1759.289940 3064 3.511878 0.000000
 152 65 641824 650.068433 2236 3.640258 0.000000
 157 66 507984 717.320347 1624 3.824060 0.000000
 158 67 638336 739.284605 1794 3.299598 0.000000
 159 68 643408 1034.378402 2676 3.779793 0.000000
 164 69 634800 832.898524 1898 3.485993 0.000000
 165 70 635232 675.264817 1974 3.343293 0.000000
 166 71 506944 1147.017978 1600 3.767405 0.000000
 171 72 509232 828.549824 1744 3.867362 0.000000
 172 73 634512 817.152834 2310 3.564442 0.000000
 173 74 638704 1283.240107 2298 3.673199 0.000000
 178 75 625712 762.710088 1774 3.466599 0.000000
 179 76 633456 844.304695 2040 3.456184 0.000000
 180 77 504640 685.364388 1492 3.763223 0.000000
 185 78 636368 788.358428 2052 3.622519 0.000000
 186 79 760672 2455.955741 2264 3.205416 0.000000
 187 80 763632 916.930167 2348 3.377807 0.000000
 192 81 769008 2020.535809 2774 3.526089 0.000000
 193 82 776752 987.399765 2844 3.454866 0.000000
 194 83 637888 1063.953383 2186 3.626492 0.000000
 199 84 640720 677.782246 2172 4.252392 0.000000
 200 85 769600 1188.489702 3010 3.984141 0.000000
 201 86 763456 1953.431533 2402 3.950820 0.000000
 206 87 772496 688.490589 2856 4.083333 0.000000
 207 88 760736 2407.507789 2334 3.780645 0.000000
 208 89 647008 731.645789 2510 4.325380 0.000000
 213 90 647088 890.301265 2736 4.394831 0.000000
 214 91 781072 1658.047357 2978 3.981843 0.000000
 215 92 771440 965.871340 3018 4.133739 0.000000
 220 93 773728 829.757405 2776 4.043956 0.000000
 221 94 768016 1097.072790 2832 3.955038 0.000000
 222 95 633264 1267.690512 1856 4.156830 0.000000
 227 96 635920 949.700152 2098 3.612953 0.000000
 228 97 772064 738.610665 2774 3.436185 0.000000
 229 98 760960 1299.305304 2358 3.369925 0.000000
 234 99 772544 1509.260866 2896 3.563111 0.000000
 235 100 762112 890.489785 2314 3.253643 0.000000
 236 101 639840 832.923618 2136 3.626058 0.000000
 241 102 508272 670.227936 1720 3.880345 0.000000
 242 103 634592 983.292849 1834 3.312667 0.000000
 243 104 634768 842.510621 2280 3.658735 0.000000
 248 105 638688 743.496351 2184 3.630215 0.000000
 249 106 634496 1335.718013 2138 3.495778 0.000000
 250 107 508544 656.385583 1632 3.847233 0.000000
 255 108 509184 625.586273 1650 3.802703 0.000000
 256 109 640960 748.624894 2358 3.590368 0.000000
 257 110 634720 937.850643 1992 3.565107 0.000000
 262 111 628912 673.388139 1978 3.576482 0.000000
 263 112 638640 1543.134024 2224 3.519694 0.000000
 264 113 501456 794.674577 1402 3.732618 0.000000
 269 114 625424 1458.383239 1766 3.475342 0.000000
 270 115 774992 761.050181 2808 3.426638 0.000000
 271 116 778064 1336.387230 3036 3.631177 0.000000
 276 117 774752 618.144335 3324 3.699115 0.000000
 277 118 763280 905.698512 2348 3.250667 0.000000
 278 119 635792 1312.406414 1976 3.548151 0.000000
 283 120 640064 701.576879 2420 4.320692 0.000000
 284 121 761152 1044.649104 2802 3.933000 0.000000
 285 122 760592 792.785665 2418 3.953470 0.000000
 290 123 763600 1100.698912 2814 4.029006 0.000000
 291 124 764192 840.292912 2582 3.867944 0.000000
 292 125 635120 1072.992349 2070 4.183282 0.000000
 297 126 632624 765.677018 1868 4.169079 0.000000
 298 127 766112 862.465815 2752 3.923965 0.000000
 299 128 759072 1221.909891 2394 3.917855 0.000000
 304 129 764544 859.326195 2772 4.040826 0.000000
 305 130 771520 1310.005738 2970 3.978191 0.000000
 306 131 637808 667.126222 2376 4.315894 0.000000
 311 132 640032 1073.971852 2284 3.681424 0.000000
 312 133 776096 741.720853 3178 3.601921 0.000000
 313 134 771792 948.506399 2842 3.559114 0.000000
 318 135 774640 858.934841 2996 3.616136 0.000000
 319 136 764448 1023.348142 2310 3.252157 0.000000
 320 137 639344 1142.788210 2286 3.737131 0.000000
 325 138 512400 626.312419 1680 3.835115 0.000000
 326 139 639760 786.349147 2170 3.508348 0.000000
 327 140 627840 736.662614 1782 3.442098 0.000000
 332 141 637680 886.967175 2194 3.636958 0.000000
 333 142 633632 634.616931 2064 3.445303 0.000000
 334 143 507376 734.830332 1452 3.748533 0.000000
 339 144 506832 731.307122 1824 3.937728 0.000000
 340 145 623216 896.758945 1838 3.323529 0.000000
 341 146 633424 997.435180 2278 3.698427 0.000000
 346 147 630288 1419.007863 1782 3.479392 0.000000
 347 148 637168 860.151002 2030 3.439526 0.000000
 348 149 504672 756.279653 1646 3.859302 0.000000
 353 150 630656 726.702651 1992 3.588980 0.000000
 354 151 777776 1115.692214 2884 3.477379 0.000000
 355 152 769392 736.587010 2380 3.377184 0.000000
 360 153 761440 1762.318566 2318 3.369600 0.000000
 361 154 774096 1165.989958 2718 3.403790 0.000000
 362 155 638448 956.053163 1852 3.510848 0.000000
 367 156 641120 1144.455810 2220 4.243084 0.000000
 368 157 766896 953.521371 2386 3.792084 0.000000
 369 158 769104 1583.287627 2842 4.042277 0.000000
 374 159 762720 864.839226 2366 3.909526 0.000000
 375 160 765936 1607.381331 2384 3.813094 0.000000
 376 161 637120 993.751143 2132 4.211422 0.000000
 381 162 631472 1301.124970 1844 4.166777 0.000000
 382 163 762880 720.752895 2290 3.766378 0.000000
 383 164 778800 1105.971083 3064 4.109083 0.000000
 388 165 771280 1386.601653 2988 4.061355 0.000000
 389 166 767568 1155.518535 2710 3.899322 0.000000
 390 167 635488 896.052965 2068 4.199691 0.000000
 395 168 639088 923.625512 2064 3.584520 0.000000
 396 169 767088 1580.080137 2572 3.338799 0.000000
 397 170 765984 998.616328 2810 3.538608 0.000000
 402 171 760480 1397.336608 2292 3.347132 0.000000
 403 172 777584 1429.998881 3016 3.503615 0.000000
 404 173 637296 789.498958 1954 3.516667 0.000000
 409 174 507552 673.397324 1542 3.771958 0.000000
 410 175 634432 962.464746 2002 3.390892 0.000000
 411 176 644672 594.021585 2494 3.723584 0.000000
 416 177 646480 805.781923 2560 3.732583 0.000000
 417 178 640416 822.732302 2190 3.494979 0.000000
 418 179 512752 667.201539 1866 3.900714 0.000000
 423 180 382880 522.330442 1338 3.273039 0.000000
 424 181 507920 818.652588 1544 2.723430 0.000000
 425 182 509360 584.615244 1628 2.979409 0.000000
 430 183 513280 581.947913 1932 3.161234 0.000000
 431 184 506064 885.052839 1666 2.863392 0.000000
 432 185 382592 534.746811 1402 3.287335 0.000000
 437 186 507952 883.375437 1678 3.088617 0.000000
 438 187 641696 721.272823 2482 3.018640 0.000000
 439 188 630832 692.558338 1796 2.754220 0.000000
 444 189 629440 1146.345988 1792 2.750000 0.000000
 445 190 639088 778.324111 2302 2.920704 0.000000
 446 191 508336 568.292669 1628 2.993774 0.000000
 451 192 508896 741.974522 1618 3.788612 0.000000
 452 193 640592 890.479383 2182 3.422005 0.000000
 453 194 635280 765.419530 2084 3.539619 0.000000
 458 195 639520 711.486844 2256 3.627480 0.000000
 459 196 632848 667.996564 1888 3.336263 0.000000
 460 197 514784 678.264236 1798 3.883212 0.000000
 465 198 509904 638.246511 1842 3.888329 0.000000
 466 199 644064 1003.637659 2202 3.479363 0.000000
 467 200 642576 720.936705 2298 3.649022 0.000000
 472 201 638592 1221.579027 2204 3.624778 0.000000
 473 202 643440 581.559714 2710 3.669753 0.000000
 474 203 507328 1155.497054 1598 3.832547 0.000000
 479 204 511472 847.913661 1832 3.184665 0.000000
 480 205 636992 565.339097 1996 2.713926 0.000000
 481 206 637472 766.863564 2280 3.018250 0.000000
 486 207 635696 1468.547794 1904 2.803109 0.000000
 487 208 639808 930.797935 2082 2.782328 0.000000
 488 209 508368 728.280438 1506 2.922731 0.000000
 493 210 379488 595.663818 1154 3.074651 0.000000
 494 211 506912 779.975261 1638 2.778644 0.000000
 495 212 510896 1080.311121 1774 3.034483 0.000000
 500 213 507728 500.803775 1680 2.996549 0.000000
 501 214 507904 781.251692 1480 2.675554 0.000000
 502 215 382176 1020.145045 1158 3.083601 0.000000
 507 216 0 nan 0 nan 0.000000
 508 217 0 nan 0 nan 0.000000
 509 218 0 nan 0 nan 0.000000
 514 219 0 nan 0 nan 0.000000
 515 220 0 nan 0 nan 0.000000
 516 221 0 nan 0 nan 0.000000
 521 222 0 nan 0 nan 0.000000
 522 223 0 nan 0 nan 0.000000
 523 224 0 nan 0 nan 0.000000
 528 225 0 nan 0 nan 0.000000
 529 226 0 nan 0 nan 0.000000
 530 227 0 nan 0 nan 0.000000
 535 228 0 nan 0 nan 0.000000
 536 229 0 nan 0 nan 0.000000
 537 230 0 nan 0 nan 0.000000
 542 231 0 nan 0 nan 0.000000
 543 232 0 nan 0 nan 0.000000
 544 233 0 nan 0 nan 0.000000
 549 234 0 nan 0 nan 0.000000
 550 235 0 nan 0 nan 0.000000
 551 236 0 nan 0 nan 0.000000
 556 237 0 nan 0 nan 0.000000
 557 238 0 nan 0 nan 0.000000
 558 239 0 nan 0 nan 0.000000
 563 240 0 nan 0 nan 0.000000
 564 241 0 nan 0 nan 0.000000
 565 242 0 nan 0 nan 0.000000
 570 243 0 nan 0 nan 0.000000
 571 244 0 nan 0 nan 0.000000
 572 245 0 nan 0 nan 0.000000
 577 246 0 nan 0 nan 0.000000
 578 247 0 nan 0 nan 0.000000
 579 248 0 nan 0 nan 0.000000
 584 249 0 nan 0 nan 0.000000
 585 250 0 nan 0 nan 0.000000
 586 251 0 nan 0 nan 0.000000
 591 252 0 nan 0 nan 0.000000
 592 253 0 nan 0 nan 0.000000
 593 254 0 nan 0 nan 0.000000
 598 255 0 nan 0 nan 0.000000
 599 256 0 nan 0 nan 0.000000
 600 257 0 nan 0 nan 0.000000
 605 258 0 nan 0 nan 0.000000
 606 259 0 nan 0 nan 0.000000
 607 260 0 nan 0 nan 0.000000
 612 261 0 nan 0 nan 0.000000
 613 262 0 nan 0 nan 0.000000
 614 263 0 nan 0 nan 0.000000
 619 264 0 nan 0 nan 0.000000
 620 265 0 nan 0 nan 0.000000
 621 266 0 nan 0 nan 0.000000
 626 267 0 nan 0 nan 0.000000
 627 268 0 nan 0 nan 0.000000
 628 269 0 nan 0 nan 0.000000
 633 270 0 nan 0 nan 0.000000
 634 271 0 nan 0 nan 0.000000
 635 272 0 nan 0 nan 0.000000
 640 273 0 nan 0 nan 0.000000
 641 274 0 nan 0 nan 0.000000
 642 275 0 nan 0 nan 0.000000
 647 276 0 nan 0 nan 0.000000
 648 277 0 nan 0 nan 0.000000
 649 278 0 nan 0 nan 0.000000
 654 279 0 nan 0 nan 0.000000
 655 280 0 nan 0 nan 0.000000
 656 281 0 nan 0 nan 0.000000
 661 282 0 nan 0 nan 0.000000
 662 283 0 nan 0 nan 0.000000
 663 284 0 nan 0 nan 0.000000
 668 285 0 nan 0 nan 0.000000
 669 286 0 nan 0 nan 0.000000
 670 287 0 nan 0 nan 0.000000
 675 288 0 nan 0 nan 0.000000
 676 289 0 nan 0 nan 0.000000
 677 290 0 nan 0 nan 0.000000
 682 291 0 nan 0 nan 0.000000
 683 292 0 nan 0 nan 0.000000
 684 293 0 nan 0 nan 0.000000
 689 294 0 nan 0 nan 0.000000
 690 295 0 nan 0 nan 0.000000
 691 296 0 nan 0 nan 0.000000
 696 297 0 nan 0 nan 0.000000
 697 298 0 nan 0 nan 0.000000
 698 299 0 nan 0 nan 0.000000
 703 300 0 nan 0 nan 0.000000
 704 301 0 nan 0 nan 0.000000
 705 302 0 nan 0 nan 0.000000
 710 303 0 nan 0 nan 0.000000
 711 304 0 nan 0 nan 0.000000
 712 305 0 nan 0 nan 0.000000
 717 306 0 nan 0 nan 0.000000
 718 307 0 nan 0 nan 0.000000
 719 308 0 nan 0 nan 0.000000
 724 309 0 nan 0 nan 0.000000
 725 310 0 nan 0 nan 0.000000
 726 311 0 nan 0 nan 0.000000
 731 312 0 nan 0 nan 0.000000
 732 313 0 nan 0 nan 0.000000
 733 314 0 nan 0 nan 0.000000
 738 315 0 nan 0 nan 0.000000
 739 316 0 nan 0 nan 0.000000
 740 317 0 nan 0 nan 0.000000
 745 318 0 nan 0 nan 0.000000
 746 319 0 nan 0 nan 0.000000
 747 320 0 nan 0 nan 0.000000
 752 321 0 nan 0 nan 0.000000
 753 322 0 nan 0 nan 0.000000
 754 323 0 nan 0 nan 0.000000
 759 324 0 nan 0 nan 0.000000
 760 325 0 nan 0 nan 0.000000
 761 326 0 nan 0 nan 0.000000
 766 327 0 nan 0 nan 0.000000
 767 328 0 nan 0 nan 0.000000
 768 329 0 nan 0 nan 0.000000
 773 330 0 nan 0 nan 0.000000
 774 331 0 nan 0 nan 0.000000
 775 332 0 nan 0 nan 0.000000
 780 333 0 nan 0 nan 0.000000
 781 334 0 nan 0 nan 0.000000
 782 335 0 nan 0 nan 0.000000
 787 336 0 nan 0 nan 0.000000
 788 337 0 nan 0 nan 0.000000
 789 338 0 nan 0 nan 0.000000
 794 339 0 nan 0 nan 0.000000
 795 340 0 nan 0 nan 0.000000
 796 341 0 nan 0 nan 0.000000