# Format <LP ID> <Terminal ID> <Job ID> <Local Rank> <Total sends> <Total Recvs> <Bytes sent> <Bytes recvd> <Send time> <Comm. time> <Compute time> <Avg msg time> <Max Msg Time>
 0 0 0 0 478 478 379712 374336 7049861.676916 14746347.631762 816695890.000000 0.000000 0.000000
 1 1 0 1 832 832 502384 506272 55847969.490942 64457972.693099 767042391.000000 0.000000 0.000000
 2 2 0 2 566 566 503792 501008 66500092.217916 72647038.040822 758872619.000000 0.000000 0.000000
 7 3 0 3 840 840 510816 505344 285569034.393188 157134764.492415 674363699.000000 0.000000 0.000000
 8 4 0 4 464 464 506304 496032 34592827.247727 66789995.237704 764652252.000000 0.000000 0.000000
 9 5 0 5 386 386 376528 373792 10411754.127366 66323305.023393 765071214.000000 0.000000 0.000000
 14 6 0 6 654 654 509232 503040 200947671.521017 117442400.248765 714060173.000000 0.000000 0.000000
 15 7 0 7 790 790 629648 623648 117811741.195114 70378141.567181 761131215.000000 0.000000 0.000000
 16 8 0 8 1194 1194 641632 640528 29879817.005351 68310833.048011 763194045.000000 0.000000 0.000000
 21 9 0 9 1010 1010 628592 629120 13883963.543033 66538472.846434 764960474.000000 0.000000 0.000000
 22 10 0 10 956 956 630464 627536 5541504.215231 59731515.124470 771801106.000000 0.000000 0.000000
 23 11 0 11 528 528 502080 502656 115738422.854070 117960722.427704 713495802.000000 0.000000 0.000000
 28 12 0 12 1026 1026 507040 511216 179000770.606968 74333900.457025 758145711.000000 0.000000 0.000000
 29 13 0 13 1004 1004 633712 637312 215857040.553559 118597213.396515 712912094.000000 0.000000 0.000000
 30 14 0 14 1066 1066 637216 633856 9525089.060317 63721720.136043 767783111.000000 0.000000 0.000000
 35 15 0 15 1042 1042 635520 632544 188694221.519132 117068665.605522 714392356.000000 0.000000 0.000000
 36 16 0 16 978 978 631728 633312 6373703.573052 60842908.366619 770608169.000000 0.000000 0.000000
 37 17 0 17 628 628 509008 502912 240491740.811467 159138722.955139 672336136.000000 0.000000 0.000000
 42 18 0 18 756 756 510544 505744 84415388.152706 62917207.786745 768560535.000000 0.000000 0.000000
 43 19 0 19 1224 1224 637680 635664 256921818.301724 118052912.605796 713454762.000000 0.000000 0.000000
 44 20 0 20 1058 1058 637728 632304 86549079.311344 60241700.352119 771238388.000000 0.000000 0.000000
 49 21 0 21 708 708 633792 628800 335097032.330680 158617103.598006 672831064.000000 0.000000 0.000000
 50 22 0 22 1132 1132 633472 636928 61462772.173450 74175639.759168 757269167.000000 0.000000 0.000000
 51 23 0 23 740 740 503136 503376 10275427.248735 65323994.277524 766109427.000000 0.000000 0.000000
 56 24 0 24 664 664 502160 501872 54861172.774636 36424418.388759 795023928.000000 0.000000 0.000000
 57 25 0 25 674 674 633744 636432 103002211.704808 125604707.631068 705883225.000000 0.000000 0.000000
 58 26 0 26 1028 1028 634352 630848 155918481.058736 118006430.074279 713451020.000000 0.000000 0.000000
 63 27 0 27 1236 1236 639520 637600 14780338.452883 50439720.227875 780946680.000000 0.000000 0.000000
 64 28 0 28 878 878 636640 630160 170628250.027300 123459642.508225 707976179.000000 0.000000 0.000000
 65 29 0 29 690 690 509184 505872 330742084.134812 227456839.221041 603902049.000000 0.000000 0.000000
 70 30 0 30 646 646 382720 379504 44173041.177973 72039824.371374 759209355.000000 0.000000 0.000000
 71 31 0 31 768 768 502352 507968 301588572.990346 158664926.975857 672645071.000000 0.000000 0.000000
 72 32 0 32 670 670 502448 501248 81120176.936932 121653867.192517 709736060.000000 0.000000 0.000000
 77 33 0 33 794 794 508528 506320 444208062.587214 226842678.790190 604497546.000000 0.000000 0.000000
 78 34 0 34 676 676 505280 507824 55775786.051519 73990755.661817 757365393.000000 0.000000 0.000000
 79 35 0 35 516 516 376432 378304 125813136.802278 184827100.589391 647057523.000000 0.000000 0.000000
 84 36 0 36 650 650 506832 500784 498504745.740689 223594430.494752 607997547.000000 0.000000 0.000000
 85 37 0 37 1008 1008 624176 633488 103266975.101776 74999160.729010 756644398.000000 0.000000 0.000000
 86 38 0 38 886 886 634528 627184 487866865.015915 186371405.129923 646090548.000000 0.000000 0.000000
 91 39 0 39 726 726 627344 625760 421717479.786715 180394799.617059 651129057.000000 0.000000 0.000000
 92 40 0 40 1080 1080 633088 627424 135815876.741252 114457796.709417 717076821.000000 0.000000 0.000000
 93 41 0 41 804 804 508528 507328 389024230.019117 225570156.411787 605888360.000000 0.000000 0.000000
 98 42 0 42 996 996 631104 633792 395755235.115099 159166530.104936 673316533.000000 0.000000 0.000000
 99 43 0 43 1044 1044 757920 762576 329727548.218870 123893642.085914 707812452.000000 0.000000 0.000000
 100 44 0 44 1010 1010 763248 761664 31543058.787910 72672555.906273 758853698.000000 0.000000 0.000000
 105 45 0 45 1952 1952 772496 774320 498177531.538648 223624634.603976 608106236.000000 0.000000 0.000000
 106 46 0 46 998 998 754928 759008 254468743.770009 178998908.243598 652706295.000000 0.000000 0.000000
 107 47 0 47 1016 1016 634240 635488 220362309.370455 159915184.197141 672233209.000000 0.000000 0.000000
 112 48 0 48 858 858 633072 629184 61638401.051257 61284509.347996 771205243.000000 0.000000 0.000000
 113 49 0 49 1852 1852 770576 771728 799887442.960822 239385105.231277 593100174.000000 0.000000 0.000000
 114 50 0 50 1036 1036 756224 760544 470042781.869441 231493080.158399 600243037.000000 0.000000 0.000000
 119 51 0 51 1096 1096 759184 767632 459548859.084396 242196629.409507 589437937.000000 0.000000 0.000000
 120 52 0 52 1508 1508 764976 769008 299023954.368773 227351694.255806 604362413.000000 0.000000 0.000000
 121 53 0 53 704 704 623760 625344 485280670.455415 182462046.716163 649109675.000000 0.000000 0.000000
 126 54 0 54 708 708 631088 630992 12032572.305209 14047411.547404 818440668.000000 0.000000 0.000000
 127 55 0 55 1344 1344 765184 764800 34019177.149439 35114641.730582 796594149.000000 0.000000 0.000000
 128 56 0 56 1614 1614 762800 774128 308314757.419947 183048247.839573 648604208.000000 0.000000 0.000000
 133 57 0 57 1642 1642 774336 767760 609348785.012023 184383127.282120 647085551.000000 0.000000 0.000000
 134 58 0 58 1346 1346 758496 760512 368400102.800028 243334699.059932 588195262.000000 0.000000 0.000000
 135 59 0 59 1214 1214 640496 637136 124729369.366725 180053833.028863 651468909.000000 0.000000 0.000000
 140 60 0 60 926 926 635488 636784 502992603.466387 237126947.214139 594362798.000000 0.000000 0.000000
 141 61 0 61 954 954 760448 760688 490354037.376702 235602280.552051 595896548.000000 0.000000 0.000000
 142 62 0 62 1460 1460 760976 761840 587869771.237724 236736113.821867 594755941.000000 0.000000 0.000000
 147 63 0 63 1066 1066 761504 762656 458352524.593810 235645939.704140 595813770.000000 0.000000 0.000000
 148 64 0 64 1752 1752 771520 770080 518690364.720220 226053569.738301 605386612.000000 0.000000 0.000000
 149 65 0 65 1130 1130 629584 637984 342232449.691483 242951561.592491 588934979.000000 0.000000 0.000000
 154 66 0 66 718 718 503712 504912 361124352.198375 229872598.111294 601548077.000000 0.000000 0.000000
 155 67 0 67 670 670 625856 634496 396011276.420525 234289538.597137 597204964.000000 0.000000 0.000000
 156 68 0 68 1562 1562 647200 639568 19804637.338215 45077539.866192 786384479.000000 0.000000 0.000000
 161 69 0 69 780 780 627696 630960 338455926.348570 228516371.439047 602841595.000000 0.000000 0.000000
 162 70 0 70 884 884 632112 631392 294493673.764519 242192528.970438 589696219.000000 0.000000 0.000000
 163 71 0 71 704 704 503200 503872 247489491.158424 226812530.465841 605078384.000000 0.000000 0.000000
 168 72 0 72 848 848 512208 506160 268418723.625157 157258264.437020 674390039.000000 0.000000 0.000000
 169 73 0 73 1212 1212 630768 630672 11856611.555793 28423711.069747 804040071.000000 0.000000 0.000000
 170 74 0 74 1194 1194 637120 634864 355091166.887325 151839316.791481 680632112.000000 0.000000 0.000000
 175 75 0 75 682 682 631424 621872 142790971.401089 161854278.277720 670611911.000000 0.000000 0.000000
 176 76 0 76 944 944 628368 629616 22481225.296167 43155577.218707 788551505.000000 0.000000 0.000000
 177 77 0 77 602 602 504448 501568 379202486.837284 233889781.083218 598260518.000000 0.000000 0.000000
 182 78 0 78 942 942 634640 632528 58631658.650537 50258076.532727 781769533.000000 0.000000 0.000000
 183 79 0 79 968 968 758752 756064 902716913.307104 227553908.259652 604163049.000000 0.000000 0.000000
 184 80 0 80 1024 1024 757440 759024 83805307.549604 55756995.041478 776711502.000000 0.000000 0.000000
 189 81 0 81 1454 1454 762912 764400 195808555.337862 181609813.995654 650131936.000000 0.000000 0.000000
 190 82 0 82 1544 1544 769936 772144 450861961.147774 224708780.683835 607443728.000000 0.000000 0.000000
 191 83 0 83 1078 1078 633808 634048 652103631.401553 230481651.135345 601675330.000000 0.000000 0.000000
 196 84 0 84 1054 1054 632272 636880 406457941.195553 189511932.998500 642978458.000000 0.000000 0.000000
 197 85 0 85 1702 1702 763456 764992 422924062.221834 117281343.987509 714458894.000000 0.000000 0.000000
 198 86 0 86 1096 1096 769744 758848 387990703.920493 224204217.674400 607542806.000000 0.000000 0.000000
 203 87 0 87 1548 1548 765776 767888 909407193.776145 227308601.873623 604435671.000000 0.000000 0.000000
 204 88 0 88 1014 1014 752480 756128 190552637.615846 220398919.337263 611326093.000000 0.000000 0.000000
 205 89 0 89 1390 1390 643456 643168 310097463.207959 241104306.949327 591050605.000000 0.000000 0.000000
 210 90 0 90 1628 1628 639792 643248 189222317.053895 185562043.324943 646148561.000000 0.000000 0.000000
 211 91 0 91 1666 1666 772480 776464 578438931.282350 228040198.236916 603679498.000000 0.000000 0.000000
 212 92 0 92 1722 1722 764720 766832 158845576.272546 176613203.357932 655132148.000000 0.000000 0.000000
 217 93 0 93 1458 1458 764800 769120 189962539.199509 189580948.399502 642073414.000000 0.000000 0.000000
 218 94 0 94 1538 1538 762832 763408 562620276.633299 239421105.185765 592299966.000000 0.000000 0.000000
 219 95 0 95 740 740 628560 629424 358695094.900611 231934442.337454 599639680.000000 0.000000 0.000000
 224 96 0 96 992 992 636784 632080 476576907.920830 177585285.823705 653838124.000000 0.000000 0.000000
 225 97 0 97 1456 1456 759536 767456 164025812.134179 116890139.800975 714825174.000000 0.000000 0.000000
 226 98 0 98 1050 1050 757648 756352 5493071.954534 37376869.928461 794279802.000000 0.000000 0.000000
 231 99 0 99 1584 1584 773504 767936 23290947.083022 50011069.676815 781391453.000000 0.000000 0.000000
 232 100 0 100 1012 1012 752656 757504 105928164.688511 126789484.442315 704744694.000000 0.000000 0.000000
 233 101 0 101 1028 1028 637200 636000 70471006.313056 118640593.163365 712886368.000000 0.000000 0.000000
 238 102 0 102 822 822 504432 505200 96124582.049526 163852382.715490 667511375.000000 0.000000 0.000000
 239 103 0 103 724 724 630896 630752 293292477.769475 120377285.222243 711045200.000000 0.000000 0.000000
 240 104 0 104 1170 1170 635392 630928 379238605.039328 163925321.669227 667463315.000000 0.000000 0.000000
 245 105 0 105 1080 1080 627600 634848 58958997.061453 72562257.792481 758838194.000000 0.000000 0.000000
 246 106 0 106 1034 1034 628688 630656 280920348.437501 181371430.575408 650005248.000000 0.000000 0.000000
 247 107 0 107 736 736 504896 505472 63216048.780560 124695139.334136 707196409.000000 0.000000 0.000000
 252 108 0 108 748 748 505968 506112 289206526.185805 226765893.151836 605263629.000000 0.000000 0.000000
 253 109 0 109 1266 1266 640096 637120 470048591.807917 224155410.714720 607495798.000000 0.000000 0.000000
 254 110 0 110 882 882 626944 630880 85804845.944828 59727690.930650 772744375.000000 0.000000 0.000000
 259 111 0 111 884 884 630400 625072 459815215.455989 230431417.302157 601125781.000000 0.000000 0.000000
 260 112 0 112 1132 1132 637584 634800 202895654.983667 117536376.995975 713952281.000000 0.000000 0.000000
 261 113 0 113 496 496 503952 498384 29818108.365352 51961576.441571 779481022.000000 0.000000 0.000000
 266 114 0 114 668 668 625664 621584 341076128.849033 220998750.812361 611037454.000000 0.000000 0.000000
 267 115 0 115 1482 1482 762320 770384 369558499.033943 125771078.535562 706682779.000000 0.000000 0.000000
 268 116 0 116 1732 1732 776432 773456 322727117.914682 171434879.942528 661025762.000000 0.000000 0.000000
 273 117 0 117 2020 2020 764192 770144 291013552.457898 179498289.974483 652957976.000000 0.000000 0.000000
 274 118 0 118 1038 1038 756176 758672 61529725.197986 78470674.877253 753241457.000000 0.000000 0.000000
 275 119 0 119 854 854 633344 631952 404303458.946705 185688423.869123 646469194.000000 0.000000 0.000000
 280 120 0 120 1318 1318 641840 636224 495116886.569415 183534706.328455 648499433.000000 0.000000 0.000000
 281 121 0 121 1494 1494 762304 756544 461324765.514804 237828445.749793 593871454.000000 0.000000 0.000000
 282 122 0 122 1114 1114 760736 755984 629463579.715798 188070824.883083 644387748.000000 0.000000 0.000000
 287 123 0 123 1504 1504 760528 758992 162942293.407157 187053042.200192 644587222.000000 0.000000 0.000000
 288 124 0 124 1284 1284 761312 759584 11781315.354218 41689899.991302 790035750.000000 0.000000 0.000000
 289 125 0 125 962 962 636848 631280 22175536.878786 56268575.798421 775307858.000000 0.000000 0.000000
 294 126 0 126 772 772 632336 628784 749222581.742706 242443426.557862 589054438.000000 0.000000 0.000000
 295 127 0 127 1444 1444 766352 761504 264704072.634512 239937634.346776 591780388.000000 0.000000 0.000000
 296 128 0 128 1086 1086 754992 754464 342787121.337018 242195950.541147 589463426.000000 0.000000 0.000000
 301 129 0 129 1474 1474 763632 759936 1018599279.217697 239235270.219427 592297471.000000 0.000000 0.000000
 302 130 0 130 1666 1666 765712 766912 208685051.014328 231791490.228525 599745434.000000 0.000000 0.000000
 303 131 0 131 1270 1270 636032 633968 213209837.207170 229139399.156015 602390332.000000 0.000000 0.000000
 308 132 0 132 1168 1168 634896 636192 429008609.556405 228095685.130460 603346439.000000 0.000000 0.000000
 309 133 0 133 1854 1854 761120 771488 68624195.336297 54504712.583548 776995561.000000 0.000000 0.000000
 310 134 0 134 1530 1530 769872 767184 22451713.055992 43526260.925943 787986704.000000 0.000000 0.000000
 315 135 0 135 1688 1688 763888 770032 418326784.351616 180540039.239051 650966543.000000 0.000000 0.000000
 316 136 0 136 1006 1006 760800 759840 624874287.593619 234914507.276141 596597563.000000 0.000000 0.000000
 317 137 0 137 1182 1182 634784 635504 177026397.466294 225226147.608990 606212316.000000 0.000000 0.000000
 322 138 0 138 774 774 507168 509328 502640122.641866 238666919.552944 592713543.000000 0.000000 0.000000
 323 139 0 139 1064 1064 636640 635920 478496458.241480 231033702.163979 600411601.000000 0.000000 0.000000
 324 140 0 140 676 676 622560 624000 316000248.435649 229396796.205346 602050026.000000 0.000000 0.000000
 329 141 0 141 1082 1082 628464 633840 451310950.246439 241629486.812409 589812591.000000 0.000000 0.000000
 330 142 0 142 958 958 630512 629792 518411972.211982 235320350.994868 596116442.000000 0.000000 0.000000
 331 143 0 143 544 544 503920 504304 163314480.495995 241908488.237958 589481718.000000 0.000000 0.000000
 336 144 0 144 942 942 510096 503760 14062639.853017 47950883.029338 783548375.000000 0.000000 0.000000
 337 145 0 145 754 754 622736 619376 286137795.067147 239936679.199823 591829365.000000 0.000000 0.000000
 338 146 0 146 1178 1178 634096 629584 241557632.869247 227717904.331319 603890369.000000 0.000000 0.000000
 343 147 0 147 682 682 628752 626448 308451029.039812 238505177.474297 593112403.000000 0.000000 0.000000
 344 148 0 148 930 930 627856 633328 418738507.937791 235259381.171250 596289517.000000 0.000000 0.000000
 345 149 0 149 748 748 505344 501600 253779129.888290 227453230.097709 604039512.000000 0.000000 0.000000
 350 150 0 150 904 904 632336 626816 288536357.126139 239529252.112494 592507592.000000 0.000000 0.000000
 351 151 0 151 1574 1574 765968 773168 476052854.773339 240981940.201317 590793095.000000 0.000000 0.000000
 352 152 0 152 1064 1064 754272 764784 349265637.471983 239663845.451179 592797465.000000 0.000000 0.000000
 357 153 0 153 1022 1022 759280 756832 7894853.961232 54397429.742729 777229183.000000 0.000000 0.000000
 358 154 0 154 1392 1392 762240 769488 427759456.721277 237470165.154868 594149660.000000 0.000000 0.000000
 359 155 0 155 732 732 634656 634608 659222256.456981 229588772.242869 601962336.000000 0.000000 0.000000
 364 156 0 156 1096 1096 634208 637280 301202045.083789 239091853.613519 592446573.000000 0.000000 0.000000
 365 157 0 157 1082 1082 768768 762288 251054510.643642 238703841.590679 593069125.000000 0.000000 0.000000
 366 158 0 158 1540 1540 765264 764496 697725271.844018 236255195.128588 595390790.000000 0.000000 0.000000
 371 159 0 159 1070 1070 763200 758112 345126683.155153 244320987.930988 587318306.000000 0.000000 0.000000
 372 160 0 160 1070 1070 762960 761328 202821567.281947 232580463.937153 598975361.000000 0.000000 0.000000
 373 161 0 161 1002 1002 632368 633280 350850109.770224 234648221.936614 596894113.000000 0.000000 0.000000
 378 162 0 162 736 736 629648 627632 266987044.905966 226396271.577600 605129250.000000 0.000000 0.000000
 379 163 0 163 972 972 751936 758272 755873335.187531 234088199.120420 597453030.000000 0.000000 0.000000
 380 164 0 164 1762 1762 769920 774192 372736948.681574 240584903.888992 591059447.000000 0.000000 0.000000
 385 165 0 165 1684 1684 764032 766672 325711822.748435 233552773.764868 597993650.000000 0.000000 0.000000
 386 166 0 166 1410 1410 760896 762960 518956686.221757 239126055.165667 592421474.000000 0.000000 0.000000
 387 167 0 167 948 948 629584 631648 260659238.989866 236652201.305139 594846172.000000 0.000000 0.000000
 392 168 0 168 954 954 636928 635248 6572435.507766 28960685.276747 802504146.000000 0.000000 0.000000
 393 169 0 169 1270 1270 764064 762480 734200027.971677 223638132.113009 607848660.000000 0.000000 0.000000
 394 170 0 170 1506 1506 759744 761376 25259054.137777 44576201.476297 786953171.000000 0.000000 0.000000
 399 171 0 171 980 980 753952 755872 6512491.975882 38060029.633756 793469188.000000 0.000000 0.000000
 400 172 0 172 1702 1702 767456 772976 100905050.899899 121028931.189342 710474154.000000 0.000000 0.000000
 401 173 0 173 846 846 628224 633456 243542121.144758 236477423.152294 594977703.000000 0.000000 0.000000
 406 174 0 174 644 644 504432 504480 451580800.364461 239666345.125657 591771534.000000 0.000000 0.000000
 407 175 0 175 898 898 629008 630592 173245346.835236 77636069.093570 753831248.000000 0.000000 0.000000
 408 176 0 176 1394 1394 646064 640832 395947908.356931 182057228.544194 649868608.000000 0.000000 0.000000
 413 177 0 177 1448 1448 639376 642640 150706590.596546 179547464.763872 651926151.000000 0.000000 0.000000
 414 178 0 178 1090 1090 632064 636576 250218317.594181 184425174.999809 647025429.000000 0.000000 0.000000
 415 179 0 179 964 964 511216 509680 237718817.395692 227076367.726960 604859591.000000 0.000000 0.000000
 420 180 0 180 654 654 386480 380576 305326795.158151 235899013.424934 595556320.000000 0.000000 0.000000
 421 181 0 181 654 654 503696 504848 407977226.681602 183006283.855518 648476104.000000 0.000000 0.000000
 422 182 0 182 734 734 505232 506288 162163149.032594 188520670.882877 643060515.000000 0.000000 0.000000
 427 183 0 183 1032 1032 513760 510208 217720130.940057 161162947.563574 670314894.000000 0.000000 0.000000
 428 184 0 184 778 778 507072 502992 188661400.483529 231443564.214764 600051984.000000 0.000000 0.000000
 429 185 0 185 726 726 379568 380288 155528314.681754 161509736.299206 669876580.000000 0.000000 0.000000
 434 186 0 186 784 784 508000 504880 148084150.442121 182719940.817548 648781901.000000 0.000000 0.000000
 435 187 0 187 1380 1380 636608 637856 409097216.064555 233216401.682846 598559271.000000 0.000000 0.000000
 436 188 0 188 690 690 625216 626992 390575138.641614 162774711.813886 668844185.000000 0.000000 0.000000
 441 189 0 189 682 682 624640 625600 321860929.455518 231006813.912442 600620482.000000 0.000000 0.000000
 442 190 0 190 1206 1206 640240 635248 633658039.511744 228450102.500544 603103811.000000 0.000000 0.000000
 443 191 0 191 728 728 501328 505264 184202839.652488 229836051.750144 601626445.000000 0.000000 0.000000
 448 192 0 192 722 722 504384 505824 6474141.640414 40214286.638611 791313461.000000 0.000000 0.000000
 449 193 0 193 1064 1064 630992 636752 40194239.935291 74239315.697974 757304220.000000 0.000000 0.000000
 450 194 0 194 972 972 633456 631440 364967387.589959 227923992.410790 603722631.000000 0.000000 0.000000
 455 195 0 195 1156 1156 639328 635680 332003878.793165 228742026.773801 602806714.000000 0.000000 0.000000
 456 196 0 196 788 788 623344 629008 237397258.488752 237492793.847178 594057012.000000 0.000000 0.000000
 457 197 0 197 884 884 509120 511712 72129186.785123 121738982.588623 709675798.000000 0.000000 0.000000
 462 198 0 198 950 950 506496 506832 195335889.899575 164854386.383187 666599174.000000 0.000000 0.000000
 463 199 0 199 1086 1086 637728 640224 202275179.696064 161436957.918583 670052538.000000 0.000000 0.000000
 464 200 0 200 1188 1188 639888 638736 292434571.741681 120901153.868504 710630907.000000 0.000000 0.000000
 469 201 0 201 1102 1102 635808 634752 128186741.286253 120544631.104526 710987086.000000 0.000000 0.000000
 470 202 0 202 1612 1612 640704 639600 416158084.235458 226786669.869540 604719130.000000 0.000000 0.000000
 471 203 0 203 694 694 506704 504256 5956542.135868 119758583.606966 711680562.000000 0.000000 0.000000
 476 204 0 204 934 934 504896 508400 98843618.278805 124181405.096000 707237879.000000 0.000000 0.000000
 477 205 0 205 896 896 633104 633152 484480892.763950 187469677.590680 644000311.000000 0.000000 0.000000
 478 206 0 206 1174 1174 626864 633632 457795571.967698 183314074.844482 648613665.000000 0.000000 0.000000
 483 207 0 207 804 804 630752 631856 43778712.518836 77513420.646407 753962904.000000 0.000000 0.000000
 484 208 0 208 970 970 635776 635968 125722326.055369 117885912.671016 713569390.000000 0.000000 0.000000
 485 209 0 209 606 606 507216 505296 270557636.965250 232075637.796994 599862227.000000 0.000000 0.000000
 490 210 0 210 464 464 377376 377184 295805192.651116 162387631.227357 668963302.000000 0.000000 0.000000
 491 211 0 211 736 736 501488 503840 272754291.289805 186983985.003865 644945966.000000 0.000000 0.000000
 492 212 0 212 866 866 503504 507824 18442793.337191 48441503.788595 783490615.000000 0.000000 0.000000
 497 213 0 213 776 776 501200 504656 443205741.977055 237545544.729098 594386814.000000 0.000000 0.000000
 498 214 0 214 576 576 500176 504832 274155569.587962 235393649.515658 596546427.000000 0.000000 0.000000
 499 215 0 215 468 468 375408 379872 262599222.780326 227081611.802579 604858323.000000 0.000000 0.000000