# Format <LP ID> <Group ID> <Router ID> <Link traffic per router port(s)># Router ports in the order: 10 local channels, 5 global channels
 10 0 0 0 645584 144760 35968 12552 10744 9800 524112 159304 65488 68008 71424 72656 68480 61928
 21 0 1 635816 0 786592 446400 347720 364488 352032 356816 914320 841624 2851488 64 288 32 288
 32 0 2 136568 785368 0 753160 181736 53288 42560 55768 82424 597560 231120 67696 70032 63712 65928
 43 0 3 40760 450920 740632 0 746840 204752 82160 79160 87784 153992 175968 62056 71728 63768 69176
 54 0 4 41696 331216 182248 738768 0 712184 201512 84432 84232 137784 107600 73712 65016 66480 62312
 65 0 5 42960 347800 49112 207320 712416 0 604024 207264 86768 123616 70552 66712 63080 70232 78336
 76 0 6 41240 319040 51008 81304 208552 589744 0 199520 86544 108984 61528 63320 66912 70168 69840
 87 0 7 544376 330752 49360 79656 81512 208360 196984 0 585704 251392 67920 69056 66136 66144 70960
 98 0 8 193168 880048 83232 83808 83064 93064 85440 579800 0 752400 66976 69624 71568 59352 67584
 109 0 9 99400 805216 603520 140776 122024 129656 122920 245944 753256 0 60272 65952 65424 73184 66176
 120 1 0 0 1151472 593960 480136 481520 469656 479968 717856 291384 192624 2717536 90304 87272 83112 89376
 131 1 1 1024896 0 586688 197248 89472 67272 68248 82320 562112 213872 144248 146016 140944 133648 119504
 142 1 2 550888 617712 0 1084496 524224 438488 449000 427544 508368 1254744 2876056 71328 67312 62672 64632
 153 1 3 446552 249952 1054936 0 434208 153688 157216 128912 139040 196136 257024 137968 132552 147816 126368
 164 1 4 432576 132496 538816 443216 0 526008 278792 132368 117088 160056 167688 131400 140256 135280 142904
 175 1 5 449952 126688 413416 160000 517208 0 775408 251784 134896 161704 146800 145312 126752 138576 127480
 186 1 6 461440 125576 415112 168536 282032 771744 0 750728 243552 159928 129600 127160 135560 126488 133800
 197 1 7 708968 116496 394664 139160 131992 245888 748864 0 612544 254672 130336 132016 131824 135888 146600
 208 1 8 297184 593160 469304 129824 124984 127792 251848 602752 0 757136 130488 143096 123480 129528 133264
 219 1 9 187496 275992 1188624 185336 164768 164544 167136 256368 751632 0 124864 129152 138464 132904 140592
 230 2 0 0 1139320 124848 182992 168232 166776 183256 632512 274120 157576 237912 129992 138152 126776 124952
 241 2 1 1193176 0 644432 607640 454608 439992 427776 206024 608008 251416 2817888 76592 75304 82856 75864
 252 2 2 70304 573776 0 760488 197896 92536 56840 51360 60432 575616 140424 132504 132496 132256 132320
 263 2 3 174608 568640 825280 0 995848 564792 483104 444608 483120 764152 2784632 71304 72560 80648 75816
 274 2 4 165376 419096 245328 989952 0 788904 292016 132584 129440 160320 174032 133736 133232 125992 139776
 285 2 5 158232 410752 134808 572832 767032 0 779752 255024 123336 146208 143424 128544 129456 139856 134728
 296 2 6 184304 388544 126096 458392 288696 774720 0 751552 253960 163960 134104 125712 128840 137272 132960
 307 2 7 638648 192712 93560 408520 139808 251040 750544 0 594376 117656 122912 130136 132136 141312 137528
 318 2 8 282472 612384 100576 435864 129248 130120 244848 594024 0 248616 130400 134320 129944 138992 140808
 329 2 9 165496 259192 627832 699136 145504 146208 168032 123544 248624 0 131624 130784 145968 131112 125272
 340 3 0 0 818632 780936 151776 155112 152728 145840 587328 230168 134280 175848 107208 104144 94168 105984
 351 3 1 816480 0 1116848 260096 138432 121400 96584 87272 562632 235720 259528 103848 95624 103664 98264
 362 3 2 836800 1139880 0 1078008 649464 443976 383024 128960 101856 602872 2742232 44072 42344 39408 43072
 373 3 3 118480 226320 996040 0 981352 225032 80080 84504 83384 112792 101080 100856 97816 103456 112712
 384 3 4 145168 138640 621424 1057248 0 1089264 114200 82312 146360 453440 1463240 80304 80608 79784 71088
 395 3 5 163712 132320 422088 285736 1044800 0 114704 87904 93192 122336 100408 98360 99968 85096 102760
 406 3 6 147872 88336 340224 123352 128360 103160 0 685384 182200 86968 105000 107528 98496 102016 97592
 417 3 7 587952 80696 124336 86240 93536 91032 679272 0 649672 189272 102408 106504 102184 100128 97544
 428 3 8 224592 559016 92136 89288 142864 87616 176568 645112 0 686064 103496 103896 106464 106088 114240
 439 3 9 143704 239712 594728 150592 417032 126920 82776 186960 683456 0 101536 94568 100312 105248 98920
 450 4 0 0 847376 264496 680496 87312 88656 88216 89256 77912 79616 107872 38296 34416 34184 38072
 461 4 1 834904 0 669536 524344 45608 44536 47936 49440 50416 45568 170632 35632 32824 32416 38824
 472 4 2 250264 657480 0 507912 40264 39792 38720 42512 37696 41088 171848 40208 34368 34448 36048
 483 4 3 754616 532304 521880 0 7800 6936 7824 10016 9288 7328 1491352 1032 1560 2136 2608
 494 4 4 18352 38160 19056 2080 0 0 0 0 0 0 32616 34184 35864 40024 38424
 505 4 5 79416 47088 43224 8536 0 0 0 0 0 0 33936 39296 35944 36328 35224
 516 4 6 79752 43096 40160 8264 0 0 0 0 0 0 38360 39864 32592 34432 38000
 527 4 7 92312 47880 40208 8864 0 0 0 0 0 0 38528 37536 41608 34208 39472
 538 4 8 94232 46496 43664 7352 0 0 0 0 0 0 31976 37728 37224 33856 35936
 549 4 9 91656 52520 37600 7776 0 0 0 0 0 0 34240 36352 31320 34008 38824
 560 5 0 0 70848 8 0 0 0 0 0 0 0 75016 0 0 0 0
 571 5 1 75008 0 73864 16 0 0 0 0 0 0 145448 0 0 0 0
 582 5 2 8 74600 0 70112 0 0 0 0 0 0 136624 0 0 0 0
 593 5 3 0 0 62752 0 38616 0 0 0 0 0 104360 0 0 0 0
 604 5 4 0 0 0 34232 0 0 0 0 0 0 38616 0 0 0 0
 615 5 5 0 0 0 0 0 0 0 0 0 0 0 0 0 0 0
 626 5 6 0 0 0 0 0 0 0 0 0 0 0 0 0 0 0
 637 5 7 0 0 0 0 0 0 0 0 0 0 0 0 0 0 0
 648 5 8 0 0 0 0 0 0 0 0 0 0 0 0 0 0 0
 659 5 9 0 0 0 0 0 0 0 0 0 0 0 0 0 0 0
 670 6 0 0 62080 16 0 0 0 0 0 0 0 61432 0 0 0 0
 681 6 1 61408 0 68632 0 0 0 0 0 0 0 129288 0 0 0 0
 692 6 2 24 67176 0 68096 8 0 0 0 0 0 141400 0 0 0 0
 703 6 3 0 32 72752 0 33312 0 0 0 0 0 106840 0 0 0 0
 714 6 4 0 0 0 38744 0 0 0 0 0 0 33320 0 0 0 0
 725 6 5 0 0 0 0 0 0 0 0 0 0 0 0 0 0 0
 736 6 6 0 0 0 0 0 0 0 0 0 0 0 0 0 0 0
 747 6 7 0 0 0 0 0 0 0 0 0 0 0 0 0 0 0
 758 6 8 0 0 0 0 0 0 0 0 0 0 0 0 0 0 0
 769 6 9 0 0 0 0 0 0 0 0 0 0 0 0 0 0 0
 780 7 0 0 68656 0 0 0 0 0 0 0 0 68512 0 0 0 0
 791 7 1 68504 0 63456 8 0 0 0 0 0 0 128200 0 0 0 0
 802 7 2 8 59544 0 65536 0 0 0 0 0 0 127744 0 0 0 0
 813 7 3 0 0 64288 0 38784 0 0 0 0 0 104064 0 0 0 0
 824 7 4 0 0 0 38520 0 0 0 0 0 0 38784 0 0 0 0
 835 7 5 0 0 0 0 0 0 0 0 0 0 0 0 0 0 0
 846 7 6 0 0 0 0 0 0 0 0 0 0 0 0 0 0 0
 857 7 7 0 0 0 0 0 0 0 0 0 0 0 0 0 0 0
 868 7 8 0 0 0 0 0 0 0 0 0 0 0 0 0 0 0
 879 7 9 0 0 0 0 0 0 0 0 0 0 0 0 0 0 0
 890 8 0 0 68216 8 0 0 0 0 0 0 0 65368 0 0 0 0
 901 8 1 65352 0 66864 16 0 0 0 0 0 0 129624 0 0 0 0
 912 8 2 16 61392 0 69480 0 0 0 0 0 0 130600 0 0 0 0
 923 8 3 0 16 63728 0 39984 0 0 0 0 0 101472 0 0 0 0
 934 8 4 0 0 0 31976 0 0 0 0 0 0 39984 0 0 0 0
 945 8 5 0 0 0 0 0 0 0 0 0 0 0 0 0 0 0
 956 8 6 0 0 0 0 0 0 0 0 0 0 0 0 0 0 0
 967 8 7 0 0 0 0 0 0 0 0 0 0 0 0 0 0 0
 978 8 8 0 0 0 0 0 0 0 0 0 0 0 0 0 0 0
 989 8 9 0 0 0 0 0 0 0 0 0 0 0 0 0 0 0
 1000 9 0 0 61072 40 0 0 0 0 0 0 0 59392 0 0 0 0
 1011 9 1 59384 0 67120 0 0 0 0 0 0 0 125600 0 0 0 0
 1022 9 2 8 64512 0 67096 0 0 0 0 0 0 130704 0 0 0 0
 1033 9 3 0 16 63536 0 38632 0 0 0 0 0 101328 0 0 0 0
 1044 9 4 0 0 8 34232 0 0 0 0 0 0 38632 0 0 0 0
 1055 9 5 0 0 0 0 0 0 0 0 0 0 0 0 0 0 0
 1066 9 6 0 0 0 0 0 0 0 0 0 0 0 0 0 0 0
 1077 9 7 0 0 0 0 0 0 0 0 0 0 0 0 0 0 0
 1088 9 8 0 0 0 0 0 0 0 0 0 0 0 0 0 0 0
 1099 9 9 0 0 0 0 0 0 0 0 0 0 0 0 0 0 0
 1110 10 0 0 72744 16 0 0 0 0 0 0 0 23120 0 0 0 0
 1121 10 1 23112 0 68136 8 0 0 0 0 0 0 140808 0 0 0 0
 1132 10 2 0 68056 0 63728 0 0 0 0 0 0 136368 0 0 0 0
 1143 10 3 8 8 68208 0 40136 0 0 0 0 0 102008 0 0 0 0
 1154 10 4 0 0 8 38272 0 0 0 0 0 0 40136 0 0 0 0
 1165 10 5 0 0 0 0 0 0 0 0 0 0 0 0 0 0 0
 1176 10 6 0 0 0 0 0 0 0 0 0 0 0 0 0 0 0
 1187 10 7 0 0 0 0 0 0 0 0 0 0 0 0 0 0 0
 1198 10 8 0 0 0 0 0 0 0 0 0 0 0 0 0 0 0
 1209 10 9 0 0 0 0 0 0 0 0 0 0 0 0 0 0 0
 1220 11 0 0 24 40 0 0 0 0 0 0 0 75904 0 0 0 0
 1231 11 1 75856 0 70984 8 8 0 0 0 0 0 11976 0 0 0 0
 1242 11 2 48 11952 0 64360 0 0 0 0 0 0 138200 0 0 0 0
 1253 11 3 0 0 67168 0 37616 0 0 0 0 0 100040 0 0 0 0
 1264 11 4 0 0 8 35672 0 0 0 0 0 0 37624 0 0 0 0
 1275 11 5 0 0 0 0 0 0 0 0 0 0 0 0 0 0 0
 1286 11 6 0 0 0 0 0 0 0 0 0 0 0 0 0 0 0
 1297 11 7 0 0 0 0 0 0 0 0 0 0 0 0 0 0 0
 1308 11 8 0 0 0 0 0 0 0 0 0 0 0 0 0 0 0
 1319 11 9 0 0 0 0 0 0 0 0 0 0 0 0 0 0 0
 1330 12 0 0 68208 0 0 0 0 0 0 0 0 69640 0 0 0 0
 1341 12 1 69624 0 1912 8 0 0 0 0 0 0 132080 0 0 0 0
 1352 12 2 16 63840 0 69976 32 0 0 0 0 0 10504 0 0 0 0
 1363 12 3 0 32 8592 0 35384 0 0 0 0 0 110736 0 0 0 0
 1374 12 4 0 0 0 40752 0 0 0 0 0 0 35416 0 0 0 0
 1385 12 5 0 0 0 0 0 0 0 0 0 0 0 0 0 0 0
 1396 12 6 0 0 0 0 0 0 0 0 0 0 0 0 0 0 0
 1407 12 7 0 0 0 0 0 0 0 0 0 0 0 0 0 0 0
 1418 12 8 0 0 0 0 0 0 0 0 0 0 0 0 0 0 0
 1429 12 9 0 0 0 0 0 0 0 0 0 0 0 0 0 0 0
 1440 13 0 0 62176 56 0 0 0 0 0 0 0 67936 0 0 0 0
 1451 13 1 67920 0 70896 0 0 0 0 0 0 0 124096 0 0 0 0
 1462 13 2 16 61920 0 9504 0 0 0 0 0 0 136424 0 0 0 0
 1473 13 3 0 0 65464 0 35960 0 0 0 0 0 10528 0 0 0 0
 1484 13 4 0 0 8 1024 0 0 0 0 0 0 35960 0 0 0 0
 1495 13 5 0 0 0 0 0 0 0 0 0 0 0 0 0 0 0
 1506 13 6 0 0 0 0 0 0 0 0 0 0 0 0 0 0 0
 1517 13 7 0 0 0 0 0 0 0 0 0 0 0 0 0 0 0
 1528 13 8 0 0 0 0 0 0 0 0 0 0 0 0 0 0 0
 1539 13 9 0 0 0 0 0 0 0 0 0 0 0 0 0 0 0
 1550 14 0 0 74552 0 0 0 0 0 0 0 0 65216 0 0 0 0
 1561 14 1 65216 0 68032 0 0 0 0 0 0 0 146728 0 0 0 0
 1572 14 2 0 72168 0 61648 8 0 0 0 0 0 140584 0 0 0 0
 1583 14 3 0 8 72552 0 8320 0 0 0 0 0 95992 0 0 0 0
 1594 14 4 0 0 0 34344 0 0 0 0 0 0 8328 0 0 0 0
 1605 14 5 0 0 0 0 0 0 0 0 0 0 0 0 0 0 0
 1616 14 6 0 0 0 0 0 0 0 0 0 0 0 0 0 0 0
 1627 14 7 0 0 0 0 0 0 0 0 0 0 0 0 0 0 0
 1638 14 8 0 0 0 0 0 0 0 0 0 0 0 0 0 0 0
 1649 14 9 0 0 0 0 0 0 0 0 0 0 0 0 0 0 0
 1660 15 0 0 66784 0 8 0 0 0 0 0 0 70016 0 0 0 0
 1671 15 1 70016 0 76400 0 0 0 0 0 0 0 134800 0 0 0 0
 1682 15 2 0 67968 0 60728 0 0 0 0 0 0 136600 0 0 0 0
 1693 15 3 0 48 60200 0 39392 0 0 0 0 0 100072 0 0 0 0
 1704 15 4 0 0 0 39336 0 0 0 0 0 0 39392 0 0 0 0
 1715 15 5 0 0 0 0 0 0 0 0 0 0 0 0 0 0 0
 1726 15 6 0 0 0 0 0 0 0 0 0 0 0 0 0 0 0
 1737 15 7 0 0 0 0 0 0 0 0 0 0 0 0 0 0 0
 1748 15 8 0 0 0 0 0 0 0 0 0 0 0 0 0 0 0
 1759 15 9 0 0 0 0 0 0 0 0 0 0 0 0 0 0 0
 1770 16 0 0 63752 0 0 0 0 0 0 0 0 62920 0 0 0 0
 1781 16 1 62888 0 66016 24 0 0 0 0 0 0 126680 0 0 0 0
 1792 16 2 32 62928 0 63184 0 0 0 0 0 0 136776 0 0 0 0
 1803 16 3 0 0 70760 0 37584 0 0 0 0 0 103552 0 0 0 0
 1814 16 4 0 0 0 40344 0 0 0 0 0 0 37584 0 0 0 0
 1825 16 5 0 0 0 0 0 0 0 0 0 0 0 0 0 0 0
 1836 16 6 0 0 0 0 0 0 0 0 0 0 0 0 0 0 0
 1847 16 7 0 0 0 0 0 0 0 0 0 0 0 0 0 0 0
 1858 16 8 0 0 0 0 0 0 0 0 0 0 0 0 0 0 0
 1869 16 9 0 0 0 0 0 0 0 0 0 0 0 0 0 0 0
 1880 17 0 0 69944 0 0 0 0 0 0 0 0 66128 0 0 0 0
 1891 17 1 66104 0 68064 56 0 0 0 0 0 0 137008 0 0 0 0
 1902 17 2 24 67064 0 65032 24 0 0 0 0 0 135184 0 0 0 0
 1913 17 3 0 0 67120 0 41376 0 0 0 0 0 102728 0 0 0 0
 1924 17 4 0 0 0 37640 0 0 0 0 0 0 41400 0 0 0 0
 1935 17 5 0 0 0 0 0 0 0 0 0 0 0 0 0 0 0
 1946 17 6 0 0 0 0 0 0 0 0 0 0 0 0 0 0 0
 1957 17 7 0 0 0 0 0 0 0 0 0 0 0 0 0 0 0
 1968 17 8 0 0 0 0 0 0 0 0 0 0 0 0 0 0 0
 1979 17 9 0 0 0 0 0 0 0 0 0 0 0 0 0 0 0
 1990 18 0 0 70408 0 0 0 0 0 0 0 0 70256 0 0 0 0
 2001 18 1 70232 0 74624 8 0 0 0 0 0 0 138992 0 0 0 0
 2012 18 2 16 68584 0 66400 0 0 0 0 0 0 149008 0 0 0 0
 2023 18 3 8 0 74384 0 31488 0 0 0 0 0 104136 0 0 0 0
 2034 18 4 0 0 0 37728 0 0 0 0 0 0 31488 0 0 0 0
 2045 18 5 0 0 0 0 0 0 0 0 0 0 0 0 0 0 0
 2056 18 6 0 0 0 0 0 0 0 0 0 0 0 0 0 0 0
 2067 18 7 0 0 0 0 0 0 0 0 0 0 0 0 0 0 0
 2078 18 8 0 0 0 0 0 0 0 0 0 0 0 0 0 0 0
 2089 18 9 0 0 0 0 0 0 0 0 0 0 0 0 0 0 0
 2100 19 0 0 66728 24 0 0 0 0 0 0 0 61672 0 0 0 0
 2111 19 1 61664 0 67920 0 0 0 0 0 0 0 132464 0 0 0 0
 2122 19 2 0 65736 0 66584 0 0 0 0 0 0 127104 0 0 0 0
 2133 19 3 8 0 59160 0 37032 0 0 0 0 0 102936 0 0 0 0
 2144 19 4 0 0 0 36352 0 0 0 0 0 0 37032 0 0 0 0
 2155 19 5 0 0 0 0 0 0 0 0 0 0 0 0 0 0 0
 2166 19 6 0 0 0 0 0 0 0 0 0 0 0 0 0 0 0
 2177 19 7 0 0 0 0 0 0 0 0 0 0 0 0 0 0 0
 2188 19 8 0 0 0 0 0 0 0 0 0 0 0 0 0 0 0
 2199 19 9 0 0 0 0 0 0 0 0 0 0 0 0 0 0 0
 2210 20 0 0 73936 0 0 0 0 0 0 0 0 21024 0 0 0 0
 2221 20 1 21008 0 67184 24 0 0 0 0 0 0 140560 0 0 0 0
 2232 20 2 16 66608 0 73232 8 0 0 0 0 0 133760 0 0 0 0
 2243 20 3 0 16 66576 0 38304 0 0 0 0 0 108560 0 0 0 0
 2254 20 4 0 0 0 35304 0 0 0 0 0 0 38312 0 0 0 0
 2265 20 5 0 0 0 0 0 0 0 0 0 0 0 0 0 0 0
 2276 20 6 0 0 0 0 0 0 0 0 0 0 0 0 0 0 0
 2287 20 7 0 0 0 0 0 0 0 0 0 0 0 0 0 0 0
 2298 20 8 0 0 0 0 0 0 0 0 0 0 0 0 0 0 0
 2309 20 9 0 0 0 0 0 0 0 0 0 0 0 0 0 0 0
 2320 21 0 0 280 8 0 0 0 0 0 0 0 63880 0 0 0 0
 2331 21 1 63872 0 79256 32 0 0 0 0 0 0 9400 0 0 0 0
 2342 21 2 8 9112 0 67152 0 0 0 0 0 0 139672 0 0 0 0
 2353 21 3 0 8 60408 0 35680 0 0 0 0 0 100480 0 0 0 0
 2364 21 4 0 0 0 33296 0 0 0 0 0 0 35680 0 0 0 0
 2375 21 5 0 0 0 0 0 0 0 0 0 0 0 0 0 0 0
 2386 21 6 0 0 0 0 0 0 0 0 0 0 0 0 0 0 0
 2397 21 7 0 0 0 0 0 0 0 0 0 0 0 0 0 0 0
 2408 21 8 0 0 0 0 0 0 0 0 0 0 0 0 0 0 0
 2419 21 9 0 0 0 0 0 0 0 0 0 0 0 0 0 0 0
 2430 22 0 0 70400 8 0 0 0 0 0 0 0 66200 0 0 0 0
 2441 22 1 66200 0 2056 0 0 0 0 0 0 0 138920 0 0 0 0
 2452 22 2 0 68520 0 64880 0 0 0 0 0 0 10568 0 0 0 0
 2463 22 3 0 0 8504 0 34864 0 0 0 0 0 99424 0 0 0 0
 2474 22 4 0 0 0 34544 0 0 0 0 0 0 34864 0 0 0 0
 2485 22 5 0 0 0 0 0 0 0 0 0 0 0 0 0 0 0
 2496 22 6 0 0 0 0 0 0 0 0 0 0 0 0 0 0 0
 2507 22 7 0 0 0 0 0 0 0 0 0 0 0 0 0 0 0
 2518 22 8 0 0 0 0 0 0 0 0 0 0 0 0 0 0 0
 2529 22 9 0 0 0 0 0 0 0 0 0 0 0 0 0 0 0
 2540 23 0 0 72728 16 0 0 0 0 0 0 0 66664 0 0 0 0
 2551 23 1 66664 0 67880 0 0 0 0 0 0 0 137168 0 0 0 0
 2562 23 2 0 64424 0 8752 0 0 0 0 0 0 130752 0 0 0 0
 2573 23 3 0 16 62848 0 36176 0 0 0 0 0 10304 0 0 0 0
 2584 23 4 0 0 8 1552 0 0 0 0 0 0 36176 0 0 0 0
 2595 23 5 0 0 0 0 0 0 0 0 0 0 0 0 0 0 0
 2606 23 6 0 0 0 0 0 0 0 0 0 0 0 0 0 0 0
 2617 23 7 0 0 0 0 0 0 0 0 0 0 0 0 0 0 0
 2628 23 8 0 0 0 0 0 0 0 0 0 0 0 0 0 0 0
 2639 23 9 0 0 0 0 0 0 0 0 0 0 0 0 0 0 0
 2650 24 0 0 65752 0 0 0 0 0 0 0 0 72624 0 0 0 0
 2661 24 1 72616 0 69312 8 0 0 0 0 0 0 138432 0 0 0 0
 2672 24 2 8 72672 0 62168 0 0 0 0 0 0 141640 0 0 0 0
 2683 24 3 0 0 72312 0 8960 0 0 0 0 0 98648 0 0 0 0
 2694 24 4 0 8 16 36472 0 0 0 0 0 0 8960 0 0 0 0
 2705 24 5 0 0 0 0 0 0 0 0 0 0 0 0 0 0 0
 2716 24 6 0 0 0 0 0 0 0 0 0 0 0 0 0 0 0
 2727 24 7 0 0 0 0 0 0 0 0 0 0 0 0 0 0 0
 2738 24 8 0 0 0 0 0 0 0 0 0 0 0 0 0 0 0
 2749 24 9 0 0 0 0 0 0 0 0 0 0 0 0 0 0 0
 2760 25 0 0 63720 8 0 0 0 0 0 0 0 65864 0 0 0 0
 2771 25 1 65848 0 61784 32 0 0 0 0 0 0 129472 0 0 0 0
 2782 25 2 16 65744 0 65632 0 0 0 0 0 0 126328 0 0 0 0
 2793 25 3 0 8 64536 0 35856 0 0 0 0 0 102168 0 0 0 0
 2804 25 4 0 0 0 36504 0 0 0 0 0 0 35856 0 0 0 0
 2815 25 5 0 0 0 0 0 0 0 0 0 0 0 0 0 0 0
 2826 25 6 0 0 0 0 0 0 0 0 0 0 0 0 0 0 0
 2837 25 7 0 0 0 0 0 0 0 0 0 0 0 0 0 0 0
 2848 25 8 0 0 0 0 0 0 0 0 0 0 0 0 0 0 0
 2859 25 9 0 0 0 0 0 0 0 0 0 0 0 0 0 0 0
 2870 26 0 0 67144 32 0 0 0 0 0 0 0 70520 0 0 0 0
 2881 26 1 70520 0 66392 0 0 0 0 0 0 0 137824 0 0 0 0
 2892 26 2 0 70680 0 58632 0 0 0 0 0 0 125848 0 0 0 0
 2903 26 3 0 0 59416 0 39424 0 0 0 0 0 91400 0 0 0 0
 2914 26 4 0 0 8 32768 0 0 0 0 0 0 39424 0 0 0 0
 2925 26 5 0 0 0 0 0 0 0 0 0 0 0 0 0 0 0
 2936 26 6 0 0 0 0 0 0 0 0 0 0 0 0 0 0 0
 2947 26 7 0 0 0 0 0 0 0 0 0 0 0 0 0 0 0
 2958 26 8 0 0 0 0 0 0 0 0 0 0 0 0 0 0 0
 2969 26 9 0 0 0 0 0 0 0 0 0 0 0 0 0 0 0
 2980 27 0 0 66528 0 0 0 0 0 0 0 0 64832 0 0 0 0
 2991 27 1 64832 0 67912 8 0 0 0 0 0 0 132344 0 0 0 0
 3002 27 2 0 65816 0 68256 0 0 0 0 0 0 132456 0 0 0 0
 3013 27 3 0 0 64544 0 38904 0 0 0 0 0 109736 0 0 0 0
 3024 27 4 0 0 0 41472 0 0 0 0 0 0 38904 0 0 0 0
 3035 27 5 0 0 0 0 0 0 0 0 0 0 0 0 0 0 0
 3046 27 6 0 0 0 0 0 0 0 0 0 0 0 0 0 0 0
 3057 27 7 0 0 0 0 0 0 0 0 0 0 0 0 0 0 0
 3068 27 8 0 0 0 0 0 0 0 0 0 0 0 0 0 0 0
 3079 27 9 0 0 0 0 0 0 0 0 0 0 0 0 0 0 0
 3090 28 0 0 71936 24 0 0 0 0 0 0 0 64008 0 0 0 0
 3101 28 1 64008 0 60448 0 0 0 0 0 0 0 134808 0 0 0 0
 3112 28 2 0 62872 0 68088 8 0 0 0 0 0 132608 0 0 0 0
 3123 28 3 0 0 72136 0 35744 0 0 0 0 0 105312 0 0 0 0
 3134 28 4 0 0 0 37224 0 0 0 0 0 0 35752 0 0 0 0
 3145 28 5 0 0 0 0 0 0 0 0 0 0 0 0 0 0 0
 3156 28 6 0 0 0 0 0 0 0 0 0 0 0 0 0 0 0
 3167 28 7 0 0 0 0 0 0 0 0 0 0 0 0 0 0 0
 3178 28 8 0 0 0 0 0 0 0 0 0 0 0 0 0 0 0
 3189 28 9 0 0 0 0 0 0 0 0 0 0 0 0 0 0 0
 3200 29 0 0 66392 0 0 0 0 0 0 0 0 68712 0 0 0 0
 3211 29 1 68712 0 70288 32 0 0 0 0 0 0 143272 0 0 0 0
 3222 29 2 0 76848 0 70224 0 0 0 0 0 0 137864 0 0 0 0
 3233 29 3 0 32 67568 0 33600 0 0 0 0 0 101568 0 0 0 0
 3244 29 4 0 0 8 31312 0 0 0 0 0 0 33600 0 0 0 0
 3255 29 5 0 0 0 0 0 0 0 0 0 0 0 0 0 0 0
 3266 29 6 0 0 0 0 0 0 0 0 0 0 0 0 0 0 0
 3277 29 7 0 0 0 0 0 0 0 0 0 0 0 0 0 0 0
 3288 29 8 0 0 0 0 0 0 0 0 0 0 0 0 0 0 0
 3299 29 9 0 0 0 0 0 0 0 0 0 0 0 0 0 0 0
 3310 30 0 0 69320 16 0 0 0 0 0 0 0 18264 0 0 0 0
 3321 30 1 18248 0 65720 0 0 0 0 0 0 0 133552 0 0 0 0
 3332 30 2 16 64232 0 63896 16 0 0 0 0 0 123552 0 0 0 0
 3343 30 3 0 0 57816 0 37016 0 0 0 0 0 98304 0 0 0 0
 3354 30 4 0 0 0 34408 0 0 0 0 0 0 37032 0 0 0 0
 3365 30 5 0 0 0 0 0 0 0 0 0 0 0 0 0 0 0
 3376 30 6 0 0 0 0 0 0 0 0 0 0 0 0 0 0 0
 3387 30 7 0 0 0 0 0 0 0 0 0 0 0 0 0 0 0
 3398 30 8 0 0 0 0 0 0 0 0 0 0 0 0 0 0 0
 3409 30 9 0 0 0 0 0 0 0 0 0 0 0 0 0 0 0
 3420 31 0 0 16 16 0 0 0 0 0 0 0 65544 0 0 0 0
 3431 31 1 65520 0 69400 0 0 0 0 0 0 0 14176 0 0 0 0
 3442 31 2 24 14160 0 69776 0 0 0 0 0 0 138184 0 0 0 0
 3453 31 3 0 0 68760 0 35880 0 0 0 0 0 102608 0 0 0 0
 3464 31 4 0 0 8 32832 0 0 0 0 0 0 35880 0 0 0 0
 3475 31 5 0 0 0 0 0 0 0 0 0 0 0 0 0 0 0
 3486 31 6 0 0 0 0 0 0 0 0 0 0 0 0 0 0 0
 3497 31 7 0 0 0 0 0 0 0 0 0 0 0 0 0 0 0
 3508 31 8 0 0 0 0 0 0 0 0 0 0 0 0 0 0 0
 3519 31 9 0 0 0 0 0 0 0 0 0 0 0 0 0 0 0
 3530 32 0 0 64064 0 0 0 0 0 0 0 0 62008 0 0 0 0
 3541 32 1 61976 0 1800 0 0 0 0 0 0 0 129760 0 0 0 0
 3552 32 2 24 65696 0 67856 0 0 0 0 0 0 9616 0 0 0 0
 3563 32 3 8 0 7816 0 31432 0 0 0 0 0 103000 0 0 0 0
 3574 32 4 0 0 0 35144 0 0 0 0 0 0 31432 0 0 0 0
 3585 32 5 0 0 0 0 0 0 0 0 0 0 0 0 0 0 0
 3596 32 6 0 0 0 0 0 0 0 0 0 0 0 0 0 0 0
 3607 32 7 0 0 0 0 0 0 0 0 0 0 0 0 0 0 0
 3618 32 8 0 0 0 0 0 0 0 0 0 0 0 0 0 0 0
 3629 32 9 0 0 0 0 0 0 0 0 0 0 0 0 0 0 0
 3640 33 0 0 65032 0 0 0 0 0 0 0 0 74832 0 0 0 0
 3651 33 1 74832 0 73752 0 16 0 0 0 0 0 138680 0 0 0 0
 3662 33 2 0 73640 0 7928 16 0 0 0 0 0 143672 0 0 0 0
 3673 33 3 0 8 69920 0 34208 0 0 0 0 0 10248 0 0 0 0
 3684 33 4 0 0 0 2320 0 0 0 0 0 0 34240 0 0 0 0
 3695 33 5 0 0 0 0 0 0 0 0 0 0 0 0 0 0 0
 3706 33 6 0 0 0 0 0 0 0 0 0 0 0 0 0 0 0
 3717 33 7 0 0 0 0 0 0 0 0 0 0 0 0 0 0 0
 3728 33 8 0 0 0 0 0 0 0 0 0 0 0 0 0 0 0
 3739 33 9 0 0 0 0 0 0 0 0 0 0 0 0 0 0 0
 3750 34 0 0 67352 0 0 0 0 0 0 0 0 67392 0 0 0 0
 3761 34 1 67384 0 69520 0 0 0 0 0 0 0 137368 0 0 0 0
 3772 34 2 0 69992 0 57232 0 0 0 0 0 0 136472 0 0 0 0
 3783 34 3 8 24 66952 0 13240 0 0 0 0 0 97016 0 0 0 0
 3794 34 4 0 0 0 39784 0 0 0 0 0 0 13240 0 0 0 0
 3805 34 5 0 0 0 0 0 0 0 0 0 0 0 0 0 0 0
 3816 34 6 0 0 0 0 0 0 0 0 0 0 0 0 0 0 0
 3827 34 7 0 0 0 0 0 0 0 0 0 0 0 0 0 0 0
 3838 34 8 0 0 0 0 0 0 0 0 0 0 0 0 0 0 0
 3849 34 9 0 0 0 0 0 0 0 0 0 0 0 0 0 0 0
 3860 35 0 0 71120 0 0 0 0 0 0 0 0 75376 0 0 0 0
 3871 35 1 75368 0 64328 16 0 0 0 0 0 0 141400 0 0 0 0
 3882 35 2 0 70256 0 71008 0 0 0 0 0 0 118944 0 0 0 0
 3893 35 3 8 24 54616 0 30888 0 0 0 0 0 107344 0 0 0 0
 3904 35 4 0 0 0 36320 0 0 0 0 0 0 30888 0 0 0 0
 3915 35 5 0 0 0 0 0 0 0 0 0 0 0 0 0 0 0
 3926 35 6 0 0 0 0 0 0 0 0 0 0 0 0 0 0 0
 3937 35 7 0 0 0 0 0 0 0 0 0 0 0 0 0 0 0
 3948 35 8 0 0 0 0 0 0 0 0 0 0 0 0 0 0 0
 3959 35 9 0 0 0 0 0 0 0 0 0 0 0 0 0 0 0
 3970 36 0 0 71352 8 0 0 0 0 0 0 0 65480 0 0 0 0
 3981 36 1 65472 0 61424 0 0 0 0 0 0 0 137416 0 0 0 0
 3992 36 2 8 66056 0 72400 40 0 0 0 0 0 132232 0 0 0 0
 4003 36 3 0 8 70792 0 32200 0 0 0 0 0 107360 0 0 0 0
 4014 36 4 0 0 8 34960 0 0 0 0 0 0 32240 0 0 0 0
 4025 36 5 0 0 0 0 0 0 0 0 0 0 0 0 0 0 0
 4036 36 6 0 0 0 0 0 0 0 0 0 0 0 0 0 0 0
 4047 36 7 0 0 0 0 0 0 0 0 0 0 0 0 0 0 0
 4058 36 8 0 0 0 0 0 0 0 0 0 0 0 0 0 0 0
 4069 36 9 0 0 0 0 0 0 0 0 0 0 0 0 0 0 0
 4080 37 0 0 66776 8 0 0 0 0 0 0 0 62832 0 0 0 0
 4091 37 1 62816 0 74584 32 0 0 0 0 0 0 140632 0 0 0 0
 4102 37 2 16 73832 0 68488 0 0 0 0 0 0 140384 0 0 0 0
 4113 37 3 0 24 65776 0 35472 0 0 0 0 0 103488 0 0 0 0
 4124 37 4 0 0 16 34968 0 0 0 0 0 0 35472 0 0 0 0
 4135 37 5 0 0 0 0 0 0 0 0 0 0 0 0 0 0 0
 4146 37 6 0 0 0 0 0 0 0 0 0 0 0 0 0 0 0
 4157 37 7 0 0 0 0 0 0 0 0 0 0 0 0 0 0 0
 4168 37 8 0 0 0 0 0 0 0 0 0 0 0 0 0 0 0
 4179 37 9 0 0 0 0 0 0 0 0 0 0 0 0 0 0 0
 4190 38 0 0 59936 8 0 0 0 0 0 0 0 64560 0 0 0 0
 4201 38 1 64544 0 67112 24 0 0 0 0 0 0 134912 0 0 0 0
 4212 38 2 16 74952 0 65744 0 0 0 0 0 0 135272 0 0 0 0
 4223 38 3 0 24 68144 0 39880 0 0 0 0 0 99616 0 0 0 0
 4234 38 4 0 0 8 33848 0 0 0 0 0 0 39880 0 0 0 0
 4245 38 5 0 0 0 0 0 0 0 0 0 0 0 0 0 0 0
 4256 38 6 0 0 0 0 0 0 0 0 0 0 0 0 0 0 0
 4267 38 7 0 0 0 0 0 0 0 0 0 0 0 0 0 0 0
 4278 38 8 0 0 0 0 0 0 0 0 0 0 0 0 0 0 0
 4289 38 9 0 0 0 0 0 0 0 0 0 0 0 0 0 0 0
 4300 39 0 0 73664 16 0 0 0 0 0 0 0 69128 0 0 0 0
 4311 39 1 69120 0 65752 0 0 0 0 0 0 0 135568 0 0 0 0
 4322 39 2 8 61904 0 69552 0 0 0 0 0 0 133728 0 0 0 0
 4333 39 3 0 0 67960 0 38112 0 0 0 0 0 103560 0 0 0 0
 4344 39 4 0 0 0 34008 0 0 0 0 0 0 38112 0 0 0 0
 4355 39 5 0 0 0 0 0 0 0 0 0 0 0 0 0 0 0
 4366 39 6 0 0 0 0 0 0 0 0 0 0 0 0 0 0 0
 4377 39 7 0 0 0 0 0 0 0 0 0 0 0 0 0 0 0
 4388 39 8 0 0 0 0 0 0 0 0 0 0 0 0 0 0 0
 4399 39 9 0 0 0 0 0 0 0 0 0 0 0 0 0 0 0
 4410 40 0 0 63176 8 8 0 0 0 0 0 0 20400 0 0 0 0
 4421 40 1 20384 0 69512 0 0 0 0 0 0 0 133912 0 0 0 0
 4432 40 2 16 70736 0 55584 8 0 0 0 0 0 137136 0 0 0 0
 4443 40 3 0 0 67616 0 39488 0 0 0 0 0 94144 0 0 0 0
 4454 40 4 0 0 0 38552 0 0 0 0 0 0 39496 0 0 0 0
 4465 40 5 0 0 0 0 0 0 0 0 0 0 0 0 0 0 0
 4476 40 6 0 0 0 0 0 0 0 0 0 0 0 0 0 0 0
 4487 40 7 0 0 0 0 0 0 0 0 0 0 0 0 0 0 0
 4498 40 8 0 0 0 0 0 0 0 0 0 0 0 0 0 0 0
 4509 40 9 0 0 0 0 0 0 0 0 0 0 0 0 0 0 0
 4520 41 0 0 288 0 0 0 0 0 0 0 0 64776 0 0 0 0
 4531 41 1 64768 0 56600 8 0 0 0 0 0 0 11176 0 0 0 0
 4542 41 2 8 10880 0 66544 0 0 0 0 0 0 116552 0 0 0 0
 4553 41 3 0 8 59928 0 38688 0 0 0 0 0 105992 0 0 0 0
 4564 41 4 0 0 24 39440 0 0 0 0 0 0 38688 0 0 0 0
 4575 41 5 0 0 0 0 0 0 0 0 0 0 0 0 0 0 0
 4586 41 6 0 0 0 0 0 0 0 0 0 0 0 0 0 0 0
 4597 41 7 0 0 0 0 0 0 0 0 0 0 0 0 0 0 0
 4608 41 8 0 0 0 0 0 0 0 0 0 0 0 0 0 0 0
 4619 41 9 0 0 0 0 0 0 0 0 0 0 0 0 0 0 0
 4630 42 0 0 66224 8 0 0 0 0 0 0 0 64664 0 0 0 0
 4641 42 1 64656 0 536 48 8 0 0 0 0 0 133624 0 0 0 0
 4652 42 2 0 67400 0 67392 0 0 0 0 0 0 9280 0 0 0 0
 4663 42 3 8 0 8736 0 34488 0 0 0 0 0 103544 0 0 0 0
 4674 42 4 0 0 0 36104 0 0 0 0 0 0 34496 0 0 0 0
 4685 42 5 0 0 0 0 0 0 0 0 0 0 0 0 0 0 0
 4696 42 6 0 0 0 0 0 0 0 0 0 0 0 0 0 0 0
 4707 42 7 0 0 0 0 0 0 0 0 0 0 0 0 0 0 0
 4718 42 8 0 0 0 0 0 0 0 0 0 0 0 0 0 0 0
 4729 42 9 0 0 0 0 0 0 0 0 0 0 0 0 0 0 0
 4740 43 0 0 70072 32 0 0 0 0 0 0 0 63688 0 0 0 0
 4751 43 1 63680 0 65104 0 0 0 0 0 0 0 137920 0 0 0 0
 4762 43 2 0 67848 0 8952 0 0 0 0 0 0 137600 0 0 0 0
 4773 43 3 8 0 72464 0 41264 0 0 0 0 0 11656 0 0 0 0
 4784 43 4 0 0 0 2704 0 0 0 0 0 0 41264 0 0 0 0
 4795 43 5 0 0 0 0 0 0 0 0 0 0 0 0 0 0 0
 4806 43 6 0 0 0 0 0 0 0 0 0 0 0 0 0 0 0
 4817 43 7 0 0 0 0 0 0 0 0 0 0 0 0 0 0 0
 4828 43 8 0 0 0 0 0 0 0 0 0 0 0 0 0 0 0
 4839 43 9 0 0 0 0 0 0 0 0 0 0 0 0 0 0 0
 4850 44 0 0 62856 24 0 0 0 0 0 0 0 74152 0 0 0 0
 4861 44 1 74152 0 70120 32 0 0 0 0 0 0 133552 0 0 0 0
 4872 44 2 0 70648 0 69864 0 0 0 0 0 0 133512 0 0 0 0
 4883 44 3 0 48 63344 0 8304 0 0 0 0 0 108824 0 0 0 0
 4894 44 4 0 0 24 38928 0 0 0 0 0 0 8304 0 0 0 0
 4905 44 5 0 0 0 0 0 0 0 0 0 0 0 0 0 0 0
 4916 44 6 0 0 0 0 0 0 0 0 0 0 0 0 0 0 0
 4927 44 7 0 0 0 0 0 0 0 0 0 0 0 0 0 0 0
 4938 44 8 0 0 0 0 0 0 0 0 0 0 0 0 0 0 0
 4949 44 9 0 0 0 0 0 0 0 0 0 0 0 0 0 0 0
 4960 45 0 0 79440 0 0 0 0 0 0 0 0 64272 0 0 0 0
 4971 45 1 64256 0 63864 8 0 0 0 0 0 0 149880 0 0 0 0
 4982 45 2 16 70432 0 65696 0 0 0 0 0 0 132136 0 0 0 0
 4993 45 3 0 8 68256 0 35952 0 0 0 0 0 101216 0 0 0 0
 5004 45 4 0 0 16 35512 0 0 0 0 0 0 35952 0 0 0 0
 5015 45 5 0 0 0 0 0 0 0 0 0 0 0 0 0 0 0
 5026 45 6 0 0 0 0 0 0 0 0 0 0 0 0 0 0 0
 5037 45 7 0 0 0 0 0 0 0 0 0 0 0 0 0 0 0
 5048 45 8 0 0 0 0 0 0 0 0 0 0 0 0 0 0 0
 5059 45 9 0 0 0 0 0 0 0 0 0 0 0 0 0 0 0
 5070 46 0 0 71224 8 0 0 0 0 0 0 0 63896 0 0 0 0
 5081 46 1 63896 0 71872 0 0 0 0 0 0 0 139032 0 0 0 0
 5092 46 2 0 67808 0 67168 8 0 0 0 0 0 140208 0 0 0 0
 5103 46 3 0 0 68312 0 29248 0 0 0 0 0 105216 0 0 0 0
 5114 46 4 0 0 16 38048 0 0 0 0 0 0 29256 0 0 0 0
 5125 46 5 0 0 0 0 0 0 0 0 0 0 0 0 0 0 0
 5136 46 6 0 0 0 0 0 0 0 0 0 0 0 0 0 0 0
 5147 46 7 0 0 0 0 0 0 0 0 0 0 0 0 0 0 0
 5158 46 8 0 0 0 0 0 0 0 0 0 0 0 0 0 0 0
 5169 46 9 0 0 0 0 0 0 0 0 0 0 0 0 0 0 0
 5180 47 0 0 71224 24 0 0 0 0 0 0 0 72696 0 0 0 0
 5191 47 1 72696 0 75160 56 0 0 0 0 0 0 145552 0 0 0 0
 5202 47 2 0 74312 0 64728 0 0 0 0 0 0 137280 0 0 0 0
 5213 47 3 0 16 62096 0 37040 0 0 0 0 0 104976 0 0 0 0
 5224 47 4 0 0 0 40192 0 0 0 0 0 0 37040 0 0 0 0
 5235 47 5 0 0 0 0 0 0 0 0 0 0 0 0 0 0 0
 5246 47 6 0 0 0 0 0 0 0 0 0 0 0 0 0 0 0
 5257 47 7 0 0 0 0 0 0 0 0 0 0 0 0 0 0 0
 5268 47 8 0 0 0 0 0 0 0 0 0 0 0 0 0 0 0
 5279 47 9 0 0 0 0 0 0 0 0 0 0 0 0 0 0 0
 5290 48 0 0 67936 8 0 0 0 0 0 0 0 67048 0 0 0 0
 5301 48 1 67048 0 68184 8 0 0 0 0 0 0 137232 0 0 0 0
 5312 48 2 0 69296 0 72776 0 0 0 0 0 0 139104 0 0 0 0
 5323 48 3 0 0 70904 0 44640 0 0 0 0 0 108712 0 0 0 0
 5334 48 4 0 0 8 35928 0 0 0 0 0 0 44640 0 0 0 0
 5345 48 5 0 0 0 0 0 0 0 0 0 0 0 0 0 0 0
 5356 48 6 0 0 0 0 0 0 0 0 0 0 0 0 0 0 0
 5367 48 7 0 0 0 0 0 0 0 0 0 0 0 0 0 0 0
 5378 48 8 0 0 0 0 0 0 0 0 0 0 0 0 0 0 0
 5389 48 9 0 0 0 0 0 0 0 0 0 0 0 0 0 0 0
 5400 49 0 0 67272 0 0 0 0 0 0 0 0 73120 0 0 0 0
 5411 49 1 73096 0 68512 32 24 0 0 0 0 0 128064 0 0 0 0
 5422 49 2 24 60768 0 66568 16 0 0 0 0 0 127960 0 0 0 0
 5433 49 3 0 24 59448 0 42136 0 0 0 0 0 105424 0 0 0 0
 5444 49 4 0 0 0 38824 0 0 0 0 0 0 42176 0 0 0 0
 5455 49 5 0 0 0 0 0 0 0 0 0 0 0 0 0 0 0
 5466 49 6 0 0 0 0 0 0 0 0 0 0 0 0 0 0 0
 5477 49 7 0 0 0 0 0 0 0 0 0 0 0 0 0 0 0
 5488 49 8 0 0 0 0 0 0 0 0 0 0 0 0 0 0 0
 5499 49 9 0 0 0 0 0 0 0 0 0 0 0 0 0 0 0
 5510 50 0 0 68776 24 0 0 0 0 0 0 0 72856 0 0 0 0
 5521 50 1 72800 0 72176 16 0 0 0 0 0 0 138592 0 0 0 0
 5532 50 2 56 69800 0 71696 0 0 0 0 0 0 135088 0 0 0 0
 5543 50 3 0 16 62872 0 39232 0 0 0 0 0 104096 0 0 0 0
 5554 50 4 0 0 16 32384 0 0 0 0 0 0 39232 0 0 0 0
 5565 50 5 0 0 0 0 0 0 0 0 0 0 0 0 0 0 0
 5576 50 6 0 0 0 0 0 0 0 0 0 0 0 0 0 0 0
 5587 50 7 0 0 0 0 0 0 0 0 0 0 0 0 0 0 0
 5598 50 8 0 0 0 0 0 0 0 0 0 0 0 0 0 0 0
 5609 50 9 0 0 0 0 0 0 0 0 0 0 0 0 0 0 0