# Format <LP ID> <Terminal ID> <Job ID> <Local Rank> <Total sends> <Total Recvs> <Bytes sent> <Bytes recvd> <Send time> <Comm. time> <Compute time> <Avg msg time> <Max Msg Time>
 0 0 0 0 478 478 379712 374336 6992799.346934 14743963.624596 816695890.000000 0.000000 0.000000
 1 1 0 1 832 832 502384 506272 55762520.603099 64456236.827845 767042391.000000 0.000000 0.000000
 2 2 0 2 566 566 503792 501008 66429354.948495 72643802.271011 758872619.000000 0.000000 0.000000
 3 3 0 3 840 840 510816 505344 285468899.181385 157131399.944997 674363699.000000 0.000000 0.000000
 4 4 0 4 464 464 506304 496032 34538210.668262 66786983.189388 764652252.000000 0.000000 0.000000
 11 5 0 5 386 386 376528 373792 10368057.073663 66319900.673988 765071214.000000 0.000000 0.000000
 12 6 0 6 654 654 509232 503040 200864192.889817 117440664.788040 714060173.000000 0.000000 0.000000
 13 7 0 7 790 790 629648 623648 117737216.541252 70376405.893831 761131215.000000 0.000000 0.000000
 14 8 0 8 1194 1194 641632 640528 29748642.383019 68309097.258462 763194045.000000 0.000000 0.000000
 15 9 0 9 1010 1010 628592 629120 13787854.438635 66533962.949158 764960474.000000 0.000000 0.000000
 22 10 0 10 956 956 630464 627536 5446692.803623 59727280.977511 771801106.000000 0.000000 0.000000
 23 11 0 11 528 528 502080 502656 115687256.087891 117957439.024640 713495802.000000 0.000000 0.000000
 24 12 0 12 1026 1026 507040 511216 178880043.570299 74330912.334931 758145711.000000 0.000000 0.000000
 25 13 0 13 1004 1004 633712 637312 215741184.956325 118595942.449863 712912094.000000 0.000000 0.000000
 26 14 0 14 1066 1066 637216 633856 9411042.079425 63720443.177068 767783111.000000 0.000000 0.000000
 33 15 0 15 1042 1042 635520 632544 188572512.714631 117068170.516777 714392356.000000 0.000000 0.000000
 34 16 0 16 978 978 631728 633312 6270150.763633 60840279.114352 770608169.000000 0.000000 0.000000
 35 17 0 17 628 628 509008 502912 240416321.392486 159136147.137723 672336136.000000 0.000000 0.000000
 36 18 0 18 756 756 510544 505744 84332274.011514 62914946.178883 768560535.000000 0.000000 0.000000
 37 19 0 19 1224 1224 637680 635664 256803095.686614 118051245.882026 713454762.000000 0.000000 0.000000
 44 20 0 20 1058 1058 637728 632304 86446133.022346 60241848.854764 771238388.000000 0.000000 0.000000
 45 21 0 21 708 708 633792 628800 334989915.329100 158614443.178535 672831064.000000 0.000000 0.000000
 46 22 0 22 1132 1132 633472 636928 61347615.198823 74172411.000033 757269167.000000 0.000000 0.000000
 47 23 0 23 740 740 503136 503376 10190556.880216 65321469.342151 766109427.000000 0.000000 0.000000
 48 24 0 24 664 664 502160 501872 54826535.971022 36422435.193439 795023928.000000 0.000000 0.000000
 55 25 0 25 674 674 633744 636432 102976683.615419 125603328.838507 705883225.000000 0.000000 0.000000
 56 26 0 26 1028 1028 634352 630848 155854288.401980 118004283.834219 713451020.000000 0.000000 0.000000
 57 27 0 27 1236 1236 639520 637600 14693023.313254 50437277.988981 780946680.000000 0.000000 0.000000
 58 28 0 28 878 878 636640 630160 170578423.336082 123457124.700696 707976179.000000 0.000000 0.000000
 59 29 0 29 690 690 509184 505872 330704721.566367 227454430.315465 603902049.000000 0.000000 0.000000
 66 30 0 30 646 646 382720 379504 44141479.559592 72037445.802427 759209355.000000 0.000000 0.000000
 67 31 0 31 768 768 502352 507968 301548268.043979 158663014.279500 672645071.000000 0.000000 0.000000
 68 32 0 32 670 670 502448 501248 81088819.191091 121651521.818260 709736060.000000 0.000000 0.000000
 69 33 0 33 794 794 508528 506320 444164594.294952 226839716.909176 604497546.000000 0.000000 0.000000
 70 34 0 34 676 676 505280 507824 55750769.403316 73987931.234671 757365393.000000 0.000000 0.000000
 77 35 0 35 516 516 376432 378304 125791543.610289 184824164.074960 647057523.000000 0.000000 0.000000
 78 36 0 36 650 650 506832 500784 498417899.576130 223592222.185854 607997547.000000 0.000000 0.000000
 79 37 0 37 1008 1008 624176 633488 103157587.981778 74996850.896270 756644398.000000 0.000000 0.000000
 80 38 0 38 886 886 634528 627184 487762380.548519 186368898.623981 646090548.000000 0.000000 0.000000
 81 39 0 39 726 726 627344 625760 421628696.523270 180391880.518455 651129057.000000 0.000000 0.000000
 88 40 0 40 1080 1080 633088 627424 135697299.400179 114453875.068950 717076821.000000 0.000000 0.000000
 89 41 0 41 804 804 508528 507328 388928893.470740 225567423.237652 605888360.000000 0.000000 0.000000
 90 42 0 42 996 996 631104 633792 395642914.530348 159164445.917507 673316533.000000 0.000000 0.000000
 91 43 0 43 1044 1044 757920 762576 329622467.335473 123890853.052569 707812452.000000 0.000000 0.000000
 92 44 0 44 1010 1010 763248 761664 31430961.059682 72669644.408101 758853698.000000 0.000000 0.000000
 99 45 0 45 1952 1952 772496 774320 497985551.684886 223621916.042056 608106236.000000 0.000000 0.000000
 100 46 0 46 998 998 754928 759008 254372486.816316 178996494.227152 652706295.000000 0.000000 0.000000
 101 47 0 47 1016 1016 634240 635488 220262904.478961 159912718.749580 672233209.000000 0.000000 0.000000
 102 48 0 48 858 858 633072 629184 61524245.589336 61282428.411431 771205243.000000 0.000000 0.000000
 103 49 0 49 1852 1852 770576 771728 799691390.921722 239383024.400352 593100174.000000 0.000000 0.000000
 110 50 0 50 1036 1036 756224 760544 469921119.449548 231489579.089652 600243037.000000 0.000000 0.000000
 111 51 0 51 1096 1096 759184 767632 459385281.209096 242193285.510998 589437937.000000 0.000000 0.000000
 112 52 0 52 1508 1508 764976 769008 298824588.246709 227348344.173535 604362413.000000 0.000000 0.000000
 113 53 0 53 704 704 623760 625344 485182773.276525 182458339.616582 649109675.000000 0.000000 0.000000
 114 54 0 54 708 708 631088 630992 11944202.211949 14045285.267146 818440668.000000 0.000000 0.000000
 121 55 0 55 1344 1344 765184 764800 33865676.160579 35110928.569813 796594149.000000 0.000000 0.000000
 122 56 0 56 1614 1614 762800 774128 308107844.095293 183043663.650786 648604208.000000 0.000000 0.000000
 123 57 0 57 1642 1642 774336 767760 609134181.390656 184380263.833061 647085551.000000 0.000000 0.000000
 124 58 0 58 1346 1346 758496 760512 368250385.835883 243329907.254182 588195262.000000 0.000000 0.000000
 125 59 0 59 1214 1214 640496 637136 124590039.086320 180049830.543337 651468909.000000 0.000000 0.000000
 132 60 0 60 926 926 635488 636784 502904345.502910 237125616.666139 594362798.000000 0.000000 0.000000
 133 61 0 61 954 954 760448 760688 490254450.576596 235600954.792408 595896548.000000 0.000000 0.000000
 134 62 0 62 1460 1460 760976 761840 587746869.911040 236734786.377658 594755941.000000 0.000000 0.000000
 135 63 0 63 1066 1066 761504 762656 458247749.757415 235643392.220277 595813770.000000 0.000000 0.000000
 136 64 0 64 1752 1752 771520 770080 518534563.907347 226050699.629028 605386612.000000 0.000000 0.000000
 143 65 0 65 1130 1130 629584 637984 342131722.366441 242948622.536598 588934979.000000 0.000000 0.000000
 144 66 0 66 718 718 503712 504912 361063856.451822 229870913.960320 601548077.000000 0.000000 0.000000
 145 67 0 67 670 670 625856 634496 395962251.920386 234290474.300676 597204964.000000 0.000000 0.000000
 146 68 0 68 1562 1562 647200 639568 19670362.109411 45075087.609746 786384479.000000 0.000000 0.000000
 147 69 0 69 780 780 627696 630960 338398941.442665 228513639.756872 602841595.000000 0.000000 0.000000
 154 70 0 70 884 884 632112 631392 294439882.194633 242189592.579103 589696219.000000 0.000000 0.000000
 155 71 0 71 704 704 503200 503872 247437552.852843 226809594.842686 605078384.000000 0.000000 0.000000
 156 72 0 72 848 848 512208 506160 268357695.664021 157256348.241636 674390039.000000 0.000000 0.000000
 157 73 0 73 1212 1212 630768 630672 11770748.873557 28421233.544262 804040071.000000 0.000000 0.000000
 158 74 0 74 1194 1194 637120 634864 355005957.674538 151836587.670794 680632112.000000 0.000000 0.000000
 165 75 0 75 682 682 631424 621872 142750250.984265 161852042.222007 670611911.000000 0.000000 0.000000
 166 76 0 76 944 944 628368 629616 22422864.489449 43153193.671294 788551505.000000 0.000000 0.000000
 167 77 0 77 602 602 504448 501568 379176332.648237 233887322.308337 598260518.000000 0.000000 0.000000
 168 78 0 78 942 942 634640 632528 58557236.014016 50256000.665742 781769533.000000 0.000000 0.000000
 169 79 0 79 968 968 758752 756064 902646444.593542 227551210.001388 604163049.000000 0.000000 0.000000
 176 80 0 80 1024 1024 757440 759024 83715380.060848 55754765.748476 776711502.000000 0.000000 0.000000
 177 81 0 81 1454 1454 762912 764400 195675656.341269 181607119.113159 650131936.000000 0.000000 0.000000
 178 82 0 82 1544 1544 769936 772144 450734831.879840 224706323.739198 607443728.000000 0.000000 0.000000
 179 83 0 83 1078 1078 633808 634048 652020217.480766 230479196.871567 601675330.000000 0.000000 0.000000
 180 84 0 84 1054 1054 632272 636880 406347415.510779 189509801.360089 642978458.000000 0.000000 0.000000
 187 85 0 85 1702 1702 763456 764992 422744843.175611 117278247.838876 714458894.000000 0.000000 0.000000
 188 86 0 86 1096 1096 769744 758848 387833117.224454 224201130.194407 607542806.000000 0.000000 0.000000
 189 87 0 87 1548 1548 765776 767888 909201347.901774 227305901.076007 604435671.000000 0.000000 0.000000
 190 88 0 88 1014 1014 752480 756128 190405535.585829 220395967.354330 611326093.000000 0.000000 0.000000
 191 89 0 89 1390 1390 643456 643168 309919973.274358 241101852.582582 591050605.000000 0.000000 0.000000
 198 90 0 90 1628 1628 639792 643248 189026755.832189 185558777.867334 646148561.000000 0.000000 0.000000
 199 91 0 91 1666 1666 772480 776464 578221696.481500 228036931.895011 603679498.000000 0.000000 0.000000
 200 92 0 92 1722 1722 764720 766832 158617572.902776 176609712.209154 655132148.000000 0.000000 0.000000
 201 93 0 93 1458 1458 764800 769120 189782682.711252 189576990.231902 642073414.000000 0.000000 0.000000
 202 94 0 94 1538 1538 762832 763408 562432361.544554 239417716.971684 592299966.000000 0.000000 0.000000
 209 95 0 95 740 740 628560 629424 358584420.216613 231931148.640616 599639680.000000 0.000000 0.000000
 210 96 0 96 992 992 636784 632080 476490270.387400 177583173.296509 653838124.000000 0.000000 0.000000
 211 97 0 97 1456 1456 759536 767456 163910868.689821 116889187.653195 714825174.000000 0.000000 0.000000
 212 98 0 98 1050 1050 757648 756352 5396397.407738 37373007.334904 794279802.000000 0.000000 0.000000
 213 99 0 99 1584 1584 773504 767936 23147037.683042 50007977.140422 781391453.000000 0.000000 0.000000
 220 100 0 100 1012 1012 752656 757504 105865192.473701 126785621.861215 704744694.000000 0.000000 0.000000
 221 101 0 101 1028 1028 637200 636000 70372765.393687 118637843.119568 712886368.000000 0.000000 0.000000
 222 102 0 102 822 822 504432 505200 96058368.100344 163850238.394809 667511375.000000 0.000000 0.000000
 223 103 0 103 724 724 630896 630752 293218141.692076 120375305.453557 711045200.000000 0.000000 0.000000
 224 104 0 104 1170 1170 635392 630928 379136762.033832 163923204.920942 667463315.000000 0.000000 0.000000
 231 105 0 105 1080 1080 627600 634848 58862372.369005 72559561.598990 758838194.000000 0.000000 0.000000
 232 106 0 106 1034 1034 628688 630656 280816224.399977 181369191.099671 650005248.000000 0.000000 0.000000
 233 107 0 107 736 736 504896 505472 63140196.194394 124692205.890050 707196409.000000 0.000000 0.000000
 234 108 0 108 748 748 505968 506112 289134434.812665 226763860.466560 605263629.000000 0.000000 0.000000
 235 109 0 109 1266 1266 640096 637120 469932550.459913 224155442.446566 607495798.000000 0.000000 0.000000
 242 110 0 110 882 882 626944 630880 85721286.687359 59724914.613971 772744375.000000 0.000000 0.000000
 243 111 0 111 884 884 630400 625072 459724974.730120 230429256.716128 601125781.000000 0.000000 0.000000
 244 112 0 112 1132 1132 637584 634800 202807709.735871 117532796.498302 713952281.000000 0.000000 0.000000
 245 113 0 113 496 496 503952 498384 29764572.585533 51959364.679048 779481022.000000 0.000000 0.000000
 246 114 0 114 668 668 625664 621584 341031382.182745 220996724.575590 611037454.000000 0.000000 0.000000
 253 115 0 115 1482 1482 762320 770384 369419270.820453 125769057.271349 706682779.000000 0.000000 0.000000
 254 116 0 116 1732 1732 776432 773456 322567763.690500 171432855.899508 661025762.000000 0.000000 0.000000
 255 117 0 117 2020 2020 764192 770144 290828068.995014 179496168.226195 652957976.000000 0.000000 0.000000
 256 118 0 118 1038 1038 756176 758672 61434390.726915 78468252.439848 753241457.000000 0.000000 0.000000
 257 119 0 119 854 854 633344 631952 404228530.310715 185685924.051574 646469194.000000 0.000000 0.000000
 264 120 0 120 1318 1318 641840 636224 494981703.655965 183532675.813416 648499433.000000 0.000000 0.000000
 265 121 0 121 1494 1494 762304 756544 461179087.692980 237826568.101872 593871454.000000 0.000000 0.000000
 266 122 0 122 1114 1114 760736 755984 629346993.331482 188068803.097787 644387748.000000 0.000000 0.000000
 267 123 0 123 1504 1504 760528 758992 162812147.203854 187050442.714802 644587222.000000 0.000000 0.000000
 268 124 0 124 1284 1284 761312 759584 11660524.196561 41686900.221403 790035750.000000 0.000000 0.000000
 275 125 0 125 962 962 636848 631280 22082640.346102 56265678.327850 775307858.000000 0.000000 0.000000
 276 126 0 126 772 772 632336 628784 749138802.769950 242441485.319927 589054438.000000 0.000000 0.000000
 277 127 0 127 1444 1444 766352 761504 264558013.806550 239936634.600875 591780388.000000 0.000000 0.000000
 278 128 0 128 1086 1086 754992 754464 342667966.400554 242192044.088736 589463426.000000 0.000000 0.000000
 279 129 0 129 1474 1474 763632 759936 1018443304.639758 239240489.798771 592297471.000000 0.000000 0.000000
 286 130 0 130 1666 1666 765712 766912 208515532.259423 231787187.852845 599745434.000000 0.000000 0.000000
 287 131 0 131 1270 1270 636032 633968 213064673.340185 229136222.564619 602390332.000000 0.000000 0.000000
 288 132 0 132 1168 1168 634896 636192 428917020.997714 228092778.255306 603346439.000000 0.000000 0.000000
 289 133 0 133 1854 1854 761120 771488 68455797.883965 54504092.168320 776995561.000000 0.000000 0.000000
 290 134 0 134 1530 1530 769872 767184 22326293.858914 43526645.129338 787986704.000000 0.000000 0.000000
 297 135 0 135 1688 1688 763888 770032 418188886.460165 180537547.256930 650966543.000000 0.000000 0.000000
 298 136 0 136 1006 1006 760800 759840 624769904.830569 234911708.756774 596597563.000000 0.000000 0.000000
 299 137 0 137 1182 1182 634784 635504 176892006.768005 225224310.833345 606212316.000000 0.000000 0.000000
 300 138 0 138 774 774 507168 509328 502568761.143869 238664223.021551 592713543.000000 0.000000 0.000000
 301 139 0 139 1064 1064 636640 635920 478397875.658741 231030821.360832 600411601.000000 0.000000 0.000000
 308 140 0 140 676 676 622560 624000 315934685.595470 229392456.095944 602050026.000000 0.000000 0.000000
 309 141 0 141 1082 1082 628464 633840 451214613.290055 241626329.296165 589812591.000000 0.000000 0.000000
 310 142 0 142 958 958 630512 629792 518321990.495501 235317070.627608 596116442.000000 0.000000 0.000000
 311 143 0 143 544 544 503920 504304 163251277.117070 241906217.160228 589481718.000000 0.000000 0.000000
 312 144 0 144 942 942 510096 503760 13995003.916086 47949678.660254 783548375.000000 0.000000 0.000000
 319 145 0 145 754 754 622736 619376 286089726.280212 239934518.423947 591829365.000000 0.000000 0.000000
 320 146 0 146 1178 1178 634096 629584 241458864.657524 227716454.626945 603890369.000000 0.000000 0.000000
 321 147 0 147 682 682 628752 626448 308387318.881613 238503157.505893 593112403.000000 0.000000 0.000000
 322 148 0 148 930 930 627856 633328 418667544.988355 235257665.415856 596289517.000000 0.000000 0.000000
 323 149 0 149 748 748 505344 501600 253721034.545931 227450081.460742 604039512.000000 0.000000 0.000000
 330 150 0 150 904 904 632336 626816 288455556.479578 239527221.938029 592507592.000000 0.000000 0.000000
 331 151 0 151 1574 1574 765968 773168 475910214.027514 240979391.312829 590793095.000000 0.000000 0.000000
 332 152 0 152 1064 1064 754272 764784 349173809.197795 239661788.311850 592797465.000000 0.000000 0.000000
 333 153 0 153 1022 1022 759280 756832 7808553.889272 54395066.172342 777229183.000000 0.000000 0.000000
 334 154 0 154 1392 1392 762240 769488 427654199.365780 237470114.412303 594149660.000000 0.000000 0.000000
 341 155 0 155 732 732 634656 634608 659169608.445461 229586776.403252 601962336.000000 0.000000 0.000000
 342 156 0 156 1096 1096 634208 637280 301049424.812740 239089941.848324 592446573.000000 0.000000 0.000000
 343 157 0 157 1082 1082 768768 762288 250913744.429109 238701292.140250 593069125.000000 0.000000 0.000000
 344 158 0 158 1540 1540 765264 764496 697541451.464952 236253586.060331 595390790.000000 0.000000 0.000000
 345 159 0 159 1070 1070 763200 758112 344982157.435953 244319284.704968 587318306.000000 0.000000 0.000000
 352 160 0 160 1070 1070 762960 761328 202682216.128879 232578371.659043 598975361.000000 0.000000 0.000000
 353 161 0 161 1002 1002 632368 633280 350720653.817013 234646410.963419 596894113.000000 0.000000 0.000000
 354 162 0 162 736 736 629648 627632 266879743.735625 226393584.820016 605129250.000000 0.000000 0.000000
 355 163 0 163 972 972 751936 758272 755747144.244842 234085891.772008 597453030.000000 0.000000 0.000000
 356 164 0 164 1762 1762 769920 774192 372529465.552308 240582862.262504 591059447.000000 0.000000 0.000000
 363 165 0 165 1684 1684 764032 766672 325546150.659215 233549765.464509 597993650.000000 0.000000 0.000000
 364 166 0 166 1410 1410 760896 762960 518808754.198886 239123759.208543 592421474.000000 0.000000 0.000000
 365 167 0 167 948 948 629584 631648 260565338.760660 236649753.028074 594846172.000000 0.000000 0.000000
 366 168 0 168 954 954 636928 635248 6495934.893885 28958225.680484 802504146.000000 0.000000 0.000000
 367 169 0 169 1270 1270 764064 762480 734107826.112479 223635737.352172 607848660.000000 0.000000 0.000000
 374 170 0 170 1506 1506 759744 761376 25140450.938238 44573173.276820 786953171.000000 0.000000 0.000000
 375 171 0 171 980 980 753952 755872 6424047.876063 38056424.460814 793469188.000000 0.000000 0.000000
 376 172 0 172 1702 1702 767456 772976 100748998.872227 121026484.251921 710474154.000000 0.000000 0.000000
 377 173 0 173 846 846 628224 633456 243468504.346618 236475371.585205 594977703.000000 0.000000 0.000000
 378 174 0 174 644 644 504432 504480 451536880.610064 239666033.137355 591771534.000000 0.000000 0.000000
 385 175 0 175 898 898 629008 630592 173194670.973932 77633525.469562 753831248.000000 0.000000 0.000000
 386 176 0 176 1394 1394 646064 640832 395852348.958764 182054731.236566 649868608.000000 0.000000 0.000000
 387 177 0 177 1448 1448 639376 642640 150596702.996202 179545035.437193 651926151.000000 0.000000 0.000000
 388 178 0 178 1090 1090 632064 636576 250141047.156076 184423121.442805 647025429.000000 0.000000 0.000000
 389 179 0 179 964 964 511216 509680 237653835.913196 227074027.564969 604859591.000000 0.000000 0.000000
 396 180 0 180 654 654 386480 380576 305274707.956381 235895996.381945 595556320.000000 0.000000 0.000000
 397 181 0 181 654 654 503696 504848 407928370.573875 183004301.160318 648476104.000000 0.000000 0.000000
 398 182 0 182 734 734 505232 506288 162100353.821144 188517536.006592 643060515.000000 0.000000 0.000000
 399 183 0 183 1032 1032 513760 510208 217636524.967589 161160479.682945 670314894.000000 0.000000 0.000000
 400 184 0 184 778 778 507072 502992 188609427.741416 231440407.987500 600051984.000000 0.000000 0.000000
 407 185 0 185 726 726 379568 380288 155477387.619510 161506654.482246 669876580.000000 0.000000 0.000000
 408 186 0 186 784 784 508000 504880 148006818.863840 182718111.011586 648781901.000000 0.000000 0.000000
 409 187 0 187 1380 1380 636608 637856 408964973.761447 233213454.876935 598559271.000000 0.000000 0.000000
 410 188 0 188 690 690 625216 626992 390507523.846472 162771906.473417 668844185.000000 0.000000 0.000000
 411 189 0 189 682 682 624640 625600 321805904.804551 231004004.909319 600620482.000000 0.000000 0.000000
 418 190 0 190 1206 1206 640240 635248 633547382.413044 228447611.546831 603103811.000000 0.000000 0.000000
 419 191 0 191 728 728 501328 505264 184133876.786550 229833744.727021 601626445.000000 0.000000 0.000000
 420 192 0 192 722 722 504384 505824 6372067.287575 40211684.381863 791313461.000000 0.000000 0.000000
 421 193 0 193 1064 1064 630992 636752 40056894.198296 74237009.473873 757304220.000000 0.000000 0.000000
 422 194 0 194 972 972 633456 631440 364850548.671015 227921984.736933 603722631.000000 0.000000 0.000000
 429 195 0 195 1156 1156 639328 635680 331874415.636719 228739012.320990 602806714.000000 0.000000 0.000000
 430 196 0 196 788 788 623344 629008 237307266.144652 237490551.201708 594057012.000000 0.000000 0.000000
 431 197 0 197 884 884 509120 511712 72025201.578002 121735979.266003 709675798.000000 0.000000 0.000000
 432 198 0 198 950 950 506496 506832 195230939.733223 164851475.442870 666599174.000000 0.000000 0.000000
 433 199 0 199 1086 1086 637728 640224 202163844.381641 161434172.813450 670052538.000000 0.000000 0.000000
 440 200 0 200 1188 1188 639888 638736 292379629.901311 120898141.450436 710630907.000000 0.000000 0.000000
 441 201 0 201 1102 1102 635808 634752 128109356.296933 120541186.298281 710987086.000000 0.000000 0.000000
 442 202 0 202 1612 1612 640704 639600 416055730.299939 226784214.784377 604719130.000000 0.000000 0.000000
 443 203 0 203 694 694 506704 504256 5904629.291296 119756149.552884 711680562.000000 0.000000 0.000000
 444 204 0 204 934 934 504896 508400 98819851.513439 124178032.145475 707237879.000000 0.000000 0.000000
 451 205 0 205 896 896 633104 633152 484465372.802545 187467168.510302 644000311.000000 0.000000 0.000000
 452 206 0 206 1174 1174 626864 633632 457730868.072134 183311581.412006 648613665.000000 0.000000 0.000000
 453 207 0 207 804 804 630752 631856 43737488.545318 77510982.210099 753962904.000000 0.000000 0.000000
 454 208 0 208 970 970 635776 635968 125666560.508276 117884086.500193 713569390.000000 0.000000 0.000000
 455 209 0 209 606 606 507216 505296 270521630.845856 232073307.316139 599862227.000000 0.000000 0.000000
 462 210 0 210 464 464 377376 377184 295781501.778350 162385191.699693 668963302.000000 0.000000 0.000000
 463 211 0 211 736 736 501488 503840 272712218.060346 186981490.752473 644945966.000000 0.000000 0.000000
 464 212 0 212 866 866 503504 507824 18392493.446598 48439010.429396 783490615.000000 0.000000 0.000000
 465 213 0 213 776 776 501200 504656 443160640.864008 237542954.137725 594386814.000000 0.000000 0.000000
 466 214 0 214 576 576 500176 504832 274124669.882177 235391413.321371 596546427.000000 0.000000 0.000000
 473 215 0 215 468 468 375408 379872 262567151.945579 227079277.909037 604858323.000000 0.000000 0.000000