# Format <LP ID> <Group ID> <Router ID> <Link traffic per router port(s)># Router ports in the order: 10 local channels, 5 global channels
 10 0 0 0 645984 141768 37720 11232 8776 7536 522936 158584 59608 70088 60272 75136 61416 73224
 21 0 1 636272 0 778632 444128 348360 369096 349944 362896 914016 839920 2840312 56 64 80 64
 32 0 2 138456 780080 0 749152 175520 57080 41008 50008 77408 608040 226968 66728 63456 68536 63256
 43 0 3 42680 447200 744360 0 754160 210896 84064 76872 86416 151224 179528 66592 65008 67112 64032
 54 0 4 39168 334664 175872 741136 0 712416 204672 84160 89616 135648 110064 69904 69856 65880 65352
 65 0 5 37840 344544 51656 211552 717840 0 599320 205032 83088 121328 72552 65576 69992 68576 71840
 76 0 6 38832 318112 49856 76552 207096 593128 0 200536 89152 127816 62760 61672 70128 56400 69064
 87 0 7 546152 330968 50608 80040 77832 199336 199208 0 585688 247248 64928 71904 72000 73768 74552
 98 0 8 191536 879264 87088 90792 86872 85888 81656 584248 0 747232 61632 70016 74184 63600 71032
 109 0 9 101784 807728 600560 141272 125320 129584 120936 254104 754224 0 58568 67176 61056 72120 67664
 120 1 0 0 1157816 588696 478560 482792 475344 482408 721872 290040 182960 2716840 85272 89544 89008 81296
 131 1 1 1018632 0 586320 196160 88352 68664 64488 81464 565496 207864 132760 138376 138560 133520 130376
 142 1 2 548104 618032 0 1100072 522976 440008 450712 420104 516176 1266344 2863904 67936 68304 70280 60000
 153 1 3 450784 244432 1058304 0 442376 153136 144424 126176 141816 193896 266504 139200 144976 134248 134936
 164 1 4 439616 126624 531984 447616 0 525384 284248 136504 130360 157344 175624 134480 144080 132688 141552
 175 1 5 445104 122784 408920 159192 529360 0 779688 252472 123256 159320 132784 137984 134288 141592 123456
 186 1 6 448656 123072 411904 151856 284776 765536 0 751400 252304 158688 133632 129480 121552 132736 143704
 197 1 7 716896 122144 402520 131760 135536 243072 748240 0 606192 257712 138112 138200 134664 123456 135384
 208 1 8 299192 592192 472768 140576 128208 131288 256352 595064 0 758800 144336 146696 133320 130864 128720
 219 1 9 187352 276912 1189232 190032 160256 160888 161248 252592 757344 0 133080 131568 138032 134408 128104
 230 2 0 0 1140488 132568 176688 164104 163768 186912 637720 277008 157024 226840 137632 129072 130200 125128
 241 2 1 1189072 0 648392 604040 453584 449312 435200 202568 612688 256680 2820624 79744 83464 77968 67088
 252 2 2 68824 572040 0 761640 198608 90256 61688 53520 62720 575152 130352 132936 136912 141952 134992
 263 2 3 178520 571816 830936 0 999752 571080 482784 435792 485928 762520 2765608 80184 73752 76064 64408
 274 2 4 168856 415840 250584 995688 0 785312 292080 131312 124008 147456 190840 132568 128080 148720 132112
 285 2 5 165816 415088 124288 572944 770528 0 781784 254944 120592 152072 139304 128640 131488 125120 129880
 296 2 6 181216 404480 124048 455880 288304 757792 0 752616 262760 163808 133856 132944 122040 131760 138728
 307 2 7 634024 188984 92112 412944 142640 251408 748368 0 595528 119640 126168 134904 127696 142280 133208
 318 2 8 274760 615248 99480 436080 129320 133456 249688 590720 0 241960 143120 124808 133696 147152 136416
 329 2 9 173392 255000 626808 698504 156232 148048 160688 133408 243544 0 126456 135208 137888 140912 120864
 340 3 0 0 826488 788584 151808 154648 152808 144096 583824 224104 131648 183752 107616 100448 98056 97232
 351 3 1 819552 0 1121520 260896 146888 126472 86400 87104 555040 244872 264672 101536 105456 100136 99344
 362 3 2 830720 1150648 0 1070496 643088 435632 379664 130664 99056 603320 2739288 45400 47176 44160 42152
 373 3 3 125296 222656 995040 0 980184 235192 80024 80240 83400 112432 101424 98016 99856 96640 109624
 384 3 4 154608 146568 616968 1066776 0 1083096 120768 85960 140760 461696 1465896 70280 67024 79408 79216
 395 3 5 155384 131560 414592 284416 1047704 0 119048 88528 93888 131176 105848 96040 99080 94440 103920
 406 3 6 142840 91944 347424 109208 118312 113976 0 682728 181784 87456 101648 99464 106280 103872 90640
 417 3 7 583416 87032 124112 85832 91016 82960 677056 0 651288 187968 98624 110024 96552 97008 107672
 428 3 8 234504 553640 89080 91696 147400 87992 178128 642232 0 687504 103568 99928 109712 104528 99752
 439 3 9 140144 228792 594400 160360 411664 134768 80304 187784 687600 0 105200 109064 100960 114672 99368
 450 4 0 0 846488 255256 684480 86888 88592 86536 85512 82448 85888 107704 34264 37408 32504 36608
 461 4 1 831072 0 673040 528656 47264 46776 41856 52856 50712 45168 180032 35056 38888 32680 36488
 472 4 2 248024 669240 0 516432 35040 39400 40520 38976 39528 40944 178552 40768 31000 37176 33808
 483 4 3 749792 539672 521600 0 7160 7240 8960 7712 7096 8384 1498912 1600 2048 2048 3144
 494 4 4 21800 34696 14552 1024 0 0 0 0 0 0 33816 38752 32856 34456 35688
 505 4 5 91352 44808 40408 9544 0 0 0 0 0 0 35736 36704 40216 34808 34064
 516 4 6 80512 45704 39192 7536 0 0 0 0 0 0 31528 39200 31904 34576 40248
 527 4 7 88952 47824 39320 6984 0 0 0 0 0 0 34328 39224 35824 35984 39600
 538 4 8 88376 47112 47624 7424 0 0 0 0 0 0 37576 35496 36776 35584 36168
 549 4 9 94360 52680 43432 5480 0 0 0 0 0 0 39864 35328 34016 34912 37856
 560 5 0 0 73416 0 0 0 0 0 0 0 0 67592 0 0 0 0
 571 5 1 67584 0 66232 16 0 0 0 0 0 0 143328 0 0 0 0
 582 5 2 8 69888 0 70504 8 0 0 0 0 0 138968 0 0 0 0
 593 5 3 0 24 72704 0 32968 0 0 0 0 0 107272 0 0 0 0
 604 5 4 0 0 32 36752 0 0 0 0 0 0 32976 0 0 0 0
 615 5 5 0 0 0 0 0 0 0 0 0 0 0 0 0 0 0
 626 5 6 0 0 0 0 0 0 0 0 0 0 0 0 0 0 0
 637 5 7 0 0 0 0 0 0 0 0 0 0 0 0 0 0 0
 648 5 8 0 0 0 0 0 0 0 0 0 0 0 0 0 0 0
 659 5 9 0 0 0 0 0 0 0 0 0 0 0 0 0 0 0
 670 6 0 0 63096 0 0 0 0 0 0 0 0 67336 0 0 0 0
 681 6 1 67320 0 68992 40 0 0 0 0 0 0 129064 0 0 0 0
 692 6 2 16 65952 0 69400 16 0 0 0 0 0 135856 0 0 0 0
 703 6 3 0 16 66864 0 35040 0 0 0 0 0 101264 0 0 0 0
 714 6 4 0 0 0 31824 0 0 0 0 0 0 35056 0 0 0 0
 725 6 5 0 0 0 0 0 0 0 0 0 0 0 0 0 0 0
 736 6 6 0 0 0 0 0 0 0 0 0 0 0 0 0 0 0
 747 6 7 0 0 0 0 0 0 0 0 0 0 0 0 0 0 0
 758 6 8 0 0 0 0 0 0 0 0 0 0 0 0 0 0 0
 769 6 9 0 0 0 0 0 0 0 0 0 0 0 0 0 0 0
 780 7 0 0 66160 0 0 0 0 0 0 0 0 67888 0 0 0 0
 791 7 1 67872 0 72176 8 0 0 0 0 0 0 130352 0 0 0 0
 802 7 2 16 64176 0 63712 0 0 0 0 0 0 136976 0 0 0 0
 813 7 3 0 16 64800 0 34360 0 0 0 0 0 98136 0 0 0 0
 824 7 4 0 0 0 34416 0 0 0 0 0 0 34360 0 0 0 0
 835 7 5 0 0 0 0 0 0 0 0 0 0 0 0 0 0 0
 846 7 6 0 0 0 0 0 0 0 0 0 0 0 0 0 0 0
 857 7 7 0 0 0 0 0 0 0 0 0 0 0 0 0 0 0
 868 7 8 0 0 0 0 0 0 0 0 0 0 0 0 0 0 0
 879 7 9 0 0 0 0 0 0 0 0 0 0 0 0 0 0 0
 890 8 0 0 62832 8 0 0 0 0 0 0 0 74024 0 0 0 0
 901 8 1 74008 0 70904 8 0 0 0 0 0 0 130600 0 0 0 0
 912 8 2 16 67760 0 76312 8 0 0 0 0 0 134896 0 0 0 0
 923 8 3 0 8 63976 0 40096 0 0 0 0 0 113888 0 0 0 0
 934 8 4 0 0 8 37568 0 0 0 0 0 0 40104 0 0 0 0
 945 8 5 0 0 0 0 0 0 0 0 0 0 0 0 0 0 0
 956 8 6 0 0 0 0 0 0 0 0 0 0 0 0 0 0 0
 967 8 7 0 0 0 0 0 0 0 0 0 0 0 0 0 0 0
 978 8 8 0 0 0 0 0 0 0 0 0 0 0 0 0 0 0
 989 8 9 0 0 0 0 0 0 0 0 0 0 0 0 0 0 0
 1000 9 0 0 59536 16 0 0 0 0 0 0 0 64704 0 0 0 0
 1011 9 1 64688 0 69344 0 0 0 0 0 0 0 126728 0 0 0 0
 1022 9 2 16 67168 0 61304 0 0 0 0 0 0 138280 0 0 0 0
 1033 9 3 0 24 68920 0 37488 0 0 0 0 0 101168 0 0 0 0
 1044 9 4 0 0 0 39864 0 0 0 0 0 0 37488 0 0 0 0
 1055 9 5 0 0 0 0 0 0 0 0 0 0 0 0 0 0 0
 1066 9 6 0 0 0 0 0 0 0 0 0 0 0 0 0 0 0
 1077 9 7 0 0 0 0 0 0 0 0 0 0 0 0 0 0 0
 1088 9 8 0 0 0 0 0 0 0 0 0 0 0 0 0 0 0
 1099 9 9 0 0 0 0 0 0 0 0 0 0 0 0 0 0 0
 1110 10 0 0 60880 0 0 0 0 0 0 0 0 19568 0 0 0 0
 1121 10 1 19568 0 66184 16 0 0 0 0 0 0 131264 0 0 0 0
 1132 10 2 0 70376 0 69384 0 0 0 0 0 0 132352 0 0 0 0
 1143 10 3 0 8 66168 0 41640 0 0 0 0 0 104192 0 0 0 0
 1154 10 4 0 0 0 34792 0 0 0 0 0 0 41640 0 0 0 0
 1165 10 5 0 0 0 0 0 0 0 0 0 0 0 0 0 0 0
 1176 10 6 0 0 0 0 0 0 0 0 0 0 0 0 0 0 0
 1187 10 7 0 0 0 0 0 0 0 0 0 0 0 0 0 0 0
 1198 10 8 0 0 0 0 0 0 0 0 0 0 0 0 0 0 0
 1209 10 9 0 0 0 0 0 0 0 0 0 0 0 0 0 0 0
 1220 11 0 0 16 40 0 0 0 0 0 0 0 66664 0 0 0 0
 1231 11 1 66664 0 73312 0 0 0 0 0 0 0 13400 0 0 0 0
 1242 11 2 0 13384 0 67736 16 0 0 0 0 0 139872 0 0 0 0
 1253 11 3 0 0 66520 0 35888 0 0 0 0 0 102936 0 0 0 0
 1264 11 4 0 0 0 35200 0 0 0 0 0 0 35904 0 0 0 0
 1275 11 5 0 0 0 0 0 0 0 0 0 0 0 0 0 0 0
 1286 11 6 0 0 0 0 0 0 0 0 0 0 0 0 0 0 0
 1297 11 7 0 0 0 0 0 0 0 0 0 0 0 0 0 0 0
 1308 11 8 0 0 0 0 0 0 0 0 0 0 0 0 0 0 0
 1319 11 9 0 0 0 0 0 0 0 0 0 0 0 0 0 0 0
 1330 12 0 0 67120 8 0 0 0 0 0 0 0 66688 0 0 0 0
 1341 12 1 66688 0 1576 16 8 0 0 0 0 0 138184 0 0 0 0
 1352 12 2 0 71064 0 63160 0 0 0 0 0 0 10600 0 0 0 0
 1363 12 3 0 0 9016 0 36808 0 0 0 0 0 104016 0 0 0 0
 1374 12 4 0 0 0 40840 0 0 0 0 0 0 36816 0 0 0 0
 1385 12 5 0 0 0 0 0 0 0 0 0 0 0 0 0 0 0
 1396 12 6 0 0 0 0 0 0 0 0 0 0 0 0 0 0 0
 1407 12 7 0 0 0 0 0 0 0 0 0 0 0 0 0 0 0
 1418 12 8 0 0 0 0 0 0 0 0 0 0 0 0 0 0 0
 1429 12 9 0 0 0 0 0 0 0 0 0 0 0 0 0 0 0
 1440 13 0 0 67680 40 0 0 0 0 0 0 0 71768 0 0 0 0
 1451 13 1 71768 0 69592 0 0 0 0 0 0 0 138824 0 0 0 0
 1462 13 2 0 71136 0 9424 0 0 0 0 0 0 132800 0 0 0 0
 1473 13 3 0 8 63168 0 35120 0 0 0 0 0 11024 0 0 0 0
 1484 13 4 0 0 0 1600 0 0 0 0 0 0 35120 0 0 0 0
 1495 13 5 0 0 0 0 0 0 0 0 0 0 0 0 0 0 0
 1506 13 6 0 0 0 0 0 0 0 0 0 0 0 0 0 0 0
 1517 13 7 0 0 0 0 0 0 0 0 0 0 0 0 0 0 0
 1528 13 8 0 0 0 0 0 0 0 0 0 0 0 0 0 0 0
 1539 13 9 0 0 0 0 0 0 0 0 0 0 0 0 0 0 0
 1550 14 0 0 70408 0 0 0 0 0 0 0 0 64864 0 0 0 0
 1561 14 1 64856 0 71280 16 0 0 0 0 0 0 142240 0 0 0 0
 1572 14 2 8 71824 0 62816 0 0 0 0 0 0 134016 0 0 0 0
 1583 14 3 0 8 62728 0 9016 0 0 0 0 0 102592 0 0 0 0
 1594 14 4 0 0 8 39760 0 0 0 0 0 0 9016 0 0 0 0
 1605 14 5 0 0 0 0 0 0 0 0 0 0 0 0 0 0 0
 1616 14 6 0 0 0 0 0 0 0 0 0 0 0 0 0 0 0
 1627 14 7 0 0 0 0 0 0 0 0 0 0 0 0 0 0 0
 1638 14 8 0 0 0 0 0 0 0 0 0 0 0 0 0 0 0
 1649 14 9 0 0 0 0 0 0 0 0 0 0 0 0 0 0 0
 1660 15 0 0 66824 16 0 0 0 0 0 0 0 69584 0 0 0 0
 1671 15 1 69576 0 70400 24 0 0 0 0 0 0 132336 0 0 0 0
 1682 15 2 0 65496 0 63296 8 0 0 0 0 0 127024 0 0 0 0
 1693 15 3 8 16 56600 0 39688 0 0 0 0 0 100528 0 0 0 0
 1704 15 4 0 0 8 37208 0 0 0 0 0 0 39696 0 0 0 0
 1715 15 5 0 0 0 0 0 0 0 0 0 0 0 0 0 0 0
 1726 15 6 0 0 0 0 0 0 0 0 0 0 0 0 0 0 0
 1737 15 7 0 0 0 0 0 0 0 0 0 0 0 0 0 0 0
 1748 15 8 0 0 0 0 0 0 0 0 0 0 0 0 0 0 0
 1759 15 9 0 0 0 0 0 0 0 0 0 0 0 0 0 0 0
 1770 16 0 0 62400 0 0 0 0 0 0 0 0 66024 0 0 0 0
 1781 16 1 66024 0 65352 0 16 0 0 0 0 0 128704 0 0 0 0
 1792 16 2 0 66304 0 67576 0 0 0 0 0 0 127904 0 0 0 0
 1803 16 3 0 0 62552 0 38424 0 0 0 0 0 106992 0 0 0 0
 1814 16 4 0 0 0 39416 0 0 0 0 0 0 38440 0 0 0 0
 1825 16 5 0 0 0 0 0 0 0 0 0 0 0 0 0 0 0
 1836 16 6 0 0 0 0 0 0 0 0 0 0 0 0 0 0 0
 1847 16 7 0 0 0 0 0 0 0 0 0 0 0 0 0 0 0
 1858 16 8 0 0 0 0 0 0 0 0 0 0 0 0 0 0 0
 1869 16 9 0 0 0 0 0 0 0 0 0 0 0 0 0 0 0
 1880 17 0 0 72232 8 0 0 0 0 0 0 0 71024 0 0 0 0
 1891 17 1 71008 0 68408 24 0 0 0 0 0 0 135248 0 0 0 0
 1902 17 2 16 63016 0 72936 8 0 0 0 0 0 141272 0 0 0 0
 1913 17 3 0 0 72832 0 38336 0 0 0 0 0 112672 0 0 0 0
 1924 17 4 0 0 24 39712 0 0 0 0 0 0 38344 0 0 0 0
 1935 17 5 0 0 0 0 0 0 0 0 0 0 0 0 0 0 0
 1946 17 6 0 0 0 0 0 0 0 0 0 0 0 0 0 0 0
 1957 17 7 0 0 0 0 0 0 0 0 0 0 0 0 0 0 0
 1968 17 8 0 0 0 0 0 0 0 0 0 0 0 0 0 0 0
 1979 17 9 0 0 0 0 0 0 0 0 0 0 0 0 0 0 0
 1990 18 0 0 71072 0 0 0 0 0 0 0 0 71640 0 0 0 0
 2001 18 1 71608 0 77712 8 8 0 0 0 0 0 134208 0 0 0 0
 2012 18 2 24 63128 0 63344 8 0 0 0 0 0 142864 0 0 0 0
 2023 18 3 8 8 65136 0 35848 0 0 0 0 0 98832 0 0 0 0
 2034 18 4 0 0 16 35480 0 0 0 0 0 0 35864 0 0 0 0
 2045 18 5 0 0 0 0 0 0 0 0 0 0 0 0 0 0 0
 2056 18 6 0 0 0 0 0 0 0 0 0 0 0 0 0 0 0
 2067 18 7 0 0 0 0 0 0 0 0 0 0 0 0 0 0 0
 2078 18 8 0 0 0 0 0 0 0 0 0 0 0 0 0 0 0
 2089 18 9 0 0 0 0 0 0 0 0 0 0 0 0 0 0 0
 2100 19 0 0 68360 8 0 0 0 0 0 0 0 64016 0 0 0 0
 2111 19 1 63992 0 69376 24 0 0 0 0 0 0 135632 0 0 0 0
 2122 19 2 16 67272 0 68688 16 0 0 0 0 0 137760 0 0 0 0
 2133 19 3 8 0 68376 0 41720 0 0 0 0 0 104040 0 0 0 0
 2144 19 4 0 0 0 35328 0 0 0 0 0 0 41736 0 0 0 0
 2155 19 5 0 0 0 0 0 0 0 0 0 0 0 0 0 0 0
 2166 19 6 0 0 0 0 0 0 0 0 0 0 0 0 0 0 0
 2177 19 7 0 0 0 0 0 0 0 0 0 0 0 0 0 0 0
 2188 19 8 0 0 0 0 0 0 0 0 0 0 0 0 0 0 0
 2199 19 9 0 0 0 0 0 0 0 0 0 0 0 0 0 0 0
 2210 20 0 0 76104 0 0 0 0 0 0 0 0 19992 0 0 0 0
 2221 20 1 19992 0 70464 0 0 0 0 0 0 0 141776 0 0 0 0
 2232 20 2 0 65664 0 64968 0 0 0 0 0 0 136408 0 0 0 0
 2243 20 3 0 8 65944 0 35760 0 0 0 0 0 102664 0 0 0 0
 2254 20 4 0 0 0 37696 0 0 0 0 0 0 35760 0 0 0 0
 2265 20 5 0 0 0 0 0 0 0 0 0 0 0 0 0 0 0
 2276 20 6 0 0 0 0 0 0 0 0 0 0 0 0 0 0 0
 2287 20 7 0 0 0 0 0 0 0 0 0 0 0 0 0 0 0
 2298 20 8 0 0 0 0 0 0 0 0 0 0 0 0 0 0 0
 2309 20 9 0 0 0 0 0 0 0 0 0 0 0 0 0 0 0
 2320 21 0 0 64 0 0 0 0 0 0 0 0 71872 0 0 0 0
 2331 21 1 71832 0 67704 8 0 0 0 0 0 0 11552 0 0 0 0
 2342 21 2 40 11488 0 72856 0 0 0 0 0 0 139064 0 0 0 0
 2353 21 3 0 0 71352 0 35416 0 0 0 0 0 111680 0 0 0 0
 2364 21 4 0 0 8 38816 0 0 0 0 0 0 35416 0 0 0 0
 2375 21 5 0 0 0 0 0 0 0 0 0 0 0 0 0 0 0
 2386 21 6 0 0 0 0 0 0 0 0 0 0 0 0 0 0 0
 2397 21 7 0 0 0 0 0 0 0 0 0 0 0 0 0 0 0
 2408 21 8 0 0 0 0 0 0 0 0 0 0 0 0 0 0 0
 2419 21 9 0 0 0 0 0 0 0 0 0 0 0 0 0 0 0
 2430 22 0 0 63928 8 0 0 0 0 0 0 0 67112 0 0 0 0
 2441 22 1 67104 0 1536 24 0 0 0 0 0 0 139600 0 0 0 0
 2452 22 2 8 75664 0 63072 0 0 0 0 0 0 12704 0 0 0 0
 2463 22 3 0 8 11160 0 36648 0 0 0 0 0 94520 0 0 0 0
 2474 22 4 0 0 0 31424 0 0 0 0 0 0 36648 0 0 0 0
 2485 22 5 0 0 0 0 0 0 0 0 0 0 0 0 0 0 0
 2496 22 6 0 0 0 0 0 0 0 0 0 0 0 0 0 0 0
 2507 22 7 0 0 0 0 0 0 0 0 0 0 0 0 0 0 0
 2518 22 8 0 0 0 0 0 0 0 0 0 0 0 0 0 0 0
 2529 22 9 0 0 0 0 0 0 0 0 0 0 0 0 0 0 0
 2540 23 0 0 65144 0 0 0 0 0 0 0 0 68704 0 0 0 0
 2551 23 1 68688 0 78384 0 0 0 0 0 0 0 129424 0 0 0 0
 2562 23 2 8 64272 0 9800 16 0 0 0 0 0 143136 0 0 0 0
 2573 23 3 8 8 64752 0 35888 0 0 0 0 0 11848 0 0 0 0
 2584 23 4 0 0 0 2048 0 0 0 0 0 0 35904 0 0 0 0
 2595 23 5 0 0 0 0 0 0 0 0 0 0 0 0 0 0 0
 2606 23 6 0 0 0 0 0 0 0 0 0 0 0 0 0 0 0
 2617 23 7 0 0 0 0 0 0 0 0 0 0 0 0 0 0 0
 2628 23 8 0 0 0 0 0 0 0 0 0 0 0 0 0 0 0
 2639 23 9 0 0 0 0 0 0 0 0 0 0 0 0 0 0 0
 2650 24 0 0 70392 40 0 0 0 0 0 0 0 77368 0 0 0 0
 2661 24 1 77344 0 67816 0 0 0 0 0 0 0 133688 0 0 0 0
 2672 24 2 24 63256 0 67000 0 0 0 0 0 0 129712 0 0 0 0
 2683 24 3 0 40 61856 0 5896 0 0 0 0 0 100064 0 0 0 0
 2694 24 4 0 0 0 33064 0 0 0 0 0 0 5896 0 0 0 0
 2705 24 5 0 0 0 0 0 0 0 0 0 0 0 0 0 0 0
 2716 24 6 0 0 0 0 0 0 0 0 0 0 0 0 0 0 0
 2727 24 7 0 0 0 0 0 0 0 0 0 0 0 0 0 0 0
 2738 24 8 0 0 0 0 0 0 0 0 0 0 0 0 0 0 0
 2749 24 9 0 0 0 0 0 0 0 0 0 0 0 0 0 0 0
 2760 25 0 0 70496 0 0 0 0 0 0 0 0 67704 0 0 0 0
 2771 25 1 67696 0 67424 24 0 0 0 0 0 0 132552 0 0 0 0
 2782 25 2 8 62040 0 70288 24 0 0 0 0 0 130240 0 0 0 0
 2793 25 3 0 16 62816 0 36744 0 0 0 0 0 110760 0 0 0 0
 2804 25 4 0 0 0 40448 0 0 0 0 0 0 36768 0 0 0 0
 2815 25 5 0 0 0 0 0 0 0 0 0 0 0 0 0 0 0
 2826 25 6 0 0 0 0 0 0 0 0 0 0 0 0 0 0 0
 2837 25 7 0 0 0 0 0 0 0 0 0 0 0 0 0 0 0
 2848 25 8 0 0 0 0 0 0 0 0 0 0 0 0 0 0 0
 2859 25 9 0 0 0 0 0 0 0 0 0 0 0 0 0 0 0
 2870 26 0 0 71120 32 0 0 0 0 0 0 0 62672 0 0 0 0
 2881 26 1 62632 0 60872 8 0 0 0 0 0 0 139888 0 0 0 0
 2892 26 2 40 68744 0 55248 0 0 0 0 0 0 129216 0 0 0 0
 2903 26 3 0 24 68312 0 38760 0 0 0 0 0 87888 0 0 0 0
 2914 26 4 0 0 0 32632 0 0 0 0 0 0 38760 0 0 0 0
 2925 26 5 0 0 0 0 0 0 0 0 0 0 0 0 0 0 0
 2936 26 6 0 0 0 0 0 0 0 0 0 0 0 0 0 0 0
 2947 26 7 0 0 0 0 0 0 0 0 0 0 0 0 0 0 0
 2958 26 8 0 0 0 0 0 0 0 0 0 0 0 0 0 0 0
 2969 26 9 0 0 0 0 0 0 0 0 0 0 0 0 0 0 0
 2980 27 0 0 73504 8 0 0 0 0 0 0 0 64600 0 0 0 0
 2991 27 1 64600 0 71912 8 0 0 0 0 0 0 137960 0 0 0 0
 3002 27 2 0 64456 0 64376 8 0 0 0 0 0 130184 0 0 0 0
 3013 27 3 0 0 58256 0 38800 0 0 0 0 0 100816 0 0 0 0
 3024 27 4 0 0 8 36432 0 0 0 0 0 0 38808 0 0 0 0
 3035 27 5 0 0 0 0 0 0 0 0 0 0 0 0 0 0 0
 3046 27 6 0 0 0 0 0 0 0 0 0 0 0 0 0 0 0
 3057 27 7 0 0 0 0 0 0 0 0 0 0 0 0 0 0 0
 3068 27 8 0 0 0 0 0 0 0 0 0 0 0 0 0 0 0
 3079 27 9 0 0 0 0 0 0 0 0 0 0 0 0 0 0 0
 3090 28 0 0 74792 0 0 0 0 0 0 0 0 67536 0 0 0 0
 3101 28 1 67528 0 66632 0 0 0 0 0 0 0 142728 0 0 0 0
 3112 28 2 8 67936 0 66440 0 0 0 0 0 0 137440 0 0 0 0
 3123 28 3 0 0 70808 0 40472 0 0 0 0 0 103216 0 0 0 0
 3134 28 4 0 0 0 36776 0 0 0 0 0 0 40472 0 0 0 0
 3145 28 5 0 0 0 0 0 0 0 0 0 0 0 0 0 0 0
 3156 28 6 0 0 0 0 0 0 0 0 0 0 0 0 0 0 0
 3167 28 7 0 0 0 0 0 0 0 0 0 0 0 0 0 0 0
 3178 28 8 0 0 0 0 0 0 0 0 0 0 0 0 0 0 0
 3189 28 9 0 0 0 0 0 0 0 0 0 0 0 0 0 0 0
 3200 29 0 0 61264 0 0 0 0 0 0 0 0 72160 0 0 0 0
 3211 29 1 72160 0 67120 40 0 0 0 0 0 0 125360 0 0 0 0
 3222 29 2 0 64024 0 74720 8 0 0 0 0 0 134672 0 0 0 0
 3233 29 3 0 72 67552 0 34608 0 0 0 0 0 108776 0 0 0 0
 3244 29 4 0 0 0 34016 0 0 0 0 0 0 34616 0 0 0 0
 3255 29 5 0 0 0 0 0 0 0 0 0 0 0 0 0 0 0
 3266 29 6 0 0 0 0 0 0 0 0 0 0 0 0 0 0 0
 3277 29 7 0 0 0 0 0 0 0 0 0 0 0 0 0 0 0
 3288 29 8 0 0 0 0 0 0 0 0 0 0 0 0 0 0 0
 3299 29 9 0 0 0 0 0 0 0 0 0 0 0 0 0 0 0
 3310 30 0 0 61472 8 0 0 0 0 0 0 0 21264 0 0 0 0
 3321 30 1 21264 0 68112 0 0 0 0 0 0 0 132456 0 0 0 0
 3332 30 2 0 70960 0 61912 0 0 0 0 0 0 131016 0 0 0 0
 3343 30 3 0 24 62896 0 36072 0 0 0 0 0 94840 0 0 0 0
 3354 30 4 0 0 0 32928 0 0 0 0 0 0 36072 0 0 0 0
 3365 30 5 0 0 0 0 0 0 0 0 0 0 0 0 0 0 0
 3376 30 6 0 0 0 0 0 0 0 0 0 0 0 0 0 0 0
 3387 30 7 0 0 0 0 0 0 0 0 0 0 0 0 0 0 0
 3398 30 8 0 0 0 0 0 0 0 0 0 0 0 0 0 0 0
 3409 30 9 0 0 0 0 0 0 0 0 0 0 0 0 0 0 0
 3420 31 0 0 72 8 0 0 0 0 0 0 0 67608 0 0 0 0
 3431 31 1 67600 0 67008 0 0 0 0 0 0 0 11360 0 0 0 0
 3442 31 2 8 11280 0 67792 16 0 0 0 0 0 132960 0 0 0 0
 3453 31 3 0 8 65944 0 35520 0 0 0 0 0 100672 0 0 0 0
 3464 31 4 0 0 0 32880 0 0 0 0 0 0 35536 0 0 0 0
 3475 31 5 0 0 0 0 0 0 0 0 0 0 0 0 0 0 0
 3486 31 6 0 0 0 0 0 0 0 0 0 0 0 0 0 0 0
 3497 31 7 0 0 0 0 0 0 0 0 0 0 0 0 0 0 0
 3508 31 8 0 0 0 0 0 0 0 0 0 0 0 0 0 0 0
 3519 31 9 0 0 0 0 0 0 0 0 0 0 0 0 0 0 0
 3530 32 0 0 69840 8 0 0 0 0 0 0 0 68048 0 0 0 0
 3541 32 1 68040 0 2680 16 0 0 0 0 0 0 138616 0 0 0 0
 3552 32 2 8 68768 0 75336 0 0 0 0 0 0 13680 0 0 0 0
 3563 32 3 0 8 10992 0 33232 0 0 0 0 0 112384 0 0 0 0
 3574 32 4 0 0 0 37032 0 0 0 0 0 0 33232 0 0 0 0
 3585 32 5 0 0 0 0 0 0 0 0 0 0 0 0 0 0 0
 3596 32 6 0 0 0 0 0 0 0 0 0 0 0 0 0 0 0
 3607 32 7 0 0 0 0 0 0 0 0 0 0 0 0 0 0 0
 3618 32 8 0 0 0 0 0 0 0 0 0 0 0 0 0 0 0
 3629 32 9 0 0 0 0 0 0 0 0 0 0 0 0 0 0 0
 3640 33 0 0 67616 8 0 0 0 0 0 0 0 68816 0 0 0 0
 3651 33 1 68816 0 66840 16 0 0 0 0 0 0 137616 0 0 0 0
 3662 33 2 0 69992 0 6576 0 0 0 0 0 0 131424 0 0 0 0
 3673 33 3 0 8 64576 0 33272 0 0 0 0 0 8640 0 0 0 0
 3684 33 4 0 0 0 2048 0 0 0 0 0 0 33272 0 0 0 0
 3695 33 5 0 0 0 0 0 0 0 0 0 0 0 0 0 0 0
 3706 33 6 0 0 0 0 0 0 0 0 0 0 0 0 0 0 0
 3717 33 7 0 0 0 0 0 0 0 0 0 0 0 0 0 0 0
 3728 33 8 0 0 0 0 0 0 0 0 0 0 0 0 0 0 0
 3739 33 9 0 0 0 0 0 0 0 0 0 0 0 0 0 0 0
 3750 34 0 0 66488 0 0 0 0 0 0 0 0 70128 0 0 0 0
 3761 34 1 70120 0 64360 0 0 0 0 0 0 0 144400 0 0 0 0
 3772 34 2 0 77880 0 71904 0 0 0 0 0 0 137752 0 0 0 0
 3783 34 3 8 32 73392 0 7168 0 0 0 0 0 106392 0 0 0 0
 3794 34 4 0 0 0 34488 0 0 0 0 0 0 7168 0 0 0 0
 3805 34 5 0 0 0 0 0 0 0 0 0 0 0 0 0 0 0
 3816 34 6 0 0 0 0 0 0 0 0 0 0 0 0 0 0 0
 3827 34 7 0 0 0 0 0 0 0 0 0 0 0 0 0 0 0
 3838 34 8 0 0 0 0 0 0 0 0 0 0 0 0 0 0 0
 3849 34 9 0 0 0 0 0 0 0 0 0 0 0 0 0 0 0
 3860 35 0 0 68688 40 0 0 0 0 0 0 0 76928 0 0 0 0
 3871 35 1 76888 0 65736 32 0 0 0 0 0 0 132200 0 0 0 0
 3882 35 2 40 63504 0 63016 0 0 0 0 0 0 123048 0 0 0 0
 3893 35 3 0 8 57264 0 37608 0 0 0 0 0 98184 0 0 0 0
 3904 35 4 0 0 8 35136 0 0 0 0 0 0 37608 0 0 0 0
 3915 35 5 0 0 0 0 0 0 0 0 0 0 0 0 0 0 0
 3926 35 6 0 0 0 0 0 0 0 0 0 0 0 0 0 0 0
 3937 35 7 0 0 0 0 0 0 0 0 0 0 0 0 0 0 0
 3948 35 8 0 0 0 0 0 0 0 0 0 0 0 0 0 0 0
 3959 35 9 0 0 0 0 0 0 0 0 0 0 0 0 0 0 0
 3970 36 0 0 57008 16 8 0 0 0 0 0 0 70776 0 0 0 0
 3981 36 1 70776 0 64784 0 0 0 0 0 0 0 122320 0 0 0 0
 3992 36 2 0 65312 0 67008 0 0 0 0 0 0 136312 0 0 0 0
 4003 36 3 0 0 71512 0 32528 0 0 0 0 0 101656 0 0 0 0
 4014 36 4 0 0 0 34640 0 0 0 0 0 0 32528 0 0 0 0
 4025 36 5 0 0 0 0 0 0 0 0 0 0 0 0 0 0 0
 4036 36 6 0 0 0 0 0 0 0 0 0 0 0 0 0 0 0
 4047 36 7 0 0 0 0 0 0 0 0 0 0 0 0 0 0 0
 4058 36 8 0 0 0 0 0 0 0 0 0 0 0 0 0 0 0
 4069 36 9 0 0 0 0 0 0 0 0 0 0 0 0 0 0 0
 4080 37 0 0 74560 0 0 0 0 0 0 0 0 63880 0 0 0 0
 4091 37 1 63856 0 60264 40 0 0 0 0 0 0 150512 0 0 0 0
 4102 37 2 0 75952 0 68224 0 0 0 0 0 0 125736 0 0 0 0
 4113 37 3 24 0 65472 0 32856 0 0 0 0 0 104600 0 0 0 0
 4124 37 4 0 0 0 36336 0 0 0 0 0 0 32856 0 0 0 0
 4135 37 5 0 0 0 0 0 0 0 0 0 0 0 0 0 0 0
 4146 37 6 0 0 0 0 0 0 0 0 0 0 0 0 0 0 0
 4157 37 7 0 0 0 0 0 0 0 0 0 0 0 0 0 0 0
 4168 37 8 0 0 0 0 0 0 0 0 0 0 0 0 0 0 0
 4179 37 9 0 0 0 0 0 0 0 0 0 0 0 0 0 0 0
 4190 38 0 0 64360 16 0 0 0 0 0 0 0 65536 0 0 0 0
 4201 38 1 65520 0 65264 16 0 0 0 0 0 0 143080 0 0 0 0
 4212 38 2 16 78720 0 71264 16 0 0 0 0 0 133616 0 0 0 0
 4223 38 3 0 0 68328 0 37336 0 0 0 0 0 106856 0 0 0 0
 4234 38 4 0 0 8 35576 0 0 0 0 0 0 37352 0 0 0 0
 4245 38 5 0 0 0 0 0 0 0 0 0 0 0 0 0 0 0
 4256 38 6 0 0 0 0 0 0 0 0 0 0 0 0 0 0 0
 4267 38 7 0 0 0 0 0 0 0 0 0 0 0 0 0 0 0
 4278 38 8 0 0 0 0 0 0 0 0 0 0 0 0 0 0 0
 4289 38 9 0 0 0 0 0 0 0 0 0 0 0 0 0 0 0
 4300 39 0 0 73456 24 0 0 0 0 0 0 0 66496 0 0 0 0
 4311 39 1 66480 0 68096 24 0 0 0 0 0 0 144448 0 0 0 0
 4322 39 2 16 70976 0 70312 16 0 0 0 0 0 139864 0 0 0 0
 4333 39 3 0 16 71744 0 43872 0 0 0 0 0 105248 0 0 0 0
 4344 39 4 0 0 0 34912 0 0 0 0 0 0 43888 0 0 0 0
 4355 39 5 0 0 0 0 0 0 0 0 0 0 0 0 0 0 0
 4366 39 6 0 0 0 0 0 0 0 0 0 0 0 0 0 0 0
 4377 39 7 0 0 0 0 0 0 0 0 0 0 0 0 0 0 0
 4388 39 8 0 0 0 0 0 0 0 0 0 0 0 0 0 0 0
 4399 39 9 0 0 0 0 0 0 0 0 0 0 0 0 0 0 0
 4410 40 0 0 74328 8 0 0 0 0 0 0 0 16792 0 0 0 0
 4421 40 1 16784 0 65368 0 0 0 0 0 0 0 143424 0 0 0 0
 4432 40 2 8 69096 0 57536 0 0 0 0 0 0 129688 0 0 0 0
 4443 40 3 0 0 64296 0 33896 0 0 0 0 0 94688 0 0 0 0
 4454 40 4 0 0 16 37152 0 0 0 0 0 0 33896 0 0 0 0
 4465 40 5 0 0 0 0 0 0 0 0 0 0 0 0 0 0 0
 4476 40 6 0 0 0 0 0 0 0 0 0 0 0 0 0 0 0
 4487 40 7 0 0 0 0 0 0 0 0 0 0 0 0 0 0 0
 4498 40 8 0 0 0 0 0 0 0 0 0 0 0 0 0 0 0
 4509 40 9 0 0 0 0 0 0 0 0 0 0 0 0 0 0 0
 4520 41 0 0 64 0 0 0 0 0 0 0 0 65664 0 0 0 0
 4531 41 1 65656 0 66056 16 0 0 0 0 0 0 8344 0 0 0 0
 4542 41 2 0 8280 0 59216 0 0 0 0 0 0 131072 0 0 0 0
 4553 41 3 8 0 65016 0 35024 0 0 0 0 0 96048 0 0 0 0
 4564 41 4 0 0 0 36816 0 0 0 0 0 0 35024 0 0 0 0
 4575 41 5 0 0 0 0 0 0 0 0 0 0 0 0 0 0 0
 4586 41 6 0 0 0 0 0 0 0 0 0 0 0 0 0 0 0
 4597 41 7 0 0 0 0 0 0 0 0 0 0 0 0 0 0 0
 4608 41 8 0 0 0 0 0 0 0 0 0 0 0 0 0 0 0
 4619 41 9 0 0 0 0 0 0 0 0 0 0 0 0 0 0 0
 4630 42 0 0 63528 8 0 0 0 0 0 0 0 59224 0 0 0 0
 4641 42 1 59208 0 1048 16 0 0 0 0 0 0 131528 0 0 0 0
 4652 42 2 16 67968 0 67768 8 0 0 0 0 0 9400 0 0 0 0
 4663 42 3 0 32 8344 0 34440 0 0 0 0 0 101800 0 0 0 0
 4674 42 4 0 0 0 34016 0 0 0 0 0 0 34448 0 0 0 0
 4685 42 5 0 0 0 0 0 0 0 0 0 0 0 0 0 0 0
 4696 42 6 0 0 0 0 0 0 0 0 0 0 0 0 0 0 0
 4707 42 7 0 0 0 0 0 0 0 0 0 0 0 0 0 0 0
 4718 42 8 0 0 0 0 0 0 0 0 0 0 0 0 0 0 0
 4729 42 9 0 0 0 0 0 0 0 0 0 0 0 0 0 0 0
 4740 43 0 0 64728 0 0 0 0 0 0 0 0 66488 0 0 0 0
 4751 43 1 66416 0 70936 0 0 0 0 0 0 0 123696 0 0 0 0
 4762 43 2 72 58960 0 6152 0 0 0 0 0 0 140952 0 0 0 0
 4773 43 3 0 0 69968 0 40616 0 0 0 0 0 9240 0 0 0 0
 4784 43 4 0 8 48 3088 0 0 0 0 0 0 40616 0 0 0 0
 4795 43 5 0 0 0 0 0 0 0 0 0 0 0 0 0 0 0
 4806 43 6 0 0 0 0 0 0 0 0 0 0 0 0 0 0 0
 4817 43 7 0 0 0 0 0 0 0 0 0 0 0 0 0 0 0
 4828 43 8 0 0 0 0 0 0 0 0 0 0 0 0 0 0 0
 4839 43 9 0 0 0 0 0 0 0 0 0 0 0 0 0 0 0
 4850 44 0 0 66728 0 0 0 0 0 0 0 0 70256 0 0 0 0
 4861 44 1 70256 0 73456 32 0 0 0 0 0 0 136064 0 0 0 0
 4872 44 2 0 69328 0 63768 0 0 0 0 0 0 142408 0 0 0 0
 4883 44 3 0 8 68944 0 11880 0 0 0 0 0 99824 0 0 0 0
 4894 44 4 0 0 8 36024 0 0 0 0 0 0 11880 0 0 0 0
 4905 44 5 0 0 0 0 0 0 0 0 0 0 0 0 0 0 0
 4916 44 6 0 0 0 0 0 0 0 0 0 0 0 0 0 0 0
 4927 44 7 0 0 0 0 0 0 0 0 0 0 0 0 0 0 0
 4938 44 8 0 0 0 0 0 0 0 0 0 0 0 0 0 0 0
 4949 44 9 0 0 0 0 0 0 0 0 0 0 0 0 0 0 0
 4960 45 0 0 72696 0 0 0 0 0 0 0 0 59744 0 0 0 0
 4971 45 1 59720 0 65064 32 0 0 0 0 0 0 135944 0 0 0 0
 4982 45 2 24 63216 0 68104 24 0 0 0 0 0 129368 0 0 0 0
 4993 45 3 0 32 64304 0 39992 0 0 0 0 0 102584 0 0 0 0
 5004 45 4 0 0 0 34448 0 0 0 0 0 0 40016 0 0 0 0
 5015 45 5 0 0 0 0 0 0 0 0 0 0 0 0 0 0 0
 5026 45 6 0 0 0 0 0 0 0 0 0 0 0 0 0 0 0
 5037 45 7 0 0 0 0 0 0 0 0 0 0 0 0 0 0 0
 5048 45 8 0 0 0 0 0 0 0 0 0 0 0 0 0 0 0
 5059 45 9 0 0 0 0 0 0 0 0 0 0 0 0 0 0 0
 5070 46 0 0 69776 16 8 0 0 0 0 0 0 70176 0 0 0 0
 5081 46 1 70176 0 74232 0 0 0 0 0 0 0 140168 0 0 0 0
 5092 46 2 0 70392 0 68808 0 0 0 0 0 0 136576 0 0 0 0
 5103 46 3 0 0 62328 0 28824 0 0 0 0 0 109728 0 0 0 0
 5114 46 4 0 0 0 40912 0 0 0 0 0 0 28824 0 0 0 0
 5125 46 5 0 0 0 0 0 0 0 0 0 0 0 0 0 0 0
 5136 46 6 0 0 0 0 0 0 0 0 0 0 0 0 0 0 0
 5147 46 7 0 0 0 0 0 0 0 0 0 0 0 0 0 0 0
 5158 46 8 0 0 0 0 0 0 0 0 0 0 0 0 0 0 0
 5169 46 9 0 0 0 0 0 0 0 0 0 0 0 0 0 0 0
 5180 47 0 0 75056 0 0 0 0 0 0 0 0 63824 0 0 0 0
 5191 47 1 63816 0 72224 0 0 0 0 0 0 0 147800 0 0 0 0
 5202 47 2 8 72736 0 61640 0 0 0 0 0 0 141032 0 0 0 0
 5213 47 3 0 8 68808 0 40048 0 0 0 0 0 100784 0 0 0 0
 5224 47 4 0 0 0 39144 0 0 0 0 0 0 40048 0 0 0 0
 5235 47 5 0 0 0 0 0 0 0 0 0 0 0 0 0 0 0
 5246 47 6 0 0 0 0 0 0 0 0 0 0 0 0 0 0 0
 5257 47 7 0 0 0 0 0 0 0 0 0 0 0 0 0 0 0
 5268 47 8 0 0 0 0 0 0 0 0 0 0 0 0 0 0 0
 5279 47 9 0 0 0 0 0 0 0 0 0 0 0 0 0 0 0
 5290 48 0 0 71136 16 0 0 0 0 0 0 0 63688 0 0 0 0
 5301 48 1 63688 0 66008 0 0 0 0 0 0 0 142360 0 0 0 0
 5312 48 2 0 71224 0 65360 0 0 0 0 0 0 130184 0 0 0 0
 5323 48 3 0 0 64160 0 36744 0 0 0 0 0 101528 0 0 0 0
 5334 48 4 0 0 0 36168 0 0 0 0 0 0 36744 0 0 0 0
 5345 48 5 0 0 0 0 0 0 0 0 0 0 0 0 0 0 0
 5356 48 6 0 0 0 0 0 0 0 0 0 0 0 0 0 0 0
 5367 48 7 0 0 0 0 0 0 0 0 0 0 0 0 0 0 0
 5378 48 8 0 0 0 0 0 0 0 0 0 0 0 0 0 0 0
 5389 48 9 0 0 0 0 0 0 0 0 0 0 0 0 0 0 0
 5400 49 0 0 68632 40 0 0 0 0 0 0 0 64648 0 0 0 0
 5411 49 1 64632 0 65520 0 0 0 0 0 0 0 129616 0 0 0 0
 5422 49 2 16 60984 0 62112 0 0 0 0 0 0 127344 0 0 0 0
 5433 49 3 0 0 61776 0 38224 0 0 0 0 0 99960 0 0 0 0
 5444 49 4 0 0 8 37848 0 0 0 0 0 0 38224 0 0 0 0
 5455 49 5 0 0 0 0 0 0 0 0 0 0 0 0 0 0 0
 5466 49 6 0 0 0 0 0 0 0 0 0 0 0 0 0 0 0
 5477 49 7 0 0 0 0 0 0 0 0 0 0 0 0 0 0 0
 5488 49 8 0 0 0 0 0 0 0 0 0 0 0 0 0 0 0
 5499 49 9 0 0 0 0 0 0 0 0 0 0 0 0 0 0 0
 5510 50 0 0 70504 24 0 0 0 0 0 0 0 64176 0 0 0 0
 5521 50 1 64128 0 71440 0 0 0 0 0 0 0 129384 0 0 0 0
 5532 50 2 40 58880 0 73776 0 0 0 0 0 0 134984 0 0 0 0
 5543 50 3 8 0 63512 0 38776 0 0 0 0 0 107664 0 0 0 0
 5554 50 4 0 0 8 33888 0 0 0 0 0 0 38776 0 0 0 0
 5565 50 5 0 0 0 0 0 0 0 0 0 0 0 0 0 0 0
 5576 50 6 0 0 0 0 0 0 0 0 0 0 0 0 0 0 0
 5587 50 7 0 0 0 0 0 0 0 0 0 0 0 0 0 0 0
 5598 50 8 0 0 0 0 0 0 0 0 0 0 0 0 0 0 0
 5609 50 9 0 0 0 0 0 0 0 0 0 0 0 0 0 0 0