# Format <LP ID> <Terminal ID> <Job ID> <Local Rank> <Total sends> <Total Recvs> <Bytes sent> <Bytes recvd> <Send time> <Comm. time> <Compute time> <Avg msg time> <Max Msg Time>
 0 0 0 0 478 478 379712 374336 6993038.925968 14744134.973414 816695890.000000 0.000000 0.000000
 1 1 0 1 832 832 502384 506272 55763187.198901 64456190.869880 767042391.000000 0.000000 0.000000
 2 2 0 2 566 566 503792 501008 66429439.437475 72643619.672336 758872619.000000 0.000000 0.000000
 3 3 0 3 840 840 510816 505344 285468877.903299 157131209.733546 674363699.000000 0.000000 0.000000
 4 4 0 4 464 464 506304 496032 34538326.264255 66787357.727266 764652252.000000 0.000000 0.000000
 11 5 0 5 386 386 376528 373792 10367926.211983 66319863.125141 765071214.000000 0.000000 0.000000
 12 6 0 6 654 654 509232 503040 200864183.007114 117440619.937399 714060173.000000 0.000000 0.000000
 13 7 0 7 790 790 629648 623648 117737060.412806 70376360.729141 761131215.000000 0.000000 0.000000
 14 8 0 8 1194 1194 641632 640528 29750772.516767 68309052.151222 763194045.000000 0.000000 0.000000
 15 9 0 9 1010 1010 628592 629120 13787708.039270 66533987.045659 764960474.000000 0.000000 0.000000
 22 10 0 10 956 956 630464 627536 5447873.404059 59727207.921577 771801106.000000 0.000000 0.000000
 23 11 0 11 528 528 502080 502656 115689468.829547 117957258.945109 713495802.000000 0.000000 0.000000
 24 12 0 12 1026 1026 507040 511216 178881185.809178 74330860.115962 758145711.000000 0.000000 0.000000
 25 13 0 13 1004 1004 633712 637312 215741937.827734 118595937.013329 712912094.000000 0.000000 0.000000
 26 14 0 14 1066 1066 637216 633856 9411250.321847 63720441.217308 767783111.000000 0.000000 0.000000
 33 15 0 15 1042 1042 635520 632544 188572079.873497 117068193.082088 714392356.000000 0.000000 0.000000
 34 16 0 16 978 978 631728 633312 6269881.344444 60840372.284487 770608169.000000 0.000000 0.000000
 35 17 0 17 628 628 509008 502912 240416085.093507 159135985.185081 672336136.000000 0.000000 0.000000
 36 18 0 18 756 756 510544 505744 84331566.586452 62914853.279090 768560535.000000 0.000000 0.000000
 37 19 0 19 1224 1224 637680 635664 256803969.771852 118051196.169642 713454762.000000 0.000000 0.000000
 44 20 0 20 1058 1058 637728 632304 86445185.451300 60241756.105327 771238388.000000 0.000000 0.000000
 45 21 0 21 708 708 633792 628800 334989931.887785 158614511.292915 672831064.000000 0.000000 0.000000
 46 22 0 22 1132 1132 633472 636928 61347453.642185 74172298.522591 757269167.000000 0.000000 0.000000
 47 23 0 23 740 740 503136 503376 10192451.095720 65321357.994520 766109427.000000 0.000000 0.000000
 48 24 0 24 664 664 502160 501872 54825761.923745 36422472.784301 795023928.000000 0.000000 0.000000
 55 25 0 25 674 674 633744 636432 102977358.667093 125603284.338111 705883225.000000 0.000000 0.000000
 56 26 0 26 1028 1028 634352 630848 155854917.278078 118004277.350458 713451020.000000 0.000000 0.000000
 57 27 0 27 1236 1236 639520 637600 14692901.629020 50437066.308913 780946680.000000 0.000000 0.000000
 58 28 0 28 878 878 636640 630160 170578588.114329 123457010.751883 707976179.000000 0.000000 0.000000
 59 29 0 29 690 690 509184 505872 330704321.621501 227454412.258859 603902049.000000 0.000000 0.000000
 66 30 0 30 646 646 382720 379504 44140807.435214 72037304.524330 759209355.000000 0.000000 0.000000
 67 31 0 31 768 768 502352 507968 301547541.972778 158662962.403377 672645071.000000 0.000000 0.000000
 68 32 0 32 670 670 502448 501248 81088371.213508 121651309.120288 709736060.000000 0.000000 0.000000
 69 33 0 33 794 794 508528 506320 444164167.659971 226839717.868920 604497546.000000 0.000000 0.000000
 70 34 0 34 676 676 505280 507824 55752044.930011 73987936.409529 757365393.000000 0.000000 0.000000
 77 35 0 35 516 516 376432 378304 125792105.821634 184824136.014510 647057523.000000 0.000000 0.000000
 78 36 0 36 650 650 506832 500784 498418258.433191 223591937.263187 607997547.000000 0.000000 0.000000
 79 37 0 37 1008 1008 624176 633488 103157700.267458 74996569.172448 756644398.000000 0.000000 0.000000
 80 38 0 38 886 886 634528 627184 487757891.949847 186368837.692789 646090548.000000 0.000000 0.000000
 81 39 0 39 726 726 627344 625760 421633411.091805 180391699.429265 651129057.000000 0.000000 0.000000
 88 40 0 40 1080 1080 633088 627424 135697437.706936 114453801.286270 717076821.000000 0.000000 0.000000
 89 41 0 41 804 804 508528 507328 388929608.983680 225567193.823236 605888360.000000 0.000000 0.000000
 90 42 0 42 996 996 631104 633792 395643370.683146 159164394.735918 673316533.000000 0.000000 0.000000
 91 43 0 43 1044 1044 757920 762576 329622535.397640 123890712.325624 707812452.000000 0.000000 0.000000
 92 44 0 44 1010 1010 763248 761664 31433451.760670 72669462.379049 758853698.000000 0.000000 0.000000
 99 45 0 45 1952 1952 772496 774320 497979414.905941 223621893.856950 608106236.000000 0.000000 0.000000
 100 46 0 46 998 998 754928 759008 254370905.165594 178996412.148710 652706295.000000 0.000000 0.000000
 101 47 0 47 1016 1016 634240 635488 220263580.810048 159912605.159201 672233209.000000 0.000000 0.000000
 102 48 0 48 858 858 633072 629184 61523786.493035 61282376.307781 771205243.000000 0.000000 0.000000
 103 49 0 49 1852 1852 770576 771728 799690888.225816 239382971.875644 593100174.000000 0.000000 0.000000
 110 50 0 50 1036 1036 756224 760544 469921780.097824 231489712.179488 600243037.000000 0.000000 0.000000
 111 51 0 51 1096 1096 759184 767632 459387770.173111 242193224.111437 589437937.000000 0.000000 0.000000
 112 52 0 52 1508 1508 764976 769008 298826337.662469 227348185.147679 604362413.000000 0.000000 0.000000
 113 53 0 53 704 704 623760 625344 485182575.555923 182458224.205212 649109675.000000 0.000000 0.000000
 114 54 0 54 708 708 631088 630992 11947174.513649 14045232.312111 818440668.000000 0.000000 0.000000
 121 55 0 55 1344 1344 765184 764800 33868587.454607 35110911.006098 796594149.000000 0.000000 0.000000
 122 56 0 56 1614 1614 762800 774128 308109065.759676 183043510.737332 648604208.000000 0.000000 0.000000
 123 57 0 57 1642 1642 774336 767760 609134237.410606 184380155.739189 647085551.000000 0.000000 0.000000
 124 58 0 58 1346 1346 758496 760512 368248131.529700 243329656.530859 588195262.000000 0.000000 0.000000
 125 59 0 59 1214 1214 640496 637136 124587756.845555 180049741.639533 651468909.000000 0.000000 0.000000
 132 60 0 60 926 926 635488 636784 502903861.838684 237125482.365314 594362798.000000 0.000000 0.000000
 133 61 0 61 954 954 760448 760688 490253529.822143 235600820.554293 595896548.000000 0.000000 0.000000
 134 62 0 62 1460 1460 760976 761840 587747045.870899 236734651.769775 594755941.000000 0.000000 0.000000
 135 63 0 63 1066 1066 761504 762656 458252279.554698 235643384.817000 595813770.000000 0.000000 0.000000
 136 64 0 64 1752 1752 771520 770080 518534724.742995 226050674.886758 605386612.000000 0.000000 0.000000
 143 65 0 65 1130 1130 629584 637984 342130847.909280 242948640.850065 588934979.000000 0.000000 0.000000
 144 66 0 66 718 718 503712 504912 361063481.021784 229870915.778765 601548077.000000 0.000000 0.000000
 145 67 0 67 670 670 625856 634496 395961029.595440 234290340.744187 597204964.000000 0.000000 0.000000
 146 68 0 68 1562 1562 647200 639568 19669199.157797 45075079.625335 786384479.000000 0.000000 0.000000
 147 69 0 69 780 780 627696 630960 338398755.513994 228513644.420371 602841595.000000 0.000000 0.000000
 154 70 0 70 884 884 632112 631392 294438542.223583 242189612.450983 589696219.000000 0.000000 0.000000
 155 71 0 71 704 704 503200 503872 247437267.967643 226809614.478652 605078384.000000 0.000000 0.000000
 156 72 0 72 848 848 512208 506160 268356648.588852 157256078.742198 674390039.000000 0.000000 0.000000
 157 73 0 73 1212 1212 630768 630672 11766971.562584 28421217.589814 804040071.000000 0.000000 0.000000
 158 74 0 74 1194 1194 637120 634864 355006635.546208 151836697.167103 680632112.000000 0.000000 0.000000
 165 75 0 75 682 682 631424 621872 142748059.242919 161851936.925443 670611911.000000 0.000000 0.000000
 166 76 0 76 944 944 628368 629616 22420524.757021 43153111.966575 788551505.000000 0.000000 0.000000
 167 77 0 77 602 602 504448 501568 379175066.117332 233887209.242535 598260518.000000 0.000000 0.000000
 168 78 0 78 942 942 634640 632528 58559021.398805 50255892.657800 781769533.000000 0.000000 0.000000
 169 79 0 79 968 968 758752 756064 902649933.085338 227551061.711139 604163049.000000 0.000000 0.000000
 176 80 0 80 1024 1024 757440 759024 83715706.746001 55754659.367000 776711502.000000 0.000000 0.000000
 177 81 0 81 1454 1454 762912 764400 195676870.761813 181607097.453180 650131936.000000 0.000000 0.000000
 178 82 0 82 1544 1544 769936 772144 450736096.754117 224706210.357505 607443728.000000 0.000000 0.000000
 179 83 0 83 1078 1078 633808 634048 652019713.288135 230479083.822748 601675330.000000 0.000000 0.000000
 180 84 0 84 1054 1054 632272 636880 406344411.350207 189509797.221685 642978458.000000 0.000000 0.000000
 187 85 0 85 1702 1702 763456 764992 422747107.686364 117278380.226584 714458894.000000 0.000000 0.000000
 188 86 0 86 1096 1096 769744 758848 387833274.793483 224201263.172556 607542806.000000 0.000000 0.000000
 189 87 0 87 1548 1548 765776 767888 909204440.273470 227305885.521591 604435671.000000 0.000000 0.000000
 190 88 0 88 1014 1014 752480 756128 190405860.863690 220395807.108188 611326093.000000 0.000000 0.000000
 191 89 0 89 1390 1390 643456 643168 309919023.984967 241101739.039924 591050605.000000 0.000000 0.000000
 198 90 0 90 1628 1628 639792 643248 189026068.399685 185558714.394518 646148561.000000 0.000000 0.000000
 199 91 0 91 1666 1666 772480 776464 578223281.969009 228036869.618981 603679498.000000 0.000000 0.000000
 200 92 0 92 1722 1722 764720 766832 158614307.777236 176609844.006475 655132148.000000 0.000000 0.000000
 201 93 0 93 1458 1458 764800 769120 189767740.167588 189576925.954248 642073414.000000 0.000000 0.000000
 202 94 0 94 1538 1538 762832 763408 562438790.787652 239417558.006398 592299966.000000 0.000000 0.000000
 209 95 0 95 740 740 628560 629424 358584504.134119 231931034.690476 599639680.000000 0.000000 0.000000
 210 96 0 96 992 992 636784 632080 476489836.846891 177583173.904136 653838124.000000 0.000000 0.000000
 211 97 0 97 1456 1456 759536 767456 163911611.526048 116889123.591501 714825174.000000 0.000000 0.000000
 212 98 0 98 1050 1050 757648 756352 5398985.289033 37372941.981190 794279802.000000 0.000000 0.000000
 213 99 0 99 1584 1584 773504 767936 23147472.355966 50008155.756757 781391453.000000 0.000000 0.000000
 220 100 0 100 1012 1012 752656 757504 105863456.605085 126785578.227480 704744694.000000 0.000000 0.000000
 221 101 0 101 1028 1028 637200 636000 70374076.769516 118637751.428145 712886368.000000 0.000000 0.000000
 222 102 0 102 822 822 504432 505200 96058146.377223 163849946.776376 667511375.000000 0.000000 0.000000
 223 103 0 103 724 724 630896 630752 293232063.431115 120375256.509164 711045200.000000 0.000000 0.000000
 224 104 0 104 1170 1170 635392 630928 379143308.095870 163922879.002597 667463315.000000 0.000000 0.000000
 231 105 0 105 1080 1080 627600 634848 58860119.161552 72559694.438222 758838194.000000 0.000000 0.000000
 232 106 0 106 1034 1034 628688 630656 280816609.670305 181369211.560265 650005248.000000 0.000000 0.000000
 233 107 0 107 736 736 504896 505472 63140577.076283 124692180.520618 707196409.000000 0.000000 0.000000
 234 108 0 108 748 748 505968 506112 289132604.375804 226763758.859420 605263629.000000 0.000000 0.000000
 235 109 0 109 1266 1266 640096 637120 469937470.686353 224154923.687790 607495798.000000 0.000000 0.000000
 242 110 0 110 882 882 626944 630880 85723584.844001 59725023.980466 772744375.000000 0.000000 0.000000
 243 111 0 111 884 884 630400 625072 459725178.068511 230429222.819688 601125781.000000 0.000000 0.000000
 244 112 0 112 1132 1132 637584 634800 202804624.864349 117532551.159984 713952281.000000 0.000000 0.000000
 245 113 0 113 496 496 503952 498384 29764792.543364 51959228.475118 779481022.000000 0.000000 0.000000
 246 114 0 114 668 668 625664 621584 341031444.012320 220996622.183028 611037454.000000 0.000000 0.000000
 253 115 0 115 1482 1482 762320 770384 369431548.356289 125768954.714519 706682779.000000 0.000000 0.000000
 254 116 0 116 1732 1732 776432 773456 322568893.593807 171432752.325612 661025762.000000 0.000000 0.000000
 255 117 0 117 2020 2020 764192 770144 290828764.030719 179496066.409823 652957976.000000 0.000000 0.000000
 256 118 0 118 1038 1038 756176 758672 61439555.131378 78468170.823139 753241457.000000 0.000000 0.000000
 257 119 0 119 854 854 633344 631952 404229615.144161 185685855.705577 646469194.000000 0.000000 0.000000
 264 120 0 120 1318 1318 641840 636224 494987784.164380 183532574.538419 648499433.000000 0.000000 0.000000
 265 121 0 121 1494 1494 762304 756544 461179470.502023 237826525.062418 593871454.000000 0.000000 0.000000
 266 122 0 122 1114 1114 760736 755984 629345378.009026 188068698.170386 644387748.000000 0.000000 0.000000
 267 123 0 123 1504 1504 760528 758992 162811616.164736 187050294.443726 644587222.000000 0.000000 0.000000
 268 124 0 124 1284 1284 761312 759584 11658569.560420 41684480.838451 790035750.000000 0.000000 0.000000
 275 125 0 125 962 962 636848 631280 22085649.622945 56265516.615655 775307858.000000 0.000000 0.000000
 276 126 0 126 772 772 632336 628784 749138333.975196 242441373.446543 589054438.000000 0.000000 0.000000
 277 127 0 127 1444 1444 766352 761504 264559202.813156 239936560.666314 591780388.000000 0.000000 0.000000
 278 128 0 128 1086 1086 754992 754464 342667123.426501 242191977.570303 589463426.000000 0.000000 0.000000
 279 129 0 129 1474 1474 763632 759936 1018445917.201733 239240161.488966 592297471.000000 0.000000 0.000000
 286 130 0 130 1666 1666 765712 766912 208517728.642046 231787174.999254 599745434.000000 0.000000 0.000000
 287 131 0 131 1270 1270 636032 633968 213062625.029728 229136128.928458 602390332.000000 0.000000 0.000000
 288 132 0 132 1168 1168 634896 636192 428915610.811947 228092672.735367 603346439.000000 0.000000 0.000000
 289 133 0 133 1854 1854 761120 771488 68452183.254685 54503888.859800 776995561.000000 0.000000 0.000000
 290 134 0 134 1530 1530 769872 767184 22322191.103908 43526439.443702 787986704.000000 0.000000 0.000000
 297 135 0 135 1688 1688 763888 770032 418194950.117011 180537479.822039 650966543.000000 0.000000 0.000000
 298 136 0 136 1006 1006 760800 759840 624768652.329569 234911603.440833 596597563.000000 0.000000 0.000000
 299 137 0 137 1182 1182 634784 635504 176890927.289360 225223984.758587 606212316.000000 0.000000 0.000000
 300 138 0 138 774 774 507168 509328 502570595.480897 238664134.392053 592713543.000000 0.000000 0.000000
 301 139 0 139 1064 1064 636640 635920 478401707.956433 231031281.048549 600411601.000000 0.000000 0.000000
 308 140 0 140 676 676 622560 624000 315929516.127190 229393096.266305 602050026.000000 0.000000 0.000000
 309 141 0 141 1082 1082 628464 633840 451202870.405388 241626479.573498 589812591.000000 0.000000 0.000000
 310 142 0 142 958 958 630512 629792 518330326.995792 235316955.008904 596116442.000000 0.000000 0.000000
 311 143 0 143 544 544 503920 504304 163252076.197797 241906164.352835 589481718.000000 0.000000 0.000000
 312 144 0 144 942 942 510096 503760 13989167.074246 47949677.147268 783548375.000000 0.000000 0.000000
 319 145 0 145 754 754 622736 619376 286095562.329793 239934331.363309 591829365.000000 0.000000 0.000000
 320 146 0 146 1178 1178 634096 629584 241455634.023894 227716327.670490 603890369.000000 0.000000 0.000000
 321 147 0 147 682 682 628752 626448 308387970.276131 238503049.251451 593112403.000000 0.000000 0.000000
 322 148 0 148 930 930 627856 633328 418666296.104492 235257546.904644 596289517.000000 0.000000 0.000000
 323 149 0 149 748 748 505344 501600 253721372.002395 227449835.932721 604039512.000000 0.000000 0.000000
 330 150 0 150 904 904 632336 626816 288454988.841320 239527073.767726 592507592.000000 0.000000 0.000000
 331 151 0 151 1574 1574 765968 773168 475911986.282644 240979250.283520 590793095.000000 0.000000 0.000000
 332 152 0 152 1064 1064 754272 764784 349175728.910506 239661639.803839 592797465.000000 0.000000 0.000000
 333 153 0 153 1022 1022 759280 756832 7806543.898098 54394942.933084 777229183.000000 0.000000 0.000000
 334 154 0 154 1392 1392 762240 769488 427652715.113399 237469990.338590 594149660.000000 0.000000 0.000000
 341 155 0 155 732 732 634656 634608 659170695.223538 229586639.456491 601962336.000000 0.000000 0.000000
 342 156 0 156 1096 1096 634208 637280 301051536.401317 239091428.672155 592446573.000000 0.000000 0.000000
 343 157 0 157 1082 1082 768768 762288 250922738.015688 238701151.472550 593069125.000000 0.000000 0.000000
 344 158 0 158 1540 1540 765264 764496 697539070.812183 236253480.634297 595390790.000000 0.000000 0.000000
 345 159 0 159 1070 1070 763200 758112 344983724.181279 244321489.255639 587318306.000000 0.000000 0.000000
 352 160 0 160 1070 1070 762960 761328 202684180.133704 232578234.602798 598975361.000000 0.000000 0.000000
 353 161 0 161 1002 1002 632368 633280 350720460.738850 234646297.236475 596894113.000000 0.000000 0.000000
 354 162 0 162 736 736 629648 627632 266876011.797666 226394239.098923 605129250.000000 0.000000 0.000000
 355 163 0 163 972 972 751936 758272 755752478.101328 234082758.324603 597453030.000000 0.000000 0.000000
 356 164 0 164 1762 1762 769920 774192 372531298.408266 240582757.316812 591059447.000000 0.000000 0.000000
 363 165 0 165 1684 1684 764032 766672 325542441.819521 233549614.669902 597993650.000000 0.000000 0.000000
 364 166 0 166 1410 1410 760896 762960 518808009.145499 239123644.789949 592421474.000000 0.000000 0.000000
 365 167 0 167 948 948 629584 631648 260562493.858050 236649647.773650 594846172.000000 0.000000 0.000000
 366 168 0 168 954 954 636928 635248 6493519.902872 28957988.322838 802504146.000000 0.000000 0.000000
 367 169 0 169 1270 1270 764064 762480 734108871.290248 223635631.865483 607848660.000000 0.000000 0.000000
 374 170 0 170 1506 1506 759744 761376 25147505.724248 44573114.895997 786953171.000000 0.000000 0.000000
 375 171 0 171 980 980 753952 755872 6421297.179470 38056457.172627 793469188.000000 0.000000 0.000000
 376 172 0 172 1702 1702 767456 772976 100747945.260476 121026379.634115 710474154.000000 0.000000 0.000000
 377 173 0 173 846 846 628224 633456 243468531.803222 236475000.365712 594977703.000000 0.000000 0.000000
 378 174 0 174 644 644 504432 504480 451537235.608806 239666037.327934 591771534.000000 0.000000 0.000000
 385 175 0 175 898 898 629008 630592 173196718.325268 77633289.456987 753831248.000000 0.000000 0.000000
 386 176 0 176 1394 1394 646064 640832 395854762.028617 182054536.495162 649868608.000000 0.000000 0.000000
 387 177 0 177 1448 1448 639376 642640 150597469.786333 179544844.164483 651926151.000000 0.000000 0.000000
 388 178 0 178 1090 1090 632064 636576 250140036.879456 184422750.915545 647025429.000000 0.000000 0.000000
 389 179 0 179 964 964 511216 509680 237653664.313200 227073932.733080 604859591.000000 0.000000 0.000000
 396 180 0 180 654 654 386480 380576 305270469.438243 235895796.956691 595556320.000000 0.000000 0.000000
 397 181 0 181 654 654 503696 504848 407931146.228605 183004433.974612 648476104.000000 0.000000 0.000000
 398 182 0 182 734 734 505232 506288 162101783.999931 188517481.072806 643060515.000000 0.000000 0.000000
 399 183 0 183 1032 1032 513760 510208 217637732.034907 161160423.140257 670314894.000000 0.000000 0.000000
 400 184 0 184 778 778 507072 502992 188608619.044938 231440118.367711 600051984.000000 0.000000 0.000000
 407 185 0 185 726 726 379568 380288 155477280.534089 161506513.588716 669876580.000000 0.000000 0.000000
 408 186 0 186 784 784 508000 504880 148009211.729593 182718063.947400 648781901.000000 0.000000 0.000000
 409 187 0 187 1380 1380 636608 637856 408965130.315925 233213314.719472 598559271.000000 0.000000 0.000000
 410 188 0 188 690 690 625216 626992 390508466.098156 162771827.769241 668844185.000000 0.000000 0.000000
 411 189 0 189 682 682 624640 625600 321798471.637622 231003882.211152 600620482.000000 0.000000 0.000000
 418 190 0 190 1206 1206 640240 635248 633551204.622000 228447473.020293 603103811.000000 0.000000 0.000000
 419 191 0 191 728 728 501328 505264 184131419.615380 229833438.753520 601626445.000000 0.000000 0.000000
 420 192 0 192 722 722 504384 505824 6369421.455636 40212350.098585 791313461.000000 0.000000 0.000000
 421 193 0 193 1064 1064 630992 636752 40054493.882051 74236186.851254 757304220.000000 0.000000 0.000000
 422 194 0 194 972 972 633456 631440 364850801.686899 227921879.039974 603722631.000000 0.000000 0.000000
 429 195 0 195 1156 1156 639328 635680 331872896.928623 228738860.365424 602806714.000000 0.000000 0.000000
 430 196 0 196 788 788 623344 629008 237306449.556772 237490437.264862 594057012.000000 0.000000 0.000000
 431 197 0 197 884 884 509120 511712 72025389.307594 121735873.296833 709675798.000000 0.000000 0.000000
 432 198 0 198 950 950 506496 506832 195231148.924913 164852026.015256 666599174.000000 0.000000 0.000000
 433 199 0 199 1086 1086 637728 640224 202162931.592109 161434067.393273 670052538.000000 0.000000 0.000000
 440 200 0 200 1188 1188 639888 638736 292375980.140270 120898064.430335 710630907.000000 0.000000 0.000000
 441 201 0 201 1102 1102 635808 634752 128110905.957389 120541262.347055 710987086.000000 0.000000 0.000000
 442 202 0 202 1612 1612 640704 639600 416056009.022031 226784064.827670 604719130.000000 0.000000 0.000000
 443 203 0 203 694 694 506704 504256 5906596.231589 119755447.630961 711680562.000000 0.000000 0.000000
 444 204 0 204 934 934 504896 508400 98821850.909636 124177881.738623 707237879.000000 0.000000 0.000000
 451 205 0 205 896 896 633104 633152 484465354.304800 187466883.553809 644000311.000000 0.000000 0.000000
 452 206 0 206 1174 1174 626864 633632 457731163.603090 183311393.524760 648613665.000000 0.000000 0.000000
 453 207 0 207 804 804 630752 631856 43738517.816997 77510791.404173 753962904.000000 0.000000 0.000000
 454 208 0 208 970 970 635776 635968 125667069.774057 117883693.871659 713569390.000000 0.000000 0.000000
 455 209 0 209 606 606 507216 505296 270521755.686507 232073260.673817 599862227.000000 0.000000 0.000000
 462 210 0 210 464 464 377376 377184 295781057.677786 162385042.471833 668963302.000000 0.000000 0.000000
 463 211 0 211 736 736 501488 503840 272711894.257260 186981301.951649 644945966.000000 0.000000 0.000000
 464 212 0 212 866 866 503504 507824 18391816.916701 48438821.684135 783490615.000000 0.000000 0.000000
 465 213 0 213 776 776 501200 504656 443160179.734816 237542764.308886 594386814.000000 0.000000 0.000000
 466 214 0 214 576 576 500176 504832 274124736.884554 235391364.725379 596546427.000000 0.000000 0.000000
 473 215 0 215 468 468 375408 379872 262568290.370759 227079229.857767 604858323.000000 0.000000 0.000000