# Format <LP id> <Terminal ID> <Total Data Size> <Aggregate packet latency> <# Flits/Packets finished> <Avg hops> <Busy Time>
 4 0 376640 1135.164951 1148 2.500541 0.000000
 5 1 509344 915.238482 1730 2.313109 0.000000
 6 2 504080 470.995836 1452 2.196831 0.000000
 7 3 508416 849.629862 1736 2.497024 0.000000
 13 4 499104 974.835833 1334 2.080460 0.000000
 14 5 376096 503.005455 1060 2.111991 0.000000
 15 6 506112 707.074067 1552 2.138710 0.000000
 16 7 627488 956.151660 1896 2.111038 0.000000
 22 8 644368 763.393963 2292 2.449167 0.000000
 23 9 632960 652.732208 2114 2.258874 0.000000
 24 10 631376 546.787578 2054 2.236284 0.000000
 25 11 505728 613.484882 1422 2.394118 0.000000
 31 12 514288 438.821100 1930 2.555170 0.000000
 32 13 641152 1138.329042 2124 2.248489 0.000000
 33 14 637696 864.182100 2162 2.263221 0.000000
 34 15 636384 668.275618 2154 2.419589 0.000000
 40 16 637152 1020.809669 2090 2.438994 0.000000
 41 17 505984 599.916949 1520 2.422168 0.000000
 42 18 508816 837.638667 1658 2.423611 0.000000
 43 19 639504 882.261428 2336 2.488864 0.000000
 49 20 636144 594.579235 2162 2.414810 0.000000
 50 21 632640 818.430187 1806 2.184388 0.000000
 51 22 640768 1359.480845 2244 2.278103 0.000000
 52 23 506448 793.793401 1642 2.451087 0.000000
 58 24 504944 849.891648 1566 2.404800 0.000000
 59 25 640272 1171.121364 1786 2.169344 0.000000
 60 26 634688 1164.152829 2132 2.442900 0.000000
 61 27 641440 666.661394 2350 2.643503 0.000000
 67 28 634000 885.811289 1990 2.415716 0.000000
 68 29 508944 727.558811 1586 2.455265 0.000000
 69 30 381808 695.945549 1334 2.293713 0.000000
 70 31 511040 984.370493 1680 2.463657 0.000000
 76 32 504320 949.993993 1562 2.592771 0.000000
 77 33 509392 660.760224 1698 2.219605 0.000000
 78 34 510896 1361.488436 1586 2.188889 0.000000
 79 35 380608 598.795133 1202 2.504712 0.000000
 85 36 503856 1103.659805 1530 2.893669 0.000000
 86 37 637328 661.045354 2106 2.658952 0.000000
 87 38 631024 1054.759912 1982 2.626429 0.000000
 88 39 629600 1178.365779 1816 2.751844 0.000000
 94 40 631264 1226.617352 2176 2.440455 0.000000
 95 41 510400 832.955621 1692 2.466262 0.000000
 96 42 637632 1130.927487 2096 2.440024 0.000000
 97 43 767184 760.979336 2356 2.363830 0.000000
 103 44 766272 1386.859442 2314 2.678341 0.000000
 104 45 778928 633.014351 3262 2.741866 0.000000
 105 46 763616 1578.906880 2296 2.531351 0.000000
 106 47 639328 922.047686 2124 2.798910 0.000000
 112 48 633024 1273.223815 1942 2.765957 0.000000
 113 49 776336 637.955193 3158 2.699693 0.000000
 114 50 765152 1120.088299 2346 2.570133 0.000000
 115 51 772240 860.022010 2418 2.707419 0.000000
 121 52 773616 828.495047 2818 2.796882 0.000000
 122 53 629184 1623.851429 1802 2.754398 0.000000
 123 54 634832 960.965012 1814 2.759545 0.000000
 124 55 769408 1322.029453 2662 2.755567 0.000000
 130 56 778736 917.879739 2928 2.799724 0.000000
 131 57 772368 1192.123340 2952 2.684211 0.000000
 132 58 765120 670.709809 2660 2.869694 0.000000
 133 59 640976 1024.424571 2326 3.146941 0.000000
 139 60 640624 1087.968189 2042 3.127239 0.000000
 140 61 765296 1729.880698 2268 2.835780 0.000000
 141 62 766448 915.540947 2772 2.780980 0.000000
 142 63 767264 939.842987 2382 3.052910 0.000000
 148 64 774688 1673.147138 3064 3.080233 0.000000
 149 65 641824 801.296370 2236 2.905516 0.000000
 150 66 507984 754.079293 1624 3.108934 0.000000
 151 67 638336 906.475726 1794 2.906166 0.000000
 157 68 643408 1113.122950 2676 2.750777 0.000000
 158 69 634800 745.777120 1898 2.385668 0.000000
 159 70 635232 712.646348 1974 2.246027 0.000000
 160 71 506944 1092.351898 1600 2.435127 0.000000
 166 72 509232 935.855593 1744 2.923994 0.000000
 167 73 634512 766.458259 2310 2.689873 0.000000
 168 74 638704 1177.283910 2298 2.687608 0.000000
 169 75 625712 764.134376 1774 2.736196 0.000000
 175 76 633456 800.096344 2040 2.422001 0.000000
 176 77 504640 582.615839 1492 2.404132 0.000000
 177 78 636368 661.591226 2052 2.441687 0.000000
 178 79 760672 2202.523627 2264 2.346827 0.000000
 184 80 763632 950.608631 2348 2.678610 0.000000
 185 81 769008 1958.360563 2774 2.628530 0.000000
 186 82 776752 976.611178 2844 2.646450 0.000000
 187 83 637888 971.639118 2186 2.797136 0.000000
 193 84 640720 542.658098 2172 2.828947 0.000000
 194 85 769600 1118.279718 3010 2.700952 0.000000
 195 86 763456 1806.573557 2402 2.588049 0.000000
 196 87 772496 620.525001 2856 2.790610 0.000000
 202 88 760736 2523.500712 2334 2.700538 0.000000
 203 89 647008 708.648479 2510 2.869306 0.000000
 204 90 647088 758.643314 2736 3.190379 0.000000
 205 91 781072 1640.223824 2978 3.084430 0.000000
 211 92 771440 995.520070 3018 3.088859 0.000000
 212 93 773728 703.468281 2776 2.930721 0.000000
 213 94 768016 1001.016030 2832 2.911017 0.000000
 214 95 633264 1239.499866 1856 3.058355 0.000000
 220 96 635920 1013.965307 2098 3.104359 0.000000
 221 97 772064 759.829103 2774 2.898184 0.000000
 222 98 760960 1456.000390 2358 2.861111 0.000000
 223 99 772544 1494.471295 2896 3.052632 0.000000
 229 100 762112 1007.485477 2314 2.957906 0.000000
 230 101 639840 1087.256874 2136 3.117291 0.000000
 231 102 508272 629.306757 1720 2.933983 0.000000
 232 103 634592 1032.233153 1834 2.724000 0.000000
 238 104 634768 756.085835 2280 2.524666 0.000000
 239 105 638688 785.971731 2184 2.329559 0.000000
 240 106 634496 1292.029934 2138 2.297346 0.000000
 241 107 508544 514.892074 1632 2.467654 0.000000
 247 108 509184 580.648166 1650 2.910425 0.000000
 248 109 640960 735.759692 2358 2.737110 0.000000
 249 110 634720 864.896396 1992 2.625790 0.000000
 250 111 628912 679.297484 1978 2.787763 0.000000
 256 112 638640 1450.694037 2224 2.489712 0.000000
 257 113 501456 728.416888 1402 2.385408 0.000000
 258 114 625424 1315.972641 1766 2.345890 0.000000
 259 115 774992 753.736438 2808 2.482431 0.000000
 265 116 778064 1221.853841 3036 2.804133 0.000000
 266 117 774752 572.972309 3324 2.733670 0.000000
 267 118 763280 859.160784 2348 2.533903 0.000000
 268 119 635792 1115.378994 1976 2.739796 0.000000
 274 120 640064 562.059318 2420 2.860011 0.000000
 275 121 761152 939.282398 2802 2.666667 0.000000
 276 122 760592 754.793477 2418 2.863302 0.000000
 277 123 763600 1082.447585 2814 3.061341 0.000000
 283 124 764192 887.941976 2582 3.052923 0.000000
 284 125 635120 1090.702947 2070 3.143034 0.000000
 285 126 632624 948.457875 1868 3.090789 0.000000
 286 127 766112 1048.418099 2752 3.275265 0.000000
 292 128 759072 1248.130128 2394 3.234020 0.000000
 293 129 764544 686.908542 2772 2.919789 0.000000
 294 130 771520 1359.475917 2970 2.967860 0.000000
 295 131 637808 706.546759 2376 3.187217 0.000000
 301 132 640032 1307.775060 2284 3.152199 0.000000
 302 133 776096 841.777157 3178 2.962025 0.000000
 303 134 771792 1155.463492 2842 2.679228 0.000000
 304 135 774640 927.449856 2996 2.797273 0.000000
 310 136 764448 1247.942047 2310 2.662352 0.000000
 311 137 639344 1216.646374 2286 2.812030 0.000000
 312 138 512400 726.788226 1680 2.916031 0.000000
 313 139 639760 978.576115 2170 2.812761 0.000000
 319 140 627840 836.532486 1782 2.333787 0.000000
 320 141 637680 991.573090 2194 2.307784 0.000000
 321 142 633632 563.882994 2064 2.265760 0.000000
 322 143 507376 600.843786 1452 2.379715 0.000000
 328 144 506832 986.085953 1824 2.967225 0.000000
 329 145 623216 1122.293234 1838 2.576872 0.000000
 330 146 633424 962.020011 2278 2.703380 0.000000
 331 147 630288 1374.300320 1782 2.735811 0.000000
 337 148 637168 1025.529062 2030 2.415835 0.000000
 338 149 504672 760.162428 1646 2.460465 0.000000
 339 150 630656 702.477897 1992 2.431286 0.000000
 340 151 777776 968.387394 2884 2.514925 0.000000
 346 152 769392 715.101204 2380 2.678666 0.000000
 347 153 761440 1723.144802 2318 2.559935 0.000000
 348 154 774096 1258.303594 2718 2.877551 0.000000
 349 155 638448 1092.543905 1852 3.084155 0.000000
 355 156 641120 1081.762212 2220 3.147734 0.000000
 356 157 766896 935.873876 2386 2.861214 0.000000
 357 158 769104 1504.929093 2842 2.919225 0.000000
 358 159 762720 1132.521885 2366 3.232571 0.000000
 364 160 765936 1980.069064 2384 3.215945 0.000000
 365 161 637120 1112.253929 2132 3.086270 0.000000
 366 162 631472 1547.732963 1844 3.137542 0.000000
 367 163 762880 706.541973 2290 3.007580 0.000000
 373 164 778800 1114.079655 3064 3.070347 0.000000
 374 165 771280 1250.791868 2988 2.918956 0.000000
 375 166 767568 1062.753542 2710 2.652469 0.000000
 376 167 635488 903.238547 2068 2.791975 0.000000
 382 168 639088 1209.660514 2064 2.813003 0.000000
 383 169 767088 1664.952199 2572 2.617053 0.000000
 384 170 765984 1080.952677 2810 2.635367 0.000000
 385 171 760480 1493.412405 2292 2.672619 0.000000
 391 172 777584 1445.669482 3016 2.766832 0.000000
 392 173 637296 893.170870 1954 2.738462 0.000000
 393 174 507552 592.430273 1542 2.892828 0.000000
 394 175 634432 1114.678136 2002 2.760911 0.000000
 400 176 644672 594.693959 2494 2.525054 0.000000
 401 177 646480 893.242197 2560 2.381565 0.000000
 402 178 640416 779.112082 2190 2.300650 0.000000
 403 179 512752 823.729455 1866 2.514286 0.000000
 409 180 382880 634.277718 1338 2.572549 0.000000
 410 181 507920 860.667029 1544 2.210950 0.000000
 411 182 509360 491.642924 1628 2.263403 0.000000
 412 183 513280 551.391217 1932 2.550624 0.000000
 418 184 506064 878.764288 1666 2.267843 0.000000
 419 185 382592 515.159933 1402 2.293006 0.000000
 420 186 507952 851.547917 1678 2.470588 0.000000
 421 187 641696 628.922641 2482 2.534539 0.000000
 427 188 630832 770.584479 1796 2.725861 0.000000
 428 189 629440 1107.254823 1792 2.551491 0.000000
 429 190 639088 873.676250 2302 2.641869 0.000000
 430 191 508336 768.011036 1628 2.814008 0.000000
 436 192 508896 701.401618 1618 2.677067 0.000000
 437 193 640592 848.050104 2182 2.485765 0.000000
 438 194 635280 663.117023 2084 2.599509 0.000000
 439 195 639520 643.779788 2256 2.802217 0.000000
 445 196 632848 664.327072 1888 2.748698 0.000000
 446 197 514784 849.316814 1798 2.916058 0.000000
 447 198 509904 552.580244 1842 2.544669 0.000000
 448 199 644064 979.995183 2202 2.458726 0.000000
 454 200 642576 590.632360 2298 2.464902 0.000000
 455 201 638592 989.671134 2204 2.303371 0.000000
 456 202 643440 468.493269 2710 2.427469 0.000000
 457 203 507328 814.820507 1598 2.454403 0.000000
 463 204 511472 926.795171 1832 2.519798 0.000000
 464 205 636992 640.818702 1996 2.225583 0.000000
 465 206 637472 872.270719 2280 2.311124 0.000000
 466 207 635696 1501.435231 1904 2.371114 0.000000
 472 208 639808 882.241549 2082 2.413793 0.000000
 473 209 508368 1049.743901 1506 2.397383 0.000000
 474 210 379488 560.924255 1154 2.467240 0.000000
 475 211 506912 1012.149790 1638 2.437256 0.000000
 481 212 510896 1024.277290 1774 2.177550 0.000000
 482 213 507728 556.549498 1680 1.973160 0.000000
 483 214 507904 554.887032 1480 1.894996 0.000000
 484 215 382176 1080.721366 1158 2.121115 0.000000
 490 216 0 nan 0 nan 0.000000
 491 217 0 nan 0 nan 0.000000
 492 218 0 nan 0 nan 0.000000
 493 219 0 nan 0 nan 0.000000
 499 220 0 nan 0 nan 0.000000
 500 221 0 nan 0 nan 0.000000
 501 222 0 nan 0 nan 0.000000
 502 223 0 nan 0 nan 0.000000
 508 224 0 nan 0 nan 0.000000
 509 225 0 nan 0 nan 0.000000
 510 226 0 nan 0 nan 0.000000
 511 227 0 nan 0 nan 0.000000
 517 228 0 nan 0 nan 0.000000
 518 229 0 nan 0 nan 0.000000
 519 230 0 nan 0 nan 0.000000
 520 231 0 nan 0 nan 0.000000
 526 232 0 nan 0 nan 0.000000
 527 233 0 nan 0 nan 0.000000
 528 234 0 nan 0 nan 0.000000
 529 235 0 nan 0 nan 0.000000
 535 236 0 nan 0 nan 0.000000
 536 237 0 nan 0 nan 0.000000
 537 238 0 nan 0 nan 0.000000
 538 239 0 nan 0 nan 0.000000
 544 240 0 nan 0 nan 0.000000
 545 241 0 nan 0 nan 0.000000
 546 242 0 nan 0 nan 0.000000
 547 243 0 nan 0 nan 0.000000
 553 244 0 nan 0 nan 0.000000
 554 245 0 nan 0 nan 0.000000
 555 246 0 nan 0 nan 0.000000
 556 247 0 nan 0 nan 0.000000
 562 248 0 nan 0 nan 0.000000
 563 249 0 nan 0 nan 0.000000
 564 250 0 nan 0 nan 0.000000
 565 251 0 nan 0 nan 0.000000
 571 252 0 nan 0 nan 0.000000
 572 253 0 nan 0 nan 0.000000
 573 254 0 nan 0 nan 0.000000
 574 255 0 nan 0 nan 0.000000
 580 256 0 nan 0 nan 0.000000
 581 257 0 nan 0 nan 0.000000
 582 258 0 nan 0 nan 0.000000
 583 259 0 nan 0 nan 0.000000
 589 260 0 nan 0 nan 0.000000
 590 261 0 nan 0 nan 0.000000
 591 262 0 nan 0 nan 0.000000
 592 263 0 nan 0 nan 0.000000
 598 264 0 nan 0 nan 0.000000
 599 265 0 nan 0 nan 0.000000
 600 266 0 nan 0 nan 0.000000
 601 267 0 nan 0 nan 0.000000
 607 268 0 nan 0 nan 0.000000
 608 269 0 nan 0 nan 0.000000
 609 270 0 nan 0 nan 0.000000
 610 271 0 nan 0 nan 0.000000
 616 272 0 nan 0 nan 0.000000
 617 273 0 nan 0 nan 0.000000
 618 274 0 nan 0 nan 0.000000
 619 275 0 nan 0 nan 0.000000
 625 276 0 nan 0 nan 0.000000
 626 277 0 nan 0 nan 0.000000
 627 278 0 nan 0 nan 0.000000
 628 279 0 nan 0 nan 0.000000
 634 280 0 nan 0 nan 0.000000
 635 281 0 nan 0 nan 0.000000
 636 282 0 nan 0 nan 0.000000
 637 283 0 nan 0 nan 0.000000
 643 284 0 nan 0 nan 0.000000
 644 285 0 nan 0 nan 0.000000
 645 286 0 nan 0 nan 0.000000
 646 287 0 nan 0 nan 0.000000
 652 288 0 nan 0 nan 0.000000
 653 289 0 nan 0 nan 0.000000
 654 290 0 nan 0 nan 0.000000
 655 291 0 nan 0 nan 0.000000
 661 292 0 nan 0 nan 0.000000
 662 293 0 nan 0 nan 0.000000
 663 294 0 nan 0 nan 0.000000
 664 295 0 nan 0 nan 0.000000
 670 296 0 nan 0 nan 0.000000
 671 297 0 nan 0 nan 0.000000
 672 298 0 nan 0 nan 0.000000
 673 299 0 nan 0 nan 0.000000
 679 300 0 nan 0 nan 0.000000
 680 301 0 nan 0 nan 0.000000
 681 302 0 nan 0 nan 0.000000
 682 303 0 nan 0 nan 0.000000
 688 304 0 nan 0 nan 0.000000
 689 305 0 nan 0 nan 0.000000
 690 306 0 nan 0 nan 0.000000
 691 307 0 nan 0 nan 0.000000
 697 308 0 nan 0 nan 0.000000
 698 309 0 nan 0 nan 0.000000
 699 310 0 nan 0 nan 0.000000
 700 311 0 nan 0 nan 0.000000
 706 312 0 nan 0 nan 0.000000
 707 313 0 nan 0 nan 0.000000
 708 314 0 nan 0 nan 0.000000
 709 315 0 nan 0 nan 0.000000
 715 316 0 nan 0 nan 0.000000
 716 317 0 nan 0 nan 0.000000
 717 318 0 nan 0 nan 0.000000
 718 319 0 nan 0 nan 0.000000
 724 320 0 nan 0 nan 0.000000
 725 321 0 nan 0 nan 0.000000
 726 322 0 nan 0 nan 0.000000
 727 323 0 nan 0 nan 0.000000
 733 324 0 nan 0 nan 0.000000
 734 325 0 nan 0 nan 0.000000
 735 326 0 nan 0 nan 0.000000
 736 327 0 nan 0 nan 0.000000
 742 328 0 nan 0 nan 0.000000
 743 329 0 nan 0 nan 0.000000
 744 330 0 nan 0 nan 0.000000
 745 331 0 nan 0 nan 0.000000
 751 332 0 nan 0 nan 0.000000
 752 333 0 nan 0 nan 0.000000
 753 334 0 nan 0 nan 0.000000
 754 335 0 nan 0 nan 0.000000
 760 336 0 nan 0 nan 0.000000
 761 337 0 nan 0 nan 0.000000
 762 338 0 nan 0 nan 0.000000
 763 339 0 nan 0 nan 0.000000
 769 340 0 nan 0 nan 0.000000
 770 341 0 nan 0 nan 0.000000
 771 342 0 nan 0 nan 0.000000
 772 343 0 nan 0 nan 0.000000
 778 344 0 nan 0 nan 0.000000
 779 345 0 nan 0 nan 0.000000
 780 346 0 nan 0 nan 0.000000
 781 347 0 nan 0 nan 0.000000
 787 348 0 nan 0 nan 0.000000
 788 349 0 nan 0 nan 0.000000
 789 350 0 nan 0 nan 0.000000
 790 351 0 nan 0 nan 0.000000
 796 352 0 nan 0 nan 0.000000
 797 353 0 nan 0 nan 0.000000
 798 354 0 nan 0 nan 0.000000
 799 355 0 nan 0 nan 0.000000
 805 356 0 nan 0 nan 0.000000
 806 357 0 nan 0 nan 0.000000
 807 358 0 nan 0 nan 0.000000
 808 359 0 nan 0 nan 0.000000
 814 360 0 nan 0 nan 0.000000
 815 361 0 nan 0 nan 0.000000
 816 362 0 nan 0 nan 0.000000
 817 363 0 nan 0 nan 0.000000
 823 364 0 nan 0 nan 0.000000
 824 365 0 nan 0 nan 0.000000
 825 366 0 nan 0 nan 0.000000
 826 367 0 nan 0 nan 0.000000
 832 368 0 nan 0 nan 0.000000
 833 369 0 nan 0 nan 0.000000
 834 370 0 nan 0 nan 0.000000
 835 371 0 nan 0 nan 0.000000
 841 372 0 nan 0 nan 0.000000
 842 373 0 nan 0 nan 0.000000
 843 374 0 nan 0 nan 0.000000
 844 375 0 nan 0 nan 0.000000
 850 376 0 nan 0 nan 0.000000
 851 377 0 nan 0 nan 0.000000
 852 378 0 nan 0 nan 0.000000
 853 379 0 nan 0 nan 0.000000
 859 380 0 nan 0 nan 0.000000
 860 381 0 nan 0 nan 0.000000
 861 382 0 nan 0 nan 0.000000
 862 383 0 nan 0 nan 0.000000
 868 384 0 nan 0 nan 0.000000
 869 385 0 nan 0 nan 0.000000
 870 386 0 nan 0 nan 0.000000
 871 387 0 nan 0 nan 0.000000
 877 388 0 nan 0 nan 0.000000
 878 389 0 nan 0 nan 0.000000
 879 390 0 nan 0 nan 0.000000
 880 391 0 nan 0 nan 0.000000
 886 392 0 nan 0 nan 0.000000
 887 393 0 nan 0 nan 0.000000
 888 394 0 nan 0 nan 0.000000
 889 395 0 nan 0 nan 0.000000
 895 396 0 nan 0 nan 0.000000
 896 397 0 nan 0 nan 0.000000
 897 398 0 nan 0 nan 0.000000
 898 399 0 nan 0 nan 0.000000
 904 400 0 nan 0 nan 0.000000
 905 401 0 nan 0 nan 0.000000
 906 402 0 nan 0 nan 0.000000
 907 403 0 nan 0 nan 0.000000
 913 404 0 nan 0 nan 0.000000
 914 405 0 nan 0 nan 0.000000
 915 406 0 nan 0 nan 0.000000
 916 407 0 nan 0 nan 0.000000
 922 408 0 nan 0 nan 0.000000
 923 409 0 nan 0 nan 0.000000
 924 410 0 nan 0 nan 0.000000
 925 411 0 nan 0 nan 0.000000
 931 412 0 nan 0 nan 0.000000
 932 413 0 nan 0 nan 0.000000
 933 414 0 nan 0 nan 0.000000
 934 415 0 nan 0 nan 0.000000
 940 416 0 nan 0 nan 0.000000
 941 417 0 nan 0 nan 0.000000
 942 418 0 nan 0 nan 0.000000
 943 419 0 nan 0 nan 0.000000
 949 420 0 nan 0 nan 0.000000
 950 421 0 nan 0 nan 0.000000
 951 422 0 nan 0 nan 0.000000
 952 423 0 nan 0 nan 0.000000
 958 424 0 nan 0 nan 0.000000
 959 425 0 nan 0 nan 0.000000
 960 426 0 nan 0 nan 0.000000
 961 427 0 nan 0 nan 0.000000
 967 428 0 nan 0 nan 0.000000
 968 429 0 nan 0 nan 0.000000
 969 430 0 nan 0 nan 0.000000
 970 431 0 nan 0 nan 0.000000
 976 432 0 nan 0 nan 0.000000
 977 433 0 nan 0 nan 0.000000
 978 434 0 nan 0 nan 0.000000
 979 435 0 nan 0 nan 0.000000
 985 436 0 nan 0 nan 0.000000
 986 437 0 nan 0 nan 0.000000
 987 438 0 nan 0 nan 0.000000
 988 439 0 nan 0 nan 0.000000
 994 440 0 nan 0 nan 0.000000
 995 441 0 nan 0 nan 0.000000
 996 442 0 nan 0 nan 0.000000
 997 443 0 nan 0 nan 0.000000
 1003 444 0 nan 0 nan 0.000000
 1004 445 0 nan 0 nan 0.000000
 1005 446 0 nan 0 nan 0.000000
 1006 447 0 nan 0 nan 0.000000
 1012 448 0 nan 0 nan 0.000000
 1013 449 0 nan 0 nan 0.000000
 1014 450 0 nan 0 nan 0.000000
 1015 451 0 nan 0 nan 0.000000
 1021 452 0 nan 0 nan 0.000000
 1022 453 0 nan 0 nan 0.000000
 1023 454 0 nan 0 nan 0.000000
 1024 455 0 nan 0 nan 0.000000
 1030 456 0 nan 0 nan 0.000000
 1031 457 0 nan 0 nan 0.000000
 1032 458 0 nan 0 nan 0.000000
 1033 459 0 nan 0 nan 0.000000
 1039 460 0 nan 0 nan 0.000000
 1040 461 0 nan 0 nan 0.000000
 1041 462 0 nan 0 nan 0.000000
 1042 463 0 nan 0 nan 0.000000
 1048 464 0 nan 0 nan 0.000000
 1049 465 0 nan 0 nan 0.000000
 1050 466 0 nan 0 nan 0.000000
 1051 467 0 nan 0 nan 0.000000
 1057 468 0 nan 0 nan 0.000000
 1058 469 0 nan 0 nan 0.000000
 1059 470 0 nan 0 nan 0.000000
 1060 471 0 nan 0 nan 0.000000
 1066 472 0 nan 0 nan 0.000000
 1067 473 0 nan 0 nan 0.000000
 1068 474 0 nan 0 nan 0.000000
 1069 475 0 nan 0 nan 0.000000
 1075 476 0 nan 0 nan 0.000000
 1076 477 0 nan 0 nan 0.000000
 1077 478 0 nan 0 nan 0.000000
 1078 479 0 nan 0 nan 0.000000
 1084 480 0 nan 0 nan 0.000000
 1085 481 0 nan 0 nan 0.000000
 1086 482 0 nan 0 nan 0.000000
 1087 483 0 nan 0 nan 0.000000
 1093 484 0 nan 0 nan 0.000000
 1094 485 0 nan 0 nan 0.000000
 1095 486 0 nan 0 nan 0.000000
 1096 487 0 nan 0 nan 0.000000
 1102 488 0 nan 0 nan 0.000000
 1103 489 0 nan 0 nan 0.000000
 1104 490 0 nan 0 nan 0.000000
 1105 491 0 nan 0 nan 0.000000
 1111 492 0 nan 0 nan 0.000000
 1112 493 0 nan 0 nan 0.000000
 1113 494 0 nan 0 nan 0.000000
 1114 495 0 nan 0 nan 0.000000
 1120 496 0 nan 0 nan 0.000000
 1121 497 0 nan 0 nan 0.000000
 1122 498 0 nan 0 nan 0.000000
 1123 499 0 nan 0 nan 0.000000
 1129 500 0 nan 0 nan 0.000000
 1130 501 0 nan 0 nan 0.000000
 1131 502 0 nan 0 nan 0.000000
 1132 503 0 nan 0 nan 0.000000
 1138 504 0 nan 0 nan 0.000000
 1139 505 0 nan 0 nan 0.000000
 1140 506 0 nan 0 nan 0.000000
 1141 507 0 nan 0 nan 0.000000
 1147 508 0 nan 0 nan 0.000000
 1148 509 0 nan 0 nan 0.000000
 1149 510 0 nan 0 nan 0.000000
 1150 511 0 nan 0 nan 0.000000
 1156 512 0 nan 0 nan 0.000000
 1157 513 0 nan 0 nan 0.000000
 1158 514 0 nan 0 nan 0.000000
 1159 515 0 nan 0 nan 0.000000
 1165 516 0 nan 0 nan 0.000000
 1166 517 0 nan 0 nan 0.000000
 1167 518 0 nan 0 nan 0.000000
 1168 519 0 nan 0 nan 0.000000
 1174 520 0 nan 0 nan 0.000000
 1175 521 0 nan 0 nan 0.000000
 1176 522 0 nan 0 nan 0.000000
 1177 523 0 nan 0 nan 0.000000
 1183 524 0 nan 0 nan 0.000000
 1184 525 0 nan 0 nan 0.000000
 1185 526 0 nan 0 nan 0.000000
 1186 527 0 nan 0 nan 0.000000
 1192 528 0 nan 0 nan 0.000000
 1193 529 0 nan 0 nan 0.000000
 1194 530 0 nan 0 nan 0.000000
 1195 531 0 nan 0 nan 0.000000
 1201 532 0 nan 0 nan 0.000000
 1202 533 0 nan 0 nan 0.000000
 1203 534 0 nan 0 nan 0.000000
 1204 535 0 nan 0 nan 0.000000
 1210 536 0 nan 0 nan 0.000000
 1211 537 0 nan 0 nan 0.000000
 1212 538 0 nan 0 nan 0.000000
 1213 539 0 nan 0 nan 0.000000
 1219 540 0 nan 0 nan 0.000000
 1220 541 0 nan 0 nan 0.000000
 1221 542 0 nan 0 nan 0.000000
 1222 543 0 nan 0 nan 0.000000
 1228 544 0 nan 0 nan 0.000000
 1229 545 0 nan 0 nan 0.000000
 1230 546 0 nan 0 nan 0.000000
 1231 547 0 nan 0 nan 0.000000
 1237 548 0 nan 0 nan 0.000000
 1238 549 0 nan 0 nan 0.000000
 1239 550 0 nan 0 nan 0.000000
 1240 551 0 nan 0 nan 0.000000
 1246 552 0 nan 0 nan 0.000000
 1247 553 0 nan 0 nan 0.000000
 1248 554 0 nan 0 nan 0.000000
 1249 555 0 nan 0 nan 0.000000
 1255 556 0 nan 0 nan 0.000000
 1256 557 0 nan 0 nan 0.000000
 1257 558 0 nan 0 nan 0.000000
 1258 559 0 nan 0 nan 0.000000
 1264 560 0 nan 0 nan 0.000000
 1265 561 0 nan 0 nan 0.000000
 1266 562 0 nan 0 nan 0.000000
 1267 563 0 nan 0 nan 0.000000
 1273 564 0 nan 0 nan 0.000000
 1274 565 0 nan 0 nan 0.000000
 1275 566 0 nan 0 nan 0.000000
 1276 567 0 nan 0 nan 0.000000
 1282 568 0 nan 0 nan 0.000000
 1283 569 0 nan 0 nan 0.000000
 1284 570 0 nan 0 nan 0.000000
 1285 571 0 nan 0 nan 0.000000
 1291 572 0 nan 0 nan 0.000000
 1292 573 0 nan 0 nan 0.000000
 1293 574 0 nan 0 nan 0.000000
 1294 575 0 nan 0 nan 0.000000
 1300 576 0 nan 0 nan 0.000000
 1301 577 0 nan 0 nan 0.000000
 1302 578 0 nan 0 nan 0.000000
 1303 579 0 nan 0 nan 0.000000
 1309 580 0 nan 0 nan 0.000000
 1310 581 0 nan 0 nan 0.000000
 1311 582 0 nan 0 nan 0.000000
 1312 583 0 nan 0 nan 0.000000
 1318 584 0 nan 0 nan 0.000000
 1319 585 0 nan 0 nan 0.000000
 1320 586 0 nan 0 nan 0.000000
 1321 587 0 nan 0 nan 0.000000
 1327 588 0 nan 0 nan 0.000000
 1328 589 0 nan 0 nan 0.000000
 1329 590 0 nan 0 nan 0.000000
 1330 591 0 nan 0 nan 0.000000
 1336 592 0 nan 0 nan 0.000000
 1337 593 0 nan 0 nan 0.000000
 1338 594 0 nan 0 nan 0.000000
 1339 595 0 nan 0 nan 0.000000
 1345 596 0 nan 0 nan 0.000000
 1346 597 0 nan 0 nan 0.000000
 1347 598 0 nan 0 nan 0.000000
 1348 599 0 nan 0 nan 0.000000
 1354 600 0 nan 0 nan 0.000000
 1355 601 0 nan 0 nan 0.000000
 1356 602 0 nan 0 nan 0.000000
 1357 603 0 nan 0 nan 0.000000
 1363 604 0 nan 0 nan 0.000000
 1364 605 0 nan 0 nan 0.000000
 1365 606 0 nan 0 nan 0.000000
 1366 607 0 nan 0 nan 0.000000
 1372 608 0 nan 0 nan 0.000000
 1373 609 0 nan 0 nan 0.000000
 1374 610 0 nan 0 nan 0.000000
 1375 611 0 nan 0 nan 0.000000
 1381 612 0 nan 0 nan 0.000000
 1382 613 0 nan 0 nan 0.000000
 1383 614 0 nan 0 nan 0.000000
 1384 615 0 nan 0 nan 0.000000
 1390 616 0 nan 0 nan 0.000000
 1391 617 0 nan 0 nan 0.000000
 1392 618 0 nan 0 nan 0.000000
 1393 619 0 nan 0 nan 0.000000
 1399 620 0 nan 0 nan 0.000000
 1400 621 0 nan 0 nan 0.000000
 1401 622 0 nan 0 nan 0.000000
 1402 623 0 nan 0 nan 0.000000
 1408 624 0 nan 0 nan 0.000000
 1409 625 0 nan 0 nan 0.000000
 1410 626 0 nan 0 nan 0.000000
 1411 627 0 nan 0 nan 0.000000
 1417 628 0 nan 0 nan 0.000000
 1418 629 0 nan 0 nan 0.000000
 1419 630 0 nan 0 nan 0.000000
 1420 631 0 nan 0 nan 0.000000
 1426 632 0 nan 0 nan 0.000000
 1427 633 0 nan 0 nan 0.000000
 1428 634 0 nan 0 nan 0.000000
 1429 635 0 nan 0 nan 0.000000
 1435 636 0 nan 0 nan 0.000000
 1436 637 0 nan 0 nan 0.000000
 1437 638 0 nan 0 nan 0.000000
 1438 639 0 nan 0 nan 0.000000
 1444 640 0 nan 0 nan 0.000000
 1445 641 0 nan 0 nan 0.000000
 1446 642 0 nan 0 nan 0.000000
 1447 643 0 nan 0 nan 0.000000
 1453 644 0 nan 0 nan 0.000000
 1454 645 0 nan 0 nan 0.000000
 1455 646 0 nan 0 nan 0.000000
 1456 647 0 nan 0 nan 0.000000
 1462 648 0 nan 0 nan 0.000000
 1463 649 0 nan 0 nan 0.000000
 1464 650 0 nan 0 nan 0.000000
 1465 651 0 nan 0 nan 0.000000
 1471 652 0 nan 0 nan 0.000000
 1472 653 0 nan 0 nan 0.000000
 1473 654 0 nan 0 nan 0.000000
 1474 655 0 nan 0 nan 0.000000
 1480 656 0 nan 0 nan 0.000000
 1481 657 0 nan 0 nan 0.000000
 1482 658 0 nan 0 nan 0.000000
 1483 659 0 nan 0 nan 0.000000
 1489 660 0 nan 0 nan 0.000000
 1490 661 0 nan 0 nan 0.000000
 1491 662 0 nan 0 nan 0.000000
 1492 663 0 nan 0 nan 0.000000
 1498 664 0 nan 0 nan 0.000000
 1499 665 0 nan 0 nan 0.000000
 1500 666 0 nan 0 nan 0.000000
 1501 667 0 nan 0 nan 0.000000
 1507 668 0 nan 0 nan 0.000000
 1508 669 0 nan 0 nan 0.000000
 1509 670 0 nan 0 nan 0.000000
 1510 671 0 nan 0 nan 0.000000
 1516 672 0 nan 0 nan 0.000000
 1517 673 0 nan 0 nan 0.000000
 1518 674 0 nan 0 nan 0.000000
 1519 675 0 nan 0 nan 0.000000
 1525 676 0 nan 0 nan 0.000000
 1526 677 0 nan 0 nan 0.000000
 1527 678 0 nan 0 nan 0.000000
 1528 679 0 nan 0 nan 0.000000
 1534 680 0 nan 0 nan 0.000000
 1535 681 0 nan 0 nan 0.000000
 1536 682 0 nan 0 nan 0.000000
 1537 683 0 nan 0 nan 0.000000
 1543 684 0 nan 0 nan 0.000000
 1544 685 0 nan 0 nan 0.000000
 1545 686 0 nan 0 nan 0.000000
 1546 687 0 nan 0 nan 0.000000
 1552 688 0 nan 0 nan 0.000000
 1553 689 0 nan 0 nan 0.000000
 1554 690 0 nan 0 nan 0.000000
 1555 691 0 nan 0 nan 0.000000
 1561 692 0 nan 0 nan 0.000000
 1562 693 0 nan 0 nan 0.000000
 1563 694 0 nan 0 nan 0.000000
 1564 695 0 nan 0 nan 0.000000
 1570 696 0 nan 0 nan 0.000000
 1571 697 0 nan 0 nan 0.000000
 1572 698 0 nan 0 nan 0.000000
 1573 699 0 nan 0 nan 0.000000
 1579 700 0 nan 0 nan 0.000000
 1580 701 0 nan 0 nan 0.000000
 1581 702 0 nan 0 nan 0.000000
 1582 703 0 nan 0 nan 0.000000
 1588 704 0 nan 0 nan 0.000000
 1589 705 0 nan 0 nan 0.000000
 1590 706 0 nan 0 nan 0.000000
 1591 707 0 nan 0 nan 0.000000
 1597 708 0 nan 0 nan 0.000000
 1598 709 0 nan 0 nan 0.000000
 1599 710 0 nan 0 nan 0.000000
 1600 711 0 nan 0 nan 0.000000
 1606 712 0 nan 0 nan 0.000000
 1607 713 0 nan 0 nan 0.000000
 1608 714 0 nan 0 nan 0.000000
 1609 715 0 nan 0 nan 0.000000
 1615 716 0 nan 0 nan 0.000000
 1616 717 0 nan 0 nan 0.000000
 1617 718 0 nan 0 nan 0.000000
 1618 719 0 nan 0 nan 0.000000
 1624 720 0 nan 0 nan 0.000000
 1625 721 0 nan 0 nan 0.000000
 1626 722 0 nan 0 nan 0.000000
 1627 723 0 nan 0 nan 0.000000
 1633 724 0 nan 0 nan 0.000000
 1634 725 0 nan 0 nan 0.000000
 1635 726 0 nan 0 nan 0.000000
 1636 727 0 nan 0 nan 0.000000
 1642 728 0 nan 0 nan 0.000000
 1643 729 0 nan 0 nan 0.000000
 1644 730 0 nan 0 nan 0.000000
 1645 731 0 nan 0 nan 0.000000
 1651 732 0 nan 0 nan 0.000000
 1652 733 0 nan 0 nan 0.000000
 1653 734 0 nan 0 nan 0.000000
 1654 735 0 nan 0 nan 0.000000
 1660 736 0 nan 0 nan 0.000000
 1661 737 0 nan 0 nan 0.000000
 1662 738 0 nan 0 nan 0.000000
 1663 739 0 nan 0 nan 0.000000
 1669 740 0 nan 0 nan 0.000000
 1670 741 0 nan 0 nan 0.000000
 1671 742 0 nan 0 nan 0.000000
 1672 743 0 nan 0 nan 0.000000
 1678 744 0 nan 0 nan 0.000000
 1679 745 0 nan 0 nan 0.000000
 1680 746 0 nan 0 nan 0.000000
 1681 747 0 nan 0 nan 0.000000
 1687 748 0 nan 0 nan 0.000000
 1688 749 0 nan 0 nan 0.000000
 1689 750 0 nan 0 nan 0.000000
 1690 751 0 nan 0 nan 0.000000
 1696 752 0 nan 0 nan 0.000000
 1697 753 0 nan 0 nan 0.000000
 1698 754 0 nan 0 nan 0.000000
 1699 755 0 nan 0 nan 0.000000
 1705 756 0 nan 0 nan 0.000000
 1706 757 0 nan 0 nan 0.000000
 1707 758 0 nan 0 nan 0.000000
 1708 759 0 nan 0 nan 0.000000
 1714 760 0 nan 0 nan 0.000000
 1715 761 0 nan 0 nan 0.000000
 1716 762 0 nan 0 nan 0.000000
 1717 763 0 nan 0 nan 0.000000
 1723 764 0 nan 0 nan 0.000000
 1724 765 0 nan 0 nan 0.000000
 1725 766 0 nan 0 nan 0.000000
 1726 767 0 nan 0 nan 0.000000
 1732 768 0 nan 0 nan 0.000000
 1733 769 0 nan 0 nan 0.000000
 1734 770 0 nan 0 nan 0.000000
 1735 771 0 nan 0 nan 0.000000
 1741 772 0 nan 0 nan 0.000000
 1742 773 0 nan 0 nan 0.000000
 1743 774 0 nan 0 nan 0.000000
 1744 775 0 nan 0 nan 0.000000
 1750 776 0 nan 0 nan 0.000000
 1751 777 0 nan 0 nan 0.000000
 1752 778 0 nan 0 nan 0.000000
 1753 779 0 nan 0 nan 0.000000
 1759 780 0 nan 0 nan 0.000000
 1760 781 0 nan 0 nan 0.000000
 1761 782 0 nan 0 nan 0.000000
 1762 783 0 nan 0 nan 0.000000
 1768 784 0 nan 0 nan 0.000000
 1769 785 0 nan 0 nan 0.000000
 1770 786 0 nan 0 nan 0.000000
 1771 787 0 nan 0 nan 0.000000
 1777 788 0 nan 0 nan 0.000000
 1778 789 0 nan 0 nan 0.000000
 1779 790 0 nan 0 nan 0.000000
 1780 791 0 nan 0 nan 0.000000
 1786 792 0 nan 0 nan 0.000000
 1787 793 0 nan 0 nan 0.000000
 1788 794 0 nan 0 nan 0.000000
 1789 795 0 nan 0 nan 0.000000
 1795 796 0 nan 0 nan 0.000000
 1796 797 0 nan 0 nan 0.000000
 1797 798 0 nan 0 nan 0.000000
 1798 799 0 nan 0 nan 0.000000
 1804 800 0 nan 0 nan 0.000000
 1805 801 0 nan 0 nan 0.000000
 1806 802 0 nan 0 nan 0.000000
 1807 803 0 nan 0 nan 0.000000
 1813 804 0 nan 0 nan 0.000000
 1814 805 0 nan 0 nan 0.000000
 1815 806 0 nan 0 nan 0.000000
 1816 807 0 nan 0 nan 0.000000
 1822 808 0 nan 0 nan 0.000000
 1823 809 0 nan 0 nan 0.000000
 1824 810 0 nan 0 nan 0.000000
 1825 811 0 nan 0 nan 0.000000
 1831 812 0 nan 0 nan 0.000000
 1832 813 0 nan 0 nan 0.000000
 1833 814 0 nan 0 nan 0.000000
 1834 815 0 nan 0 nan 0.000000
 1840 816 0 nan 0 nan 0.000000
 1841 817 0 nan 0 nan 0.000000
 1842 818 0 nan 0 nan 0.000000
 1843 819 0 nan 0 nan 0.000000
 1849 820 0 nan 0 nan 0.000000
 1850 821 0 nan 0 nan 0.000000
 1851 822 0 nan 0 nan 0.000000
 1852 823 0 nan 0 nan 0.000000
 1858 824 0 nan 0 nan 0.000000
 1859 825 0 nan 0 nan 0.000000
 1860 826 0 nan 0 nan 0.000000
 1861 827 0 nan 0 nan 0.000000
 1867 828 0 nan 0 nan 0.000000
 1868 829 0 nan 0 nan 0.000000
 1869 830 0 nan 0 nan 0.000000
 1870 831 0 nan 0 nan 0.000000
 1876 832 0 nan 0 nan 0.000000
 1877 833 0 nan 0 nan 0.000000
 1878 834 0 nan 0 nan 0.000000
 1879 835 0 nan 0 nan 0.000000
 1885 836 0 nan 0 nan 0.000000
 1886 837 0 nan 0 nan 0.000000
 1887 838 0 nan 0 nan 0.000000
 1888 839 0 nan 0 nan 0.000000
 1894 840 0 nan 0 nan 0.000000
 1895 841 0 nan 0 nan 0.000000
 1896 842 0 nan 0 nan 0.000000
 1897 843 0 nan 0 nan 0.000000
 1903 844 0 nan 0 nan 0.000000
 1904 845 0 nan 0 nan 0.000000
 1905 846 0 nan 0 nan 0.000000
 1906 847 0 nan 0 nan 0.000000
 1912 848 0 nan 0 nan 0.000000
 1913 849 0 nan 0 nan 0.000000
 1914 850 0 nan 0 nan 0.000000
 1915 851 0 nan 0 nan 0.000000
 1921 852 0 nan 0 nan 0.000000
 1922 853 0 nan 0 nan 0.000000
 1923 854 0 nan 0 nan 0.000000
 1924 855 0 nan 0 nan 0.000000
 1930 856 0 nan 0 nan 0.000000
 1931 857 0 nan 0 nan 0.000000
 1932 858 0 nan 0 nan 0.000000
 1933 859 0 nan 0 nan 0.000000
 1939 860 0 nan 0 nan 0.000000
 1940 861 0 nan 0 nan 0.000000
 1941 862 0 nan 0 nan 0.000000
 1942 863 0 nan 0 nan 0.000000
 1948 864 0 nan 0 nan 0.000000
 1949 865 0 nan 0 nan 0.000000
 1950 866 0 nan 0 nan 0.000000
 1951 867 0 nan 0 nan 0.000000
 1957 868 0 nan 0 nan 0.000000
 1958 869 0 nan 0 nan 0.000000
 1959 870 0 nan 0 nan 0.000000
 1960 871 0 nan 0 nan 0.000000
 1966 872 0 nan 0 nan 0.000000
 1967 873 0 nan 0 nan 0.000000
 1968 874 0 nan 0 nan 0.000000
 1969 875 0 nan 0 nan 0.000000
 1975 876 0 nan 0 nan 0.000000
 1976 877 0 nan 0 nan 0.000000
 1977 878 0 nan 0 nan 0.000000
 1978 879 0 nan 0 nan 0.000000
 1984 880 0 nan 0 nan 0.000000
 1985 881 0 nan 0 nan 0.000000
 1986 882 0 nan 0 nan 0.000000
 1987 883 0 nan 0 nan 0.000000
 1993 884 0 nan 0 nan 0.000000
 1994 885 0 nan 0 nan 0.000000
 1995 886 0 nan 0 nan 0.000000
 1996 887 0 nan 0 nan 0.000000
 2002 888 0 nan 0 nan 0.000000
 2003 889 0 nan 0 nan 0.000000
 2004 890 0 nan 0 nan 0.000000
 2005 891 0 nan 0 nan 0.000000
 2011 892 0 nan 0 nan 0.000000
 2012 893 0 nan 0 nan 0.000000
 2013 894 0 nan 0 nan 0.000000
 2014 895 0 nan 0 nan 0.000000
 2020 896 0 nan 0 nan 0.000000
 2021 897 0 nan 0 nan 0.000000
 2022 898 0 nan 0 nan 0.000000
 2023 899 0 nan 0 nan 0.000000
 2029 900 0 nan 0 nan 0.000000
 2030 901 0 nan 0 nan 0.000000
 2031 902 0 nan 0 nan 0.000000
 2032 903 0 nan 0 nan 0.000000
 2038 904 0 nan 0 nan 0.000000
 2039 905 0 nan 0 nan 0.000000
 2040 906 0 nan 0 nan 0.000000
 2041 907 0 nan 0 nan 0.000000
 2047 908 0 nan 0 nan 0.000000
 2048 909 0 nan 0 nan 0.000000
 2049 910 0 nan 0 nan 0.000000
 2050 911 0 nan 0 nan 0.000000
 2056 912 0 nan 0 nan 0.000000
 2057 913 0 nan 0 nan 0.000000
 2058 914 0 nan 0 nan 0.000000
 2059 915 0 nan 0 nan 0.000000
 2065 916 0 nan 0 nan 0.000000
 2066 917 0 nan 0 nan 0.000000
 2067 918 0 nan 0 nan 0.000000
 2068 919 0 nan 0 nan 0.000000
 2074 920 0 nan 0 nan 0.000000
 2075 921 0 nan 0 nan 0.000000
 2076 922 0 nan 0 nan 0.000000
 2077 923 0 nan 0 nan 0.000000
 2083 924 0 nan 0 nan 0.000000
 2084 925 0 nan 0 nan 0.000000
 2085 926 0 nan 0 nan 0.000000
 2086 927 0 nan 0 nan 0.000000
 2092 928 0 nan 0 nan 0.000000
 2093 929 0 nan 0 nan 0.000000
 2094 930 0 nan 0 nan 0.000000
 2095 931 0 nan 0 nan 0.000000
 2101 932 0 nan 0 nan 0.000000
 2102 933 0 nan 0 nan 0.000000
 2103 934 0 nan 0 nan 0.000000
 2104 935 0 nan 0 nan 0.000000
 2110 936 0 nan 0 nan 0.000000
 2111 937 0 nan 0 nan 0.000000
 2112 938 0 nan 0 nan 0.000000
 2113 939 0 nan 0 nan 0.000000
 2119 940 0 nan 0 nan 0.000000
 2120 941 0 nan 0 nan 0.000000
 2121 942 0 nan 0 nan 0.000000
 2122 943 0 nan 0 nan 0.000000
 2128 944 0 nan 0 nan 0.000000
 2129 945 0 nan 0 nan 0.000000
 2130 946 0 nan 0 nan 0.000000
 2131 947 0 nan 0 nan 0.000000
 2137 948 0 nan 0 nan 0.000000
 2138 949 0 nan 0 nan 0.000000
 2139 950 0 nan 0 nan 0.000000
 2140 951 0 nan 0 nan 0.000000
 2146 952 0 nan 0 nan 0.000000
 2147 953 0 nan 0 nan 0.000000
 2148 954 0 nan 0 nan 0.000000
 2149 955 0 nan 0 nan 0.000000
 2155 956 0 nan 0 nan 0.000000
 2156 957 0 nan 0 nan 0.000000
 2157 958 0 nan 0 nan 0.000000
 2158 959 0 nan 0 nan 0.000000
 2164 960 0 nan 0 nan 0.000000
 2165 961 0 nan 0 nan 0.000000
 2166 962 0 nan 0 nan 0.000000
 2167 963 0 nan 0 nan 0.000000
 2173 964 0 nan 0 nan 0.000000
 2174 965 0 nan 0 nan 0.000000
 2175 966 0 nan 0 nan 0.000000
 2176 967 0 nan 0 nan 0.000000
 2182 968 0 nan 0 nan 0.000000
 2183 969 0 nan 0 nan 0.000000
 2184 970 0 nan 0 nan 0.000000
 2185 971 0 nan 0 nan 0.000000
 2191 972 0 nan 0 nan 0.000000
 2192 973 0 nan 0 nan 0.000000
 2193 974 0 nan 0 nan 0.000000
 2194 975 0 nan 0 nan 0.000000
 2200 976 0 nan 0 nan 0.000000
 2201 977 0 nan 0 nan 0.000000
 2202 978 0 nan 0 nan 0.000000
 2203 979 0 nan 0 nan 0.000000
 2209 980 0 nan 0 nan 0.000000
 2210 981 0 nan 0 nan 0.000000
 2211 982 0 nan 0 nan 0.000000
 2212 983 0 nan 0 nan 0.000000
 2218 984 0 nan 0 nan 0.000000
 2219 985 0 nan 0 nan 0.000000
 2220 986 0 nan 0 nan 0.000000
 2221 987 0 nan 0 nan 0.000000
 2227 988 0 nan 0 nan 0.000000
 2228 989 0 nan 0 nan 0.000000
 2229 990 0 nan 0 nan 0.000000
 2230 991 0 nan 0 nan 0.000000
 2236 992 0 nan 0 nan 0.000000
 2237 993 0 nan 0 nan 0.000000
 2238 994 0 nan 0 nan 0.000000
 2239 995 0 nan 0 nan 0.000000
 2245 996 0 nan 0 nan 0.000000
 2246 997 0 nan 0 nan 0.000000
 2247 998 0 nan 0 nan 0.000000
 2248 999 0 nan 0 nan 0.000000
 2254 1000 0 nan 0 nan 0.000000
 2255 1001 0 nan 0 nan 0.000000
 2256 1002 0 nan 0 nan 0.000000
 2257 1003 0 nan 0 nan 0.000000
 2263 1004 0 nan 0 nan 0.000000
 2264 1005 0 nan 0 nan 0.000000
 2265 1006 0 nan 0 nan 0.000000
 2266 1007 0 nan 0 nan 0.000000
 2272 1008 0 nan 0 nan 0.000000
 2273 1009 0 nan 0 nan 0.000000
 2274 1010 0 nan 0 nan 0.000000
 2275 1011 0 nan 0 nan 0.000000
 2281 1012 0 nan 0 nan 0.000000
 2282 1013 0 nan 0 nan 0.000000
 2283 1014 0 nan 0 nan 0.000000
 2284 1015 0 nan 0 nan 0.000000
 2290 1016 0 nan 0 nan 0.000000
 2291 1017 0 nan 0 nan 0.000000
 2292 1018 0 nan 0 nan 0.000000
 2293 1019 0 nan 0 nan 0.000000
 2299 1020 0 nan 0 nan 0.000000
 2300 1021 0 nan 0 nan 0.000000
 2301 1022 0 nan 0 nan 0.000000
 2302 1023 0 nan 0 nan 0.000000
 2308 1024 0 nan 0 nan 0.000000
 2309 1025 0 nan 0 nan 0.000000
 2310 1026 0 nan 0 nan 0.000000
 2311 1027 0 nan 0 nan 0.000000
 2317 1028 0 nan 0 nan 0.000000
 2318 1029 0 nan 0 nan 0.000000
 2319 1030 0 nan 0 nan 0.000000
 2320 1031 0 nan 0 nan 0.000000
 2326 1032 0 nan 0 nan 0.000000
 2327 1033 0 nan 0 nan 0.000000
 2328 1034 0 nan 0 nan 0.000000
 2329 1035 0 nan 0 nan 0.000000
 2335 1036 0 nan 0 nan 0.000000
 2336 1037 0 nan 0 nan 0.000000
 2337 1038 0 nan 0 nan 0.000000
 2338 1039 0 nan 0 nan 0.000000
 2344 1040 0 nan 0 nan 0.000000
 2345 1041 0 nan 0 nan 0.000000
 2346 1042 0 nan 0 nan 0.000000
 2347 1043 0 nan 0 nan 0.000000
 2353 1044 0 nan 0 nan 0.000000
 2354 1045 0 nan 0 nan 0.000000
 2355 1046 0 nan 0 nan 0.000000
 2356 1047 0 nan 0 nan 0.000000
 2362 1048 0 nan 0 nan 0.000000
 2363 1049 0 nan 0 nan 0.000000
 2364 1050 0 nan 0 nan 0.000000
 2365 1051 0 nan 0 nan 0.000000
 2371 1052 0 nan 0 nan 0.000000
 2372 1053 0 nan 0 nan 0.000000
 2373 1054 0 nan 0 nan 0.000000
 2374 1055 0 nan 0 nan 0.000000