# Format <LP ID> <Group ID> <Router ID> <Link traffic per router port(s)># Router ports in the order: 8 local channels, 4 global channels
 8 0 0 0 912440 266216 2864 480 240 96 0 0 0 0 0
 17 0 1 909232 0 920712 802272 543384 530872 779752 400560 4466104 0 0 0
 26 0 2 260496 921136 0 268424 263552 13152 26160 510992 571248 0 0 0
 35 0 3 2912 806056 263440 0 379648 262576 3600 3312 11040 0 0 0
 44 0 4 576 553968 257296 376296 0 379992 257592 2368 2976 0 0 0
 53 0 5 192 541008 12336 262656 370840 0 261448 258632 960 0 0 0
 62 0 6 48 783608 24472 4320 255584 260144 0 378376 192 0 0 0
 71 0 7 0 409928 514776 3264 2320 255856 374208 0 0 0 0 0
 80 1 0 0 535720 1056816 552296 554040 550064 562120 550560 4397112 0 0 0
 89 1 1 527904 0 908096 257256 1536 240 96 0 0 0 0 0
 98 1 2 1051592 897760 0 924992 794128 530768 770352 643744 4657496 0 0 0
 107 1 3 549888 255120 918368 0 264056 265152 24448 524512 578304 0 0 0
 116 1 4 541832 1344 796528 259112 0 374128 260888 3392 11920 0 0 0
 125 1 5 537736 240 536064 260160 368616 0 374184 255560 4464 0 0 0
 134 1 6 548840 96 782848 27120 258560 370576 0 253904 656 0 0 0
 143 1 7 541368 0 656280 525592 3392 249520 254512 0 0 0 0 0
 152 2 0 0 1034904 4000 528352 6032 7216 6976 12800 568808 0 0 0
 161 2 1 1048280 0 534944 1074904 547304 549272 547952 534544 4620352 0 0 0
 170 2 2 3808 532080 0 909048 260360 2448 784 96 0 0 0 0
 179 2 3 526056 1066256 895240 0 922616 790528 772592 527432 4525544 0 0 0
 188 2 4 5792 545896 255240 921968 0 276048 284344 527864 582848 0 0 0
 197 2 5 6160 545640 2736 789928 272528 0 378920 260296 17696 0 0 0
 206 2 6 8224 538208 736 775592 280072 374216 0 374968 4784 0 0 0
 215 2 7 13744 531976 96 536392 522904 254720 370960 0 0 0 0 0
 224 3 0 0 897816 786824 960 536672 5856 2352 9056 11328 0 0 0
 233 3 1 895592 0 1148136 3792 535992 7056 3632 2048 574576 0 0 0
 242 3 2 793216 1148400 0 535896 1073368 549192 543688 531808 4493840 0 0 0
 251 3 3 864 3744 531016 0 906736 257584 1424 48 0 0 0 0
 260 3 4 529056 536040 1066296 899272 0 913792 1024392 640616 4646712 0 0 0
 269 3 5 5664 6288 549592 254888 913696 0 280848 769256 587016 0 0 0
 278 3 6 2304 3920 543288 1424 1029240 286032 0 375680 11024 0 0 0
 287 3 7 9264 2192 534000 48 654656 773888 366608 0 0 0 0 0
 296 4 0 0 262768 780872 635544 384 538248 4544 8160 3024 0 0 0
 305 4 1 257712 0 404976 1026960 1216 545384 5488 1072 10864 0 0 0
 314 4 2 776448 399384 0 903112 3328 541976 6560 3008 589984 0 0 0
 323 4 3 649872 1039152 898320 0 529664 1072056 551032 533848 4593600 0 0 0
 332 4 4 384 1120 3472 528272 0 905240 258344 1440 0 0 0 0
 341 4 5 530152 547640 542216 1057752 896912 0 1160624 899112 4647216 0 0 0
 350 4 6 5696 5584 6992 540688 251576 1158400 0 779496 577504 0 0 0
 359 4 7 8064 1168 2672 531496 1248 907392 785200 0 0 0 0 0
 368 5 0 0 373008 254728 513456 641920 144 527832 10472 1056 0 0 0
 377 5 1 370184 0 258536 281512 773200 512 550344 864 4032 0 0 0
 386 5 2 251448 257104 0 389320 793224 1152 547248 768 16160 0 0 0
 395 5 3 519832 284016 381432 0 911816 4944 542568 2720 575160 0 0 0
 404 5 4 651600 781720 792400 913168 0 539680 1083456 531848 4612800 0 0 0
 413 5 5 240 752 1440 5136 537424 0 387920 260176 0 0 0 0
 422 5 6 524200 548576 549536 543512 1077080 381400 0 885544 3490144 0 0 0
 431 5 7 10456 1104 672 2864 527688 257624 892888 0 0 0 0 0
 440 6 0 0 380600 264680 4432 519040 539256 0 0 192 0 0 0
 449 6 1 374816 0 379616 260312 28704 770608 0 0 608 0 0 0
 458 6 2 258296 376392 0 267400 275208 542672 0 0 4400 0 0 0
 467 6 3 4528 255160 258808 0 379816 802184 0 0 10400 0 0 0
 476 6 4 525336 31304 269752 376424 0 923376 0 0 570864 0 0 0
 485 6 5 547360 782992 543152 807344 915160 0 0 0 3463680 0 0 0
 494 6 6 0 0 0 0 0 0 0 0 0 0 0 0
 503 6 7 0 0 0 0 0 0 0 0 0 0 0 0
 512 7 0 0 0 0 0 0 0 0 0 0 0 0 0
 521 7 1 0 0 0 0 0 0 0 0 0 0 0 0
 530 7 2 0 0 0 0 0 0 0 0 0 0 0 0
 539 7 3 0 0 0 0 0 0 0 0 0 0 0 0
 548 7 4 0 0 0 0 0 0 0 0 0 0 0 0
 557 7 5 0 0 0 0 0 0 0 0 0 0 0 0
 566 7 6 0 0 0 0 0 0 0 0 0 0 0 0
 575 7 7 0 0 0 0 0 0 0 0 0 0 0 0
 584 8 0 0 0 0 0 0 0 0 0 0 0 0 0
 593 8 1 0 0 0 0 0 0 0 0 0 0 0 0
 602 8 2 0 0 0 0 0 0 0 0 0 0 0 0
 611 8 3 0 0 0 0 0 0 0 0 0 0 0 0
 620 8 4 0 0 0 0 0 0 0 0 0 0 0 0
 629 8 5 0 0 0 0 0 0 0 0 0 0 0 0
 638 8 6 0 0 0 0 0 0 0 0 0 0 0 0
 647 8 7 0 0 0 0 0 0 0 0 0 0 0 0
 656 9 0 0 0 0 0 0 0 0 0 0 0 0 0
 665 9 1 0 0 0 0 0 0 0 0 0 0 0 0
 674 9 2 0 0 0 0 0 0 0 0 0 0 0 0
 683 9 3 0 0 0 0 0 0 0 0 0 0 0 0
 692 9 4 0 0 0 0 0 0 0 0 0 0 0 0
 701 9 5 0 0 0 0 0 0 0 0 0 0 0 0
 710 9 6 0 0 0 0 0 0 0 0 0 0 0 0
 719 9 7 0 0 0 0 0 0 0 0 0 0 0 0
 728 10 0 0 0 0 0 0 0 0 0 0 0 0 0
 737 10 1 0 0 0 0 0 0 0 0 0 0 0 0
 746 10 2 0 0 0 0 0 0 0 0 0 0 0 0
 755 10 3 0 0 0 0 0 0 0 0 0 0 0 0
 764 10 4 0 0 0 0 0 0 0 0 0 0 0 0
 773 10 5 0 0 0 0 0 0 0 0 0 0 0 0
 782 10 6 0 0 0 0 0 0 0 0 0 0 0 0
 791 10 7 0 0 0 0 0 0 0 0 0 0 0 0
 800 11 0 0 0 0 0 0 0 0 0 0 0 0 0
 809 11 1 0 0 0 0 0 0 0 0 0 0 0 0
 818 11 2 0 0 0 0 0 0 0 0 0 0 0 0
 827 11 3 0 0 0 0 0 0 0 0 0 0 0 0
 836 11 4 0 0 0 0 0 0 0 0 0 0 0 0
 845 11 5 0 0 0 0 0 0 0 0 0 0 0 0
 854 11 6 0 0 0 0 0 0 0 0 0 0 0 0
 863 11 7 0 0 0 0 0 0 0 0 0 0 0 0
 872 12 0 0 0 0 0 0 0 0 0 0 0 0 0
 881 12 1 0 0 0 0 0 0 0 0 0 0 0 0
 890 12 2 0 0 0 0 0 0 0 0 0 0 0 0
 899 12 3 0 0 0 0 0 0 0 0 0 0 0 0
 908 12 4 0 0 0 0 0 0 0 0 0 0 0 0
 917 12 5 0 0 0 0 0 0 0 0 0 0 0 0
 926 12 6 0 0 0 0 0 0 0 0 0 0 0 0
 935 12 7 0 0 0 0 0 0 0 0 0 0 0 0
 944 13 0 0 0 0 0 0 0 0 0 0 0 0 0
 953 13 1 0 0 0 0 0 0 0 0 0 0 0 0
 962 13 2 0 0 0 0 0 0 0 0 0 0 0 0
 971 13 3 0 0 0 0 0 0 0 0 0 0 0 0
 980 13 4 0 0 0 0 0 0 0 0 0 0 0 0
 989 13 5 0 0 0 0 0 0 0 0 0 0 0 0
 998 13 6 0 0 0 0 0 0 0 0 0 0 0 0
 1007 13 7 0 0 0 0 0 0 0 0 0 0 0 0
 1016 14 0 0 0 0 0 0 0 0 0 0 0 0 0
 1025 14 1 0 0 0 0 0 0 0 0 0 0 0 0
 1034 14 2 0 0 0 0 0 0 0 0 0 0 0 0
 1043 14 3 0 0 0 0 0 0 0 0 0 0 0 0
 1052 14 4 0 0 0 0 0 0 0 0 0 0 0 0
 1061 14 5 0 0 0 0 0 0 0 0 0 0 0 0
 1070 14 6 0 0 0 0 0 0 0 0 0 0 0 0
 1079 14 7 0 0 0 0 0 0 0 0 0 0 0 0
 1088 15 0 0 0 0 0 0 0 0 0 0 0 0 0
 1097 15 1 0 0 0 0 0 0 0 0 0 0 0 0
 1106 15 2 0 0 0 0 0 0 0 0 0 0 0 0
 1115 15 3 0 0 0 0 0 0 0 0 0 0 0 0
 1124 15 4 0 0 0 0 0 0 0 0 0 0 0 0
 1133 15 5 0 0 0 0 0 0 0 0 0 0 0 0
 1142 15 6 0 0 0 0 0 0 0 0 0 0 0 0
 1151 15 7 0 0 0 0 0 0 0 0 0 0 0 0
 1160 16 0 0 0 0 0 0 0 0 0 0 0 0 0
 1169 16 1 0 0 0 0 0 0 0 0 0 0 0 0
 1178 16 2 0 0 0 0 0 0 0 0 0 0 0 0
 1187 16 3 0 0 0 0 0 0 0 0 0 0 0 0
 1196 16 4 0 0 0 0 0 0 0 0 0 0 0 0
 1205 16 5 0 0 0 0 0 0 0 0 0 0 0 0
 1214 16 6 0 0 0 0 0 0 0 0 0 0 0 0
 1223 16 7 0 0 0 0 0 0 0 0 0 0 0 0
 1232 17 0 0 0 0 0 0 0 0 0 0 0 0 0
 1241 17 1 0 0 0 0 0 0 0 0 0 0 0 0
 1250 17 2 0 0 0 0 0 0 0 0 0 0 0 0
 1259 17 3 0 0 0 0 0 0 0 0 0 0 0 0
 1268 17 4 0 0 0 0 0 0 0 0 0 0 0 0
 1277 17 5 0 0 0 0 0 0 0 0 0 0 0 0
 1286 17 6 0 0 0 0 0 0 0 0 0 0 0 0
 1295 17 7 0 0 0 0 0 0 0 0 0 0 0 0
 1304 18 0 0 0 0 0 0 0 0 0 0 0 0 0
 1313 18 1 0 0 0 0 0 0 0 0 0 0 0 0
 1322 18 2 0 0 0 0 0 0 0 0 0 0 0 0
 1331 18 3 0 0 0 0 0 0 0 0 0 0 0 0
 1340 18 4 0 0 0 0 0 0 0 0 0 0 0 0
 1349 18 5 0 0 0 0 0 0 0 0 0 0 0 0
 1358 18 6 0 0 0 0 0 0 0 0 0 0 0 0
 1367 18 7 0 0 0 0 0 0 0 0 0 0 0 0
 1376 19 0 0 0 0 0 0 0 0 0 0 0 0 0
 1385 19 1 0 0 0 0 0 0 0 0 0 0 0 0
 1394 19 2 0 0 0 0 0 0 0 0 0 0 0 0
 1403 19 3 0 0 0 0 0 0 0 0 0 0 0 0
 1412 19 4 0 0 0 0 0 0 0 0 0 0 0 0
 1421 19 5 0 0 0 0 0 0 0 0 0 0 0 0
 1430 19 6 0 0 0 0 0 0 0 0 0 0 0 0
 1439 19 7 0 0 0 0 0 0 0 0 0 0 0 0
 1448 20 0 0 0 0 0 0 0 0 0 0 0 0 0
 1457 20 1 0 0 0 0 0 0 0 0 0 0 0 0
 1466 20 2 0 0 0 0 0 0 0 0 0 0 0 0
 1475 20 3 0 0 0 0 0 0 0 0 0 0 0 0
 1484 20 4 0 0 0 0 0 0 0 0 0 0 0 0
 1493 20 5 0 0 0 0 0 0 0 0 0 0 0 0
 1502 20 6 0 0 0 0 0 0 0 0 0 0 0 0
 1511 20 7 0 0 0 0 0 0 0 0 0 0 0 0
 1520 21 0 0 0 0 0 0 0 0 0 0 0 0 0
 1529 21 1 0 0 0 0 0 0 0 0 0 0 0 0
 1538 21 2 0 0 0 0 0 0 0 0 0 0 0 0
 1547 21 3 0 0 0 0 0 0 0 0 0 0 0 0
 1556 21 4 0 0 0 0 0 0 0 0 0 0 0 0
 1565 21 5 0 0 0 0 0 0 0 0 0 0 0 0
 1574 21 6 0 0 0 0 0 0 0 0 0 0 0 0
 1583 21 7 0 0 0 0 0 0 0 0 0 0 0 0
 1592 22 0 0 0 0 0 0 0 0 0 0 0 0 0
 1601 22 1 0 0 0 0 0 0 0 0 0 0 0 0
 1610 22 2 0 0 0 0 0 0 0 0 0 0 0 0
 1619 22 3 0 0 0 0 0 0 0 0 0 0 0 0
 1628 22 4 0 0 0 0 0 0 0 0 0 0 0 0
 1637 22 5 0 0 0 0 0 0 0 0 0 0 0 0
 1646 22 6 0 0 0 0 0 0 0 0 0 0 0 0
 1655 22 7 0 0 0 0 0 0 0 0 0 0 0 0
 1664 23 0 0 0 0 0 0 0 0 0 0 0 0 0
 1673 23 1 0 0 0 0 0 0 0 0 0 0 0 0
 1682 23 2 0 0 0 0 0 0 0 0 0 0 0 0
 1691 23 3 0 0 0 0 0 0 0 0 0 0 0 0
 1700 23 4 0 0 0 0 0 0 0 0 0 0 0 0
 1709 23 5 0 0 0 0 0 0 0 0 0 0 0 0
 1718 23 6 0 0 0 0 0 0 0 0 0 0 0 0
 1727 23 7 0 0 0 0 0 0 0 0 0 0 0 0
 1736 24 0 0 0 0 0 0 0 0 0 0 0 0 0
 1745 24 1 0 0 0 0 0 0 0 0 0 0 0 0
 1754 24 2 0 0 0 0 0 0 0 0 0 0 0 0
 1763 24 3 0 0 0 0 0 0 0 0 0 0 0 0
 1772 24 4 0 0 0 0 0 0 0 0 0 0 0 0
 1781 24 5 0 0 0 0 0 0 0 0 0 0 0 0
 1790 24 6 0 0 0 0 0 0 0 0 0 0 0 0
 1799 24 7 0 0 0 0 0 0 0 0 0 0 0 0
 1808 25 0 0 0 0 0 0 0 0 0 0 0 0 0
 1817 25 1 0 0 0 0 0 0 0 0 0 0 0 0
 1826 25 2 0 0 0 0 0 0 0 0 0 0 0 0
 1835 25 3 0 0 0 0 0 0 0 0 0 0 0 0
 1844 25 4 0 0 0 0 0 0 0 0 0 0 0 0
 1853 25 5 0 0 0 0 0 0 0 0 0 0 0 0
 1862 25 6 0 0 0 0 0 0 0 0 0 0 0 0
 1871 25 7 0 0 0 0 0 0 0 0 0 0 0 0
 1880 26 0 0 0 0 0 0 0 0 0 0 0 0 0
 1889 26 1 0 0 0 0 0 0 0 0 0 0 0 0
 1898 26 2 0 0 0 0 0 0 0 0 0 0 0 0
 1907 26 3 0 0 0 0 0 0 0 0 0 0 0 0
 1916 26 4 0 0 0 0 0 0 0 0 0 0 0 0
 1925 26 5 0 0 0 0 0 0 0 0 0 0 0 0
 1934 26 6 0 0 0 0 0 0 0 0 0 0 0 0
 1943 26 7 0 0 0 0 0 0 0 0 0 0 0 0
 1952 27 0 0 0 0 0 0 0 0 0 0 0 0 0
 1961 27 1 0 0 0 0 0 0 0 0 0 0 0 0
 1970 27 2 0 0 0 0 0 0 0 0 0 0 0 0
 1979 27 3 0 0 0 0 0 0 0 0 0 0 0 0
 1988 27 4 0 0 0 0 0 0 0 0 0 0 0 0
 1997 27 5 0 0 0 0 0 0 0 0 0 0 0 0
 2006 27 6 0 0 0 0 0 0 0 0 0 0 0 0
 2015 27 7 0 0 0 0 0 0 0 0 0 0 0 0
 2024 28 0 0 0 0 0 0 0 0 0 0 0 0 0
 2033 28 1 0 0 0 0 0 0 0 0 0 0 0 0
 2042 28 2 0 0 0 0 0 0 0 0 0 0 0 0
 2051 28 3 0 0 0 0 0 0 0 0 0 0 0 0
 2060 28 4 0 0 0 0 0 0 0 0 0 0 0 0
 2069 28 5 0 0 0 0 0 0 0 0 0 0 0 0
 2078 28 6 0 0 0 0 0 0 0 0 0 0 0 0
 2087 28 7 0 0 0 0 0 0 0 0 0 0 0 0
 2096 29 0 0 0 0 0 0 0 0 0 0 0 0 0
 2105 29 1 0 0 0 0 0 0 0 0 0 0 0 0
 2114 29 2 0 0 0 0 0 0 0 0 0 0 0 0
 2123 29 3 0 0 0 0 0 0 0 0 0 0 0 0
 2132 29 4 0 0 0 0 0 0 0 0 0 0 0 0
 2141 29 5 0 0 0 0 0 0 0 0 0 0 0 0
 2150 29 6 0 0 0 0 0 0 0 0 0 0 0 0
 2159 29 7 0 0 0 0 0 0 0 0 0 0 0 0
 2168 30 0 0 0 0 0 0 0 0 0 0 0 0 0
 2177 30 1 0 0 0 0 0 0 0 0 0 0 0 0
 2186 30 2 0 0 0 0 0 0 0 0 0 0 0 0
 2195 30 3 0 0 0 0 0 0 0 0 0 0 0 0
 2204 30 4 0 0 0 0 0 0 0 0 0 0 0 0
 2213 30 5 0 0 0 0 0 0 0 0 0 0 0 0
 2222 30 6 0 0 0 0 0 0 0 0 0 0 0 0
 2231 30 7 0 0 0 0 0 0 0 0 0 0 0 0
 2240 31 0 0 0 0 0 0 0 0 0 0 0 0 0
 2249 31 1 0 0 0 0 0 0 0 0 0 0 0 0
 2258 31 2 0 0 0 0 0 0 0 0 0 0 0 0
 2267 31 3 0 0 0 0 0 0 0 0 0 0 0 0
 2276 31 4 0 0 0 0 0 0 0 0 0 0 0 0
 2285 31 5 0 0 0 0 0 0 0 0 0 0 0 0
 2294 31 6 0 0 0 0 0 0 0 0 0 0 0 0
 2303 31 7 0 0 0 0 0 0 0 0 0 0 0 0
 2312 32 0 0 0 0 0 0 0 0 0 0 0 0 0
 2321 32 1 0 0 0 0 0 0 0 0 0 0 0 0
 2330 32 2 0 0 0 0 0 0 0 0 0 0 0 0
 2339 32 3 0 0 0 0 0 0 0 0 0 0 0 0
 2348 32 4 0 0 0 0 0 0 0 0 0 0 0 0
 2357 32 5 0 0 0 0 0 0 0 0 0 0 0 0
 2366 32 6 0 0 0 0 0 0 0 0 0 0 0 0
 2375 32 7 0 0 0 0 0 0 0 0 0 0 0 0