# Format <LP ID> <Terminal ID> <Job ID> <Local Rank> <Total sends> <Total Recvs> <Bytes sent> <Bytes recvd> <Send time> <Comm. time> <Compute time> <Avg msg time> <Max Msg Time>
 0 0 0 0 478 478 379712 374336 7020933.320179 14743770.920483 816695890.000000 0.000000 0.000000
 1 1 0 1 832 832 502384 506272 55806206.320582 64458408.826564 767042391.000000 0.000000 0.000000
 2 2 0 2 566 566 503792 501008 66480887.855517 72650939.039962 758872619.000000 0.000000 0.000000
 3 3 0 3 840 840 510816 505344 285531797.768051 157136950.922511 674363699.000000 0.000000 0.000000
 9 4 0 4 464 464 506304 496032 34548062.154352 66786919.907732 764652252.000000 0.000000 0.000000
 10 5 0 5 386 386 376528 373792 10406943.684737 66320686.119179 765071214.000000 0.000000 0.000000
 11 6 0 6 654 654 509232 503040 200908727.626098 117440535.936379 714060173.000000 0.000000 0.000000
 12 7 0 7 790 790 629648 623648 117779662.177741 70376273.460310 761131215.000000 0.000000 0.000000
 18 8 0 8 1194 1194 641632 640528 29797903.820966 68309066.606568 763194045.000000 0.000000 0.000000
 19 9 0 9 1010 1010 628592 629120 13807141.921640 66538943.088259 764960474.000000 0.000000 0.000000
 20 10 0 10 956 956 630464 627536 5475265.136087 59728579.823281 771801106.000000 0.000000 0.000000
 21 11 0 11 528 528 502080 502656 115704987.648867 117959593.810234 713495802.000000 0.000000 0.000000
 27 12 0 12 1026 1026 507040 511216 178896992.970088 74331357.640894 758145711.000000 0.000000 0.000000
 28 13 0 13 1004 1004 633712 637312 215774316.912878 118595101.424184 712912094.000000 0.000000 0.000000
 29 14 0 14 1066 1066 637216 633856 9417061.993018 63719603.774191 767783111.000000 0.000000 0.000000
 30 15 0 15 1042 1042 635520 632544 188593709.587741 117067363.226987 714392356.000000 0.000000 0.000000
 36 16 0 16 978 978 631728 633312 6305697.895512 60841854.699024 770608169.000000 0.000000 0.000000
 37 17 0 17 628 628 509008 502912 240449695.806166 159139496.898847 672336136.000000 0.000000 0.000000
 38 18 0 18 756 756 510544 505744 84334894.000313 62914486.988255 768560535.000000 0.000000 0.000000
 39 19 0 19 1224 1224 637680 635664 256809550.293616 118050361.609308 713454762.000000 0.000000 0.000000
 45 20 0 20 1058 1058 637728 632304 86467825.727615 60239074.836310 771238388.000000 0.000000 0.000000
 46 21 0 21 708 708 633792 628800 334987969.666973 158614417.848734 672831064.000000 0.000000 0.000000
 47 22 0 22 1132 1132 633472 636928 61357046.144783 74171359.401716 757269167.000000 0.000000 0.000000
 48 23 0 23 740 740 503136 503376 10212561.678671 65320415.156320 766109427.000000 0.000000 0.000000
 54 24 0 24 664 664 502160 501872 54790005.289911 36422004.681940 795023928.000000 0.000000 0.000000
 55 25 0 25 674 674 633744 636432 102985008.038047 125603305.034480 705883225.000000 0.000000 0.000000
 56 26 0 26 1028 1028 634352 630848 155882146.058201 118007351.201748 713451020.000000 0.000000 0.000000
 57 27 0 27 1236 1236 639520 637600 14710689.921205 50436902.931389 780946680.000000 0.000000 0.000000
 63 28 0 28 878 878 636640 630160 170584682.716061 123456067.278603 707976179.000000 0.000000 0.000000
 64 29 0 29 690 690 509184 505872 330714415.485347 227454346.471355 603902049.000000 0.000000 0.000000
 65 30 0 30 646 646 382720 379504 44131436.267070 72036911.717382 759209355.000000 0.000000 0.000000
 66 31 0 31 768 768 502352 507968 301554602.062857 158662334.237090 672645071.000000 0.000000 0.000000
 72 32 0 32 670 670 502448 501248 81119679.974719 121653404.239545 709736060.000000 0.000000 0.000000
 73 33 0 33 794 794 508528 506320 444164277.357545 226839990.000268 604497546.000000 0.000000 0.000000
 74 34 0 34 676 676 505280 507824 55749018.303102 73987623.993318 757365393.000000 0.000000 0.000000
 75 35 0 35 516 516 376432 378304 125798540.148161 184823728.603793 647057523.000000 0.000000 0.000000
 81 36 0 36 650 650 506832 500784 498445413.939885 223591278.276106 607997547.000000 0.000000 0.000000
 82 37 0 37 1008 1008 624176 633488 103183133.228249 74996408.293601 756644398.000000 0.000000 0.000000
 83 38 0 38 886 886 634528 627184 487797936.017712 186368711.100278 646090548.000000 0.000000 0.000000
 84 39 0 39 726 726 627344 625760 421712704.554512 180389343.091165 651129057.000000 0.000000 0.000000
 90 40 0 40 1080 1080 633088 627424 135714569.237320 114454728.039871 717076821.000000 0.000000 0.000000
 91 41 0 41 804 804 508528 507328 388970675.412260 225567798.116150 605888360.000000 0.000000 0.000000
 92 42 0 42 996 996 631104 633792 395648090.355021 159164186.547855 673316533.000000 0.000000 0.000000
 93 43 0 43 1044 1044 757920 762576 329664382.795214 123898270.907322 707812452.000000 0.000000 0.000000
 99 44 0 44 1010 1010 763248 761664 31456181.084718 72667107.447159 758853698.000000 0.000000 0.000000
 100 45 0 45 1952 1952 772496 774320 498035543.479284 223630465.309734 608106236.000000 0.000000 0.000000
 101 46 0 46 998 998 754928 759008 254416971.729328 178996158.423753 652706295.000000 0.000000 0.000000
 102 47 0 47 1016 1016 634240 635488 220277794.662330 159912437.096505 672233209.000000 0.000000 0.000000
 108 48 0 48 858 858 633072 629184 61544407.376824 61282158.180717 771205243.000000 0.000000 0.000000
 109 49 0 49 1852 1852 770576 771728 799678168.261183 239382757.236996 593100174.000000 0.000000 0.000000
 110 50 0 50 1036 1036 756224 760544 469952456.757409 231493511.200075 600243037.000000 0.000000 0.000000
 111 51 0 51 1096 1096 759184 767632 459430879.811384 242194372.839114 589437937.000000 0.000000 0.000000
 117 52 0 52 1508 1508 764976 769008 298855154.488008 227350983.340658 604362413.000000 0.000000 0.000000
 118 53 0 53 704 704 623760 625344 485175715.165293 182459601.983469 649109675.000000 0.000000 0.000000
 119 54 0 54 708 708 631088 630992 11958234.788082 14044665.379688 818440668.000000 0.000000 0.000000
 120 55 0 55 1344 1344 765184 764800 33904418.254875 35116465.627527 796594149.000000 0.000000 0.000000
 126 56 0 56 1614 1614 762800 774128 308160662.692186 183044707.775089 648604208.000000 0.000000 0.000000
 127 57 0 57 1642 1642 774336 767760 609175050.271850 184379433.448616 647085551.000000 0.000000 0.000000
 128 58 0 58 1346 1346 758496 760512 368267413.288843 243331520.150093 588195262.000000 0.000000 0.000000
 129 59 0 59 1214 1214 640496 637136 124630619.245078 180050496.558598 651468909.000000 0.000000 0.000000
 135 60 0 60 926 926 635488 636784 502943799.177670 237124184.205633 594362798.000000 0.000000 0.000000
 136 61 0 61 954 954 760448 760688 490325964.270127 235599527.092403 595896548.000000 0.000000 0.000000
 137 62 0 62 1460 1460 760976 761840 587805360.761415 236733345.825421 594755941.000000 0.000000 0.000000
 138 63 0 63 1066 1066 761504 762656 458278348.602339 235643767.641928 595813770.000000 0.000000 0.000000
 144 64 0 64 1752 1752 771520 770080 518540709.922282 226048125.998171 605386612.000000 0.000000 0.000000
 145 65 0 65 1130 1130 629584 637984 342161313.724095 242948231.738344 588934979.000000 0.000000 0.000000
 146 66 0 66 718 718 503712 504912 361074560.039432 229873413.478342 601548077.000000 0.000000 0.000000
 147 67 0 67 670 670 625856 634496 395982766.972685 234287171.277262 597204964.000000 0.000000 0.000000
 153 68 0 68 1562 1562 647200 639568 19693490.636424 45078098.444601 786384479.000000 0.000000 0.000000
 154 69 0 69 780 780 627696 630960 338398504.286074 228513283.338729 602841595.000000 0.000000 0.000000
 155 70 0 70 884 884 632112 631392 294432705.123528 242189201.721096 589696219.000000 0.000000 0.000000
 156 71 0 71 704 704 503200 503872 247420211.212783 226809204.321072 605078384.000000 0.000000 0.000000
 162 72 0 72 848 848 512208 506160 268357058.081106 157255952.119218 674390039.000000 0.000000 0.000000
 163 73 0 73 1212 1212 630768 630672 11765542.986475 28420994.818347 804040071.000000 0.000000 0.000000
 164 74 0 74 1194 1194 637120 634864 354995504.335777 151836346.687500 680632112.000000 0.000000 0.000000
 165 75 0 75 682 682 631424 621872 142748550.518539 161851589.822401 670611911.000000 0.000000 0.000000
 171 76 0 76 944 944 628368 629616 22413662.540500 43152810.716500 788551505.000000 0.000000 0.000000
 172 77 0 77 602 602 504448 501568 379162922.620580 233886989.246875 598260518.000000 0.000000 0.000000
 173 78 0 78 942 942 634640 632528 58550685.251154 50255655.224605 781769533.000000 0.000000 0.000000
 174 79 0 79 968 968 758752 756064 902631519.727551 227551611.719833 604163049.000000 0.000000 0.000000
 180 80 0 80 1024 1024 757440 759024 83766027.361256 55754398.285627 776711502.000000 0.000000 0.000000
 181 81 0 81 1454 1454 762912 764400 195705786.208952 181608549.770978 650131936.000000 0.000000 0.000000
 182 82 0 82 1544 1544 769936 772144 450742371.367817 224705991.089421 607443728.000000 0.000000 0.000000
 183 83 0 83 1078 1078 633808 634048 652015962.079185 230478861.152812 601675330.000000 0.000000 0.000000
 189 84 0 84 1054 1054 632272 636880 406359586.014741 189509628.862221 642978458.000000 0.000000 0.000000
 190 85 0 85 1702 1702 763456 764992 422760665.476463 117279317.109030 714458894.000000 0.000000 0.000000
 191 86 0 86 1096 1096 769744 758848 387880205.494489 224202183.956132 607542806.000000 0.000000 0.000000
 192 87 0 87 1548 1548 765776 767888 909257279.031043 227305041.668528 604435671.000000 0.000000 0.000000
 198 88 0 88 1014 1014 752480 756128 190470834.206000 220396124.010801 611326093.000000 0.000000 0.000000
 199 89 0 89 1390 1390 643456 643168 309962094.519581 241101521.012000 591050605.000000 0.000000 0.000000
 200 90 0 90 1628 1628 639792 643248 189079791.786937 185556833.810307 646148561.000000 0.000000 0.000000
 201 91 0 91 1666 1666 772480 776464 578298662.944583 228037304.445476 603679498.000000 0.000000 0.000000
 207 92 0 92 1722 1722 764720 766832 158699245.382837 176610776.478178 655132148.000000 0.000000 0.000000
 208 93 0 93 1458 1458 764800 769120 189848535.704596 189577353.563401 642073414.000000 0.000000 0.000000
 209 94 0 94 1538 1538 762832 763408 562489844.756962 239417869.194680 592299966.000000 0.000000 0.000000
 210 95 0 95 740 740 628560 629424 358614022.120258 231931458.427703 599639680.000000 0.000000 0.000000
 216 96 0 96 992 992 636784 632080 476518578.269303 177581618.263576 653838124.000000 0.000000 0.000000
 217 97 0 97 1456 1456 759536 767456 163955222.932537 116892473.769531 714825174.000000 0.000000 0.000000
 218 98 0 98 1050 1050 757648 756352 5461646.029117 37373816.313208 794279802.000000 0.000000 0.000000
 219 99 0 99 1584 1584 773504 767936 23194564.547670 50006560.888820 781391453.000000 0.000000 0.000000
 225 100 0 100 1012 1012 752656 757504 105857425.615669 126786713.920351 704744694.000000 0.000000 0.000000
 226 101 0 101 1028 1028 637200 636000 70408191.695726 118637655.089840 712886368.000000 0.000000 0.000000
 227 102 0 102 822 822 504432 505200 96066098.797955 163849790.851252 667511375.000000 0.000000 0.000000
 228 103 0 103 724 724 630896 630752 293247724.691036 120374668.078247 711045200.000000 0.000000 0.000000
 234 104 0 104 1170 1170 635392 630928 379126584.541342 163922991.250757 667463315.000000 0.000000 0.000000
 235 105 0 105 1080 1080 627600 634848 58869694.054278 72557746.919330 758838194.000000 0.000000 0.000000
 236 106 0 106 1034 1034 628688 630656 280838881.073411 181368489.381984 650005248.000000 0.000000 0.000000
 237 107 0 107 736 736 504896 505472 63162574.542651 124691769.712863 707196409.000000 0.000000 0.000000
 243 108 0 108 748 748 505968 506112 289156647.140370 226763524.734879 605263629.000000 0.000000 0.000000
 244 109 0 109 1266 1266 640096 637120 469952764.898383 224154887.076780 607495798.000000 0.000000 0.000000
 245 110 0 110 882 882 626944 630880 85742956.924725 59724772.079754 772744375.000000 0.000000 0.000000
 246 111 0 111 884 884 630400 625072 459763588.295917 230429056.206837 601125781.000000 0.000000 0.000000
 252 112 0 112 1132 1132 637584 634800 202791795.792611 117535188.931348 713952281.000000 0.000000 0.000000
 253 113 0 113 496 496 503952 498384 29765551.819165 51959008.662280 779481022.000000 0.000000 0.000000
 254 114 0 114 668 668 625664 621584 341004582.672957 220996378.218156 611037454.000000 0.000000 0.000000
 255 115 0 115 1482 1482 762320 770384 369432205.977746 125768914.928944 706682779.000000 0.000000 0.000000
 261 116 0 116 1732 1732 776432 773456 322589412.905496 171432618.048164 661025762.000000 0.000000 0.000000
 262 117 0 117 2020 2020 764192 770144 290862562.448068 179495931.581139 652957976.000000 0.000000 0.000000
 263 118 0 118 1038 1038 756176 758672 61492794.054281 78467961.119939 753241457.000000 0.000000 0.000000
 264 119 0 119 854 854 633344 631952 404237731.440807 185685688.552176 646469194.000000 0.000000 0.000000
 270 120 0 120 1318 1318 641840 636224 494989869.520789 183532329.975780 648499433.000000 0.000000 0.000000
 271 121 0 121 1494 1494 762304 756544 461193380.197556 237826582.195619 593871454.000000 0.000000 0.000000
 272 122 0 122 1114 1114 760736 755984 629381604.970434 188068562.910058 644387748.000000 0.000000 0.000000
 273 123 0 123 1504 1504 760528 758992 162837090.498057 187050219.707259 644587222.000000 0.000000 0.000000
 279 124 0 124 1284 1284 761312 759584 11701925.319250 41687145.547821 790035750.000000 0.000000 0.000000
 280 125 0 125 962 962 636848 631280 22127516.786914 56266031.756764 775307858.000000 0.000000 0.000000
 281 126 0 126 772 772 632336 628784 749141450.180683 242440694.945069 589054438.000000 0.000000 0.000000
 282 127 0 127 1444 1444 766352 761504 264583444.684098 239939923.060650 591780388.000000 0.000000 0.000000
 288 128 0 128 1086 1086 754992 754464 342738746.104627 242192509.167770 589463426.000000 0.000000 0.000000
 289 129 0 129 1474 1474 763632 759936 1018464235.694251 239233061.305233 592297471.000000 0.000000 0.000000
 290 130 0 130 1666 1666 765712 766912 208555993.873596 231788278.684713 599745434.000000 0.000000 0.000000
 291 131 0 131 1270 1270 636032 633968 213072632.416630 229136023.978545 602390332.000000 0.000000 0.000000
 297 132 0 132 1168 1168 634896 636192 428965794.443108 228093756.093659 603346439.000000 0.000000 0.000000
 298 133 0 133 1854 1854 761120 771488 68522623.081915 54502423.622118 776995561.000000 0.000000 0.000000
 299 134 0 134 1530 1530 769872 767184 22371295.654956 43523372.218593 787986704.000000 0.000000 0.000000
 300 135 0 135 1688 1688 763888 770032 418194602.356962 180537370.927040 650966543.000000 0.000000 0.000000
 306 136 0 136 1006 1006 760800 759840 624813515.044097 234910583.152217 596597563.000000 0.000000 0.000000
 307 137 0 137 1182 1182 634784 635504 176943695.066628 225236358.692480 606212316.000000 0.000000 0.000000
 308 138 0 138 774 774 507168 509328 502594486.418801 238664146.071245 592713543.000000 0.000000 0.000000
 309 139 0 139 1064 1064 636640 635920 478414272.352614 231032845.036395 600411601.000000 0.000000 0.000000
 315 140 0 140 676 676 622560 624000 315978369.735822 229395808.489103 602050026.000000 0.000000 0.000000
 316 141 0 141 1082 1082 628464 633840 451229103.777403 241639768.852467 589812591.000000 0.000000 0.000000
 317 142 0 142 958 958 630512 629792 518352658.852444 235317821.782625 596116442.000000 0.000000 0.000000
 318 143 0 143 544 544 503920 504304 163254555.594754 241905539.293005 589481718.000000 0.000000 0.000000
 324 144 0 144 942 942 510096 503760 14023235.547547 47948005.565955 783548375.000000 0.000000 0.000000
 325 145 0 145 754 754 622736 619376 286089978.927890 239933683.182278 591829365.000000 0.000000 0.000000
 326 146 0 146 1178 1178 634096 629584 241464985.473635 227715502.091082 603890369.000000 0.000000 0.000000
 327 147 0 147 682 682 628752 626448 308408765.522367 238502497.218996 593112403.000000 0.000000 0.000000
 333 148 0 148 930 930 627856 633328 418658379.349060 235256508.095514 596289517.000000 0.000000 0.000000
 334 149 0 149 748 748 505344 501600 253719431.079058 227448874.314169 604039512.000000 0.000000 0.000000
 335 150 0 150 904 904 632336 626816 288459572.658658 239526832.336897 592507592.000000 0.000000 0.000000
 336 151 0 151 1574 1574 765968 773168 475920910.083166 240978952.909774 590793095.000000 0.000000 0.000000
 342 152 0 152 1064 1064 754272 764784 349188604.335468 239661601.200009 592797465.000000 0.000000 0.000000
 343 153 0 153 1022 1022 759280 756832 7823292.659358 54394741.029165 777229183.000000 0.000000 0.000000
 344 154 0 154 1392 1392 762240 769488 427689174.408860 237469790.166418 594149660.000000 0.000000 0.000000
 345 155 0 155 732 732 634656 634608 659194655.982318 229585894.666631 601962336.000000 0.000000 0.000000
 351 156 0 156 1096 1096 634208 637280 301106066.359304 239088826.898488 592446573.000000 0.000000 0.000000
 352 157 0 157 1082 1082 768768 762288 250988335.724047 238700854.018112 593069125.000000 0.000000 0.000000
 353 158 0 158 1540 1540 765264 764496 697600915.315208 236252403.559247 595390790.000000 0.000000 0.000000
 354 159 0 159 1070 1070 763200 758112 345062313.056860 244318093.749670 587318306.000000 0.000000 0.000000
 360 160 0 160 1070 1070 762960 761328 202803939.778730 232580847.137831 598975361.000000 0.000000 0.000000
 361 161 0 161 1002 1002 632368 633280 350774913.051636 234645728.692043 596894113.000000 0.000000 0.000000
 362 162 0 162 736 736 629648 627632 266942401.329142 226392510.718911 605129250.000000 0.000000 0.000000
 363 163 0 163 972 972 751936 758272 755794328.486178 234087532.686816 597453030.000000 0.000000 0.000000
 369 164 0 164 1762 1762 769920 774192 372599972.535236 240579804.605800 591059447.000000 0.000000 0.000000
 370 165 0 165 1684 1684 764032 766672 325576498.676551 233550144.873219 597993650.000000 0.000000 0.000000
 371 166 0 166 1410 1410 760896 762960 518833391.267912 239123077.144960 592421474.000000 0.000000 0.000000
 372 167 0 167 948 948 629584 631648 260607738.979867 236649711.818861 594846172.000000 0.000000 0.000000
 378 168 0 168 954 954 636928 635248 6526103.585643 28958853.822167 802504146.000000 0.000000 0.000000
 379 169 0 169 1270 1270 764064 762480 734156315.474057 223635700.239713 607848660.000000 0.000000 0.000000
 380 170 0 170 1506 1506 759744 761376 25118342.581256 44575161.081188 786953171.000000 0.000000 0.000000
 381 171 0 171 980 980 753952 755872 6455404.321163 38057534.305856 793469188.000000 0.000000 0.000000
 387 172 0 172 1702 1702 767456 772976 100778790.557361 121026439.125778 710474154.000000 0.000000 0.000000
 388 173 0 173 846 846 628224 633456 243480577.365074 236475653.217846 594977703.000000 0.000000 0.000000
 389 174 0 174 644 644 504432 504480 451541815.386835 239662784.717107 591771534.000000 0.000000 0.000000
 390 175 0 175 898 898 629008 630592 173227011.639691 77634156.492904 753831248.000000 0.000000 0.000000
 396 176 0 176 1394 1394 646064 640832 395809944.585102 182054201.172909 649868608.000000 0.000000 0.000000
 397 177 0 177 1448 1448 639376 642640 150557044.707568 179548468.480915 651926151.000000 0.000000 0.000000
 398 178 0 178 1090 1090 632064 636576 250106677.593005 184425720.400434 647025429.000000 0.000000 0.000000
 399 179 0 179 964 964 511216 509680 237637125.369963 227073551.692627 604859591.000000 0.000000 0.000000
 405 180 0 180 654 654 386480 380576 305307253.173759 235911083.432324 595556320.000000 0.000000 0.000000
 406 181 0 181 654 654 503696 504848 407952589.139066 183001654.817215 648476104.000000 0.000000 0.000000
 407 182 0 182 734 734 505232 506288 162126378.215534 188518178.452422 643060515.000000 0.000000 0.000000
 408 183 0 183 1032 1032 513760 510208 217662079.403466 161163463.830201 670314894.000000 0.000000 0.000000
 414 184 0 184 778 778 507072 502992 188637206.221469 231441481.042848 600051984.000000 0.000000 0.000000
 415 185 0 185 726 726 379568 380288 155479379.608226 161507768.221998 669876580.000000 0.000000 0.000000
 416 186 0 186 784 784 508000 504880 148041533.926285 182717136.264822 648781901.000000 0.000000 0.000000
 417 187 0 187 1380 1380 636608 637856 409011423.542657 233213367.461287 598559271.000000 0.000000 0.000000
 423 188 0 188 690 690 625216 626992 390564357.606874 162772054.587053 668844185.000000 0.000000 0.000000
 424 189 0 189 682 682 624640 625600 321837376.165165 231004127.527606 600620482.000000 0.000000 0.000000
 425 190 0 190 1206 1206 640240 635248 633596178.741291 228449783.945449 603103811.000000 0.000000 0.000000
 426 191 0 191 728 728 501328 505264 184188763.848333 229831433.678305 601626445.000000 0.000000 0.000000
 432 192 0 192 722 722 504384 505824 6416913.855051 40210582.736634 791313461.000000 0.000000 0.000000
 433 193 0 193 1064 1064 630992 636752 40126413.353912 74238652.253704 757304220.000000 0.000000 0.000000
 434 194 0 194 972 972 633456 631440 364896295.367320 227921239.807255 603722631.000000 0.000000 0.000000
 435 195 0 195 1156 1156 639328 635680 331924586.687551 228739386.483810 602806714.000000 0.000000 0.000000
 441 196 0 196 788 788 623344 629008 237349386.412355 237490308.270075 594057012.000000 0.000000 0.000000
 442 197 0 197 884 884 509120 511712 72073901.340936 121737928.870338 709675798.000000 0.000000 0.000000
 443 198 0 198 950 950 506496 506832 195269496.085245 164854399.318989 666599174.000000 0.000000 0.000000
 444 199 0 199 1086 1086 637728 640224 202190173.918858 161437110.343386 670052538.000000 0.000000 0.000000
 450 200 0 200 1188 1188 639888 638736 292346600.794496 120900459.116598 710630907.000000 0.000000 0.000000
 451 201 0 201 1102 1102 635808 634752 128071575.328631 120542486.467073 710987086.000000 0.000000 0.000000
 452 202 0 202 1612 1612 640704 639600 416012645.720230 226784219.061450 604719130.000000 0.000000 0.000000
 453 203 0 203 694 694 506704 504256 5896380.301126 119757632.648693 711680562.000000 0.000000 0.000000
 459 204 0 204 934 934 504896 508400 98795346.424093 124178411.407637 707237879.000000 0.000000 0.000000
 460 205 0 205 896 896 633104 633152 484430032.956205 187467874.723665 644000311.000000 0.000000 0.000000
 461 206 0 206 1174 1174 626864 633632 457719037.187970 183311090.038004 648613665.000000 0.000000 0.000000
 462 207 0 207 804 804 630752 631856 43761617.912208 77515445.635609 753962904.000000 0.000000 0.000000
 468 208 0 208 970 970 635776 635968 125674200.260586 117884278.125506 713569390.000000 0.000000 0.000000
 469 209 0 209 606 606 507216 505296 270518067.629940 232072862.564808 599862227.000000 0.000000 0.000000
 470 210 0 210 464 464 377376 377184 295777716.382970 162384958.889830 668963302.000000 0.000000 0.000000
 471 211 0 211 736 736 501488 503840 272728258.628004 186981098.006280 644945966.000000 0.000000 0.000000
 477 212 0 212 866 866 503504 507824 18375453.872167 48438518.675089 783490615.000000 0.000000 0.000000
 478 213 0 213 776 776 501200 504656 443160677.417389 237542463.120874 594386814.000000 0.000000 0.000000
 479 214 0 214 576 576 500176 504832 274117682.360995 235390871.430721 596546427.000000 0.000000 0.000000
 480 215 0 215 468 468 375408 379872 262567941.397346 227078832.474010 604858323.000000 0.000000 0.000000