# Format <LP ID> <Terminal ID> <Job ID> <Local Rank> <Total sends> <Total Recvs> <Bytes sent> <Bytes recvd> <Send time> <Comm. time> <Compute time> <Avg msg time> <Max Msg Time>
 0 0 0 0 28000 28000 32064632 32064632 122074807.204477 134561292.101890 221281641.000000 0.000000 0.000000
 1 1 0 1 28000 28000 38753880 38753880 126991344.122459 143145361.283922 212697416.000000 0.000000 0.000000
 2 2 0 2 28000 28000 38747532 38747532 126463539.981596 138046466.320064 217796347.000000 0.000000 0.000000
 3 3 0 3 28000 24000 32501596 32493596 123553983.219380 153428869.971866 202414089.000000 0.000000 0.000000
 4 4 0 4 28000 32000 39170140 39178140 126670675.287480 132731508.020354 223112292.000000 0.000000 0.000000
 5 5 0 5 28000 24000 33759788 33751788 123739843.641190 148715695.568536 207128263.000000 0.000000 0.000000
 6 6 0 6 24000 24000 27933140 27933140 105209970.071403 170661281.617807 185164753.000000 0.000000 0.000000
 7 7 0 7 28000 32000 39588272 39596272 128268723.428816 133262286.940649 222578617.000000 0.000000 0.000000
 8 8 0 8 28000 24000 32924208 32916208 122682873.159073 149098098.217427 206742940.000000 0.000000 0.000000
 9 9 0 9 24000 28000 32912828 32920828 109230119.972436 161847658.760152 193975712.000000 0.000000 0.000000
 10 10 0 10 28000 28000 36667572 36667572 125026941.981969 141165044.642664 214673135.000000 0.000000 0.000000
 11 11 0 11 28000 24000 32918660 32910660 124031437.057753 148644109.087192 207194322.000000 0.000000 0.000000
 12 12 0 12 24000 24000 29573788 29573788 106365397.001597 148649999.360574 207171666.000000 0.000000 0.000000
 13 13 0 13 28000 32000 40403528 40411528 128728969.171376 113375663.807812 242476255.000000 0.000000 0.000000
 14 14 0 14 28000 24000 32512728 32504728 123124678.006564 123759852.446690 232092238.000000 0.000000 0.000000
 15 15 0 15 24000 28000 32515708 32523708 109026086.394902 140162068.206256 215673868.000000 0.000000 0.000000
 16 16 0 16 28000 28000 36259468 36259468 125478894.563474 121848024.225229 233999395.000000 0.000000 0.000000
 17 17 0 17 28000 24000 32512832 32504832 123706308.504391 127410144.869721 228437534.000000 0.000000 0.000000
 18 18 0 18 24000 28000 33333032 33341032 108745213.037301 141461599.536810 214370975.000000 0.000000 0.000000
 19 19 0 19 28000 28000 36672956 36672956 126316573.683673 123381340.376325 232472337.000000 0.000000 0.000000
 20 20 0 20 28000 24000 32510664 32502664 123145913.599650 127524202.851456 228329607.000000 0.000000 0.000000
 21 21 0 21 24000 28000 32493036 32501036 108894140.311714 139499537.470166 216339161.000000 0.000000 0.000000
 22 22 0 22 28000 28000 36248328 36248328 125441402.550405 123516539.492444 232327608.000000 0.000000 0.000000
 23 23 0 23 28000 24000 32512220 32504220 123740931.395219 128130311.300639 227714205.000000 0.000000 0.000000
 24 24 0 24 24000 28000 34574828 34582828 109628999.642855 145248329.252421 210581177.000000 0.000000 0.000000
 25 25 0 25 28000 28000 32086876 32086876 122049151.593441 146854459.935059 208992324.000000 0.000000 0.000000
 26 26 0 26 28000 28000 38747032 38747032 126978585.324159 138042349.567930 217804276.000000 0.000000 0.000000
 27 27 0 27 28000 28000 38731736 38731736 126430569.929810 138341628.115180 217504609.000000 0.000000 0.000000
 28 28 0 28 28000 24000 32499384 32491384 123574729.278380 150811614.307917 205034763.000000 0.000000 0.000000
 29 29 0 29 28000 32000 39165636 39173636 126698802.836650 132011314.702233 223833299.000000 0.000000 0.000000
 30 30 0 30 28000 24000 33762344 33754344 123691053.137336 147641750.879553 208203034.000000 0.000000 0.000000
 31 31 0 31 24000 24000 27919224 27919224 105220683.575933 169496773.136383 186331504.000000 0.000000 0.000000
 32 32 0 32 28000 32000 39589368 39597368 128172230.507001 132729026.446356 223121860.000000 0.000000 0.000000
 33 33 0 33 28000 24000 32931868 32923868 122694870.643056 149338594.839998 206512422.000000 0.000000 0.000000
 34 34 0 34 24000 28000 32917724 32925724 109247830.410617 160493357.082174 195339573.000000 0.000000 0.000000
 35 35 0 35 28000 28000 36670540 36670540 125049840.438308 141327412.924534 214527185.000000 0.000000 0.000000
 36 36 0 36 28000 24000 32926448 32918448 123987661.061157 120050826.209640 235803630.000000 0.000000 0.000000
 37 37 0 37 24000 24000 29578180 29578180 106449669.416931 144603309.538107 211233941.000000 0.000000 0.000000
 38 38 0 38 28000 32000 40395288 40403288 128729570.103340 103480185.188406 252373566.000000 0.000000 0.000000
 39 39 0 39 28000 24000 32509204 32501204 123108644.805975 121535863.277015 234318056.000000 0.000000 0.000000
 40 40 0 40 24000 28000 32489604 32497604 109001753.968063 133920327.688709 221916890.000000 0.000000 0.000000
 41 41 0 41 28000 28000 36249024 36249024 125479610.985094 116079394.603549 239774973.000000 0.000000 0.000000
 42 42 0 42 28000 24000 32512212 32504212 123745141.005323 122130868.015965 233723661.000000 0.000000 0.000000
 43 43 0 43 24000 28000 33330416 33338416 108741878.180618 134494122.802404 221345589.000000 0.000000 0.000000
 44 44 0 44 28000 28000 36664632 36664632 126298053.499964 115884943.063559 239964819.000000 0.000000 0.000000
 45 45 0 45 28000 24000 32512460 32504460 123136081.200648 121506577.802863 234343357.000000 0.000000 0.000000
 46 46 0 46 24000 28000 32504656 32512656 108887210.797843 131392333.311341 224442540.000000 0.000000 0.000000
 47 47 0 47 28000 28000 36240660 36240660 125464210.423341 115867320.846286 239979491.000000 0.000000 0.000000
 48 48 0 48 28000 24000 32497448 32489448 123732715.936876 135546566.854221 220300506.000000 0.000000 0.000000
 49 49 0 49 24000 28000 34559788 34567788 109608246.699597 158215534.271361 197616771.000000 0.000000 0.000000
 50 50 0 50 28000 28000 32073480 32073480 122089906.013433 145346553.889249 210498245.000000 0.000000 0.000000
 51 51 0 51 28000 28000 38736336 38736336 126948908.350194 137289629.574622 218555148.000000 0.000000 0.000000
 52 52 0 52 28000 28000 38740296 38740296 126475623.163838 135938384.879792 219905173.000000 0.000000 0.000000
 53 53 0 53 28000 24000 32496240 32488240 123597054.968765 149455635.654592 206387759.000000 0.000000 0.000000
 54 54 0 54 28000 32000 39172064 39180064 126658300.204688 130031912.746721 225812989.000000 0.000000 0.000000
 55 55 0 55 28000 24000 33734884 33726884 123709605.209747 145765791.200838 210079277.000000 0.000000 0.000000
 56 56 0 56 24000 24000 27921168 27921168 105180444.352949 167238194.849081 188587885.000000 0.000000 0.000000
 57 57 0 57 28000 32000 39571236 39579236 128206915.405510 131280989.560020 224567343.000000 0.000000 0.000000
 58 58 0 58 28000 24000 32913348 32905348 122672018.066318 146934988.572426 208913513.000000 0.000000 0.000000
 59 59 0 59 24000 28000 32901292 32909292 109179007.729753 158367189.668677 197464719.000000 0.000000 0.000000
 60 60 0 60 28000 28000 36652636 36652636 125005530.041096 106781598.389360 249068822.000000 0.000000 0.000000
 61 61 0 61 28000 24000 32903816 32895816 123994913.599023 117630446.767483 238220139.000000 0.000000 0.000000
 62 62 0 62 24000 24000 29578936 29578936 106330138.711295 135993921.230505 219840684.000000 0.000000 0.000000
 63 63 0 63 28000 32000 40420396 40428396 128721351.130262 102236173.003207 253610329.000000 0.000000 0.000000
 64 64 0 64 28000 24000 32511148 32503148 123153004.044584 116869544.920711 238977243.000000 0.000000 0.000000
 65 65 0 65 24000 28000 32486276 32494276 108967745.548746 128600987.953959 227230596.000000 0.000000 0.000000
 66 66 0 66 28000 28000 36263460 36263460 125487148.806960 112593778.271997 243258798.000000 0.000000 0.000000
 67 67 0 67 28000 24000 32516192 32508192 123758389.385190 116990996.231611 238861752.000000 0.000000 0.000000
 68 68 0 68 24000 28000 33328608 33336608 108735604.211856 129415224.279228 226422680.000000 0.000000 0.000000
 69 69 0 69 28000 28000 36652080 36652080 126282829.115017 112306920.135578 243539895.000000 0.000000 0.000000
 70 70 0 70 28000 24000 32513128 32505128 123138060.522197 116303325.410503 239543657.000000 0.000000 0.000000
 71 71 0 71 24000 28000 32502492 32510492 108860310.669565 126062158.625374 229770034.000000 0.000000 0.000000
 72 72 0 72 28000 28000 36243032 36243032 125490555.096778 126686390.792648 229163078.000000 0.000000 0.000000
 73 73 0 73 28000 24000 32513740 32505740 123785404.010763 147352214.804209 208497423.000000 0.000000 0.000000
 74 74 0 74 24000 28000 34580544 34588544 109530581.192812 155098365.924868 200734882.000000 0.000000 0.000000
 75 75 0 75 28000 28000 32073304 32073304 122077010.319213 143075103.578346 212769334.000000 0.000000 0.000000
 76 76 0 76 28000 28000 38745076 38745076 127003762.594315 135574907.399557 220269253.000000 0.000000 0.000000
 77 77 0 77 28000 28000 38745084 38745084 126475765.322521 135112392.407148 220731289.000000 0.000000 0.000000
 78 78 0 78 28000 24000 32506812 32498812 123596711.233908 148689618.194136 207154213.000000 0.000000 0.000000
 79 79 0 79 28000 32000 39157496 39165496 126643786.479620 130334846.462831 225512260.000000 0.000000 0.000000
 80 80 0 80 28000 24000 33753704 33745704 123711342.698755 145679123.255996 210168233.000000 0.000000 0.000000
 81 81 0 81 24000 24000 27913272 27913272 105179555.653438 166877492.675871 188949207.000000 0.000000 0.000000
 82 82 0 82 28000 32000 39590796 39598796 128201611.532992 132688407.112846 223159730.000000 0.000000 0.000000
 83 83 0 83 28000 24000 32925712 32917712 122688610.316097 147614548.914881 208233754.000000 0.000000 0.000000
 84 84 0 84 24000 28000 32915360 32923360 109204785.204238 132835859.345881 222996887.000000 0.000000 0.000000
 85 85 0 85 28000 28000 36667220 36667220 125062225.024448 115908889.393416 239942113.000000 0.000000 0.000000
 86 86 0 86 28000 24000 32913384 32905384 123989471.695621 123232147.216697 232618993.000000 0.000000 0.000000
 87 87 0 87 24000 24000 29579992 29579992 106400603.595377 145234424.121042 210598094.000000 0.000000 0.000000
 88 88 0 88 28000 32000 40408496 40416496 128724615.202092 109165586.043169 246685767.000000 0.000000 0.000000
 89 89 0 89 28000 24000 32501152 32493152 123136461.181184 123614803.064528 232236686.000000 0.000000 0.000000
 90 90 0 90 24000 28000 32488836 32496836 108951023.028592 137619772.371032 218214517.000000 0.000000 0.000000
 91 91 0 91 28000 28000 36249616 36249616 125494320.983139 118032767.305288 237821715.000000 0.000000 0.000000
 92 92 0 92 28000 24000 32511208 32503208 123749410.359229 124360871.920220 231493775.000000 0.000000 0.000000
 93 93 0 93 24000 28000 33332156 33340156 108749386.537166 138425707.721436 217412151.000000 0.000000 0.000000
 94 94 0 94 28000 28000 36649744 36649744 126270205.540320 116918827.698501 238929658.000000 0.000000 0.000000
 95 95 0 95 28000 24000 32494248 32486248 123057820.553482 123631809.939909 232216835.000000 0.000000 0.000000
 96 96 0 96 24000 28000 32497608 32505608 108874100.911640 196773392.712195 159058924.000000 0.000000 0.000000
 97 97 0 97 28000 28000 36236440 36236440 125264155.969742 200132143.009875 155710913.000000 0.000000 0.000000
 98 98 0 98 28000 24000 32480632 32472632 123481335.164784 204256334.242922 151586885.000000 0.000000 0.000000
 99 99 0 99 24000 28000 34541172 34549172 109580829.291828 207988387.713186 147840461.000000 0.000000 0.000000