# Format <LP id> <Terminal ID> <Rail ID> <Total Data Size> <Avg packet latency> <# Flits/Packets finished> <Avg hops> <Busy Time>
256 0 0 59727904 52859048.986711 134028 1.000000 0.000000
257 1 0 59173216 59543349.456356 127892 1.000000 0.000000
258 2 0 66300768 57433087.420317 143308 1.000000 0.000000
259 3 0 66415200 65069801.386881 144972 1.000000 0.000000
519 4 0 0 0.000000 0 nan 0.000000
520 5 0 0 0.000000 0 nan 0.000000
521 6 0 0 0.000000 0 nan 0.000000
522 7 0 0 0.000000 0 nan 0.000000
782 8 0 0 0.000000 0 nan 0.000000
783 9 0 0 0.000000 0 nan 0.000000
784 10 0 0 0.000000 0 nan 0.000000
785 11 0 0 0.000000 0 nan 0.000000
1045 12 0 0 0.000000 0 nan 0.000000
1046 13 0 0 0.000000 0 nan 0.000000
1047 14 0 0 0.000000 0 nan 0.000000
1048 15 0 0 0.000000 0 nan 0.000000
1308 16 0 0 0.000000 0 nan 0.000000
1309 17 0 0 0.000000 0 nan 0.000000
1310 18 0 0 0.000000 0 nan 0.000000
1311 19 0 0 0.000000 0 nan 0.000000
1571 20 0 0 0.000000 0 nan 0.000000
1572 21 0 0 0.000000 0 nan 0.000000
1573 22 0 0 0.000000 0 nan 0.000000
1574 23 0 0 0.000000 0 nan 0.000000
1834 24 0 0 0.000000 0 nan 0.000000
1835 25 0 0 0.000000 0 nan 0.000000
1836 26 0 0 0.000000 0 nan 0.000000
1837 27 0 0 0.000000 0 nan 0.000000
2097 28 0 0 0.000000 0 nan 0.000000
2098 29 0 0 0.000000 0 nan 0.000000
2099 30 0 0 0.000000 0 nan 0.000000
2100 31 0 0 0.000000 0 nan 0.000000
2360 32 0 0 0.000000 0 nan 0.000000
2361 33 0 0 0.000000 0 nan 0.000000
2362 34 0 0 0.000000 0 nan 0.000000
2363 35 0 0 0.000000 0 nan 0.000000
2623 36 0 0 0.000000 0 nan 0.000000
2624 37 0 0 0.000000 0 nan 0.000000
2625 38 0 0 0.000000 0 nan 0.000000
2626 39 0 0 0.000000 0 nan 0.000000
2886 40 0 0 0.000000 0 nan 0.000000
2887 41 0 0 0.000000 0 nan 0.000000
2888 42 0 0 0.000000 0 nan 0.000000
2889 43 0 0 0.000000 0 nan 0.000000
3149 44 0 0 0.000000 0 nan 0.000000
3150 45 0 0 0.000000 0 nan 0.000000
3151 46 0 0 0.000000 0 nan 0.000000
3152 47 0 0 0.000000 0 nan 0.000000
3412 48 0 0 0.000000 0 nan 0.000000
3413 49 0 0 0.000000 0 nan 0.000000
3414 50 0 0 0.000000 0 nan 0.000000
3415 51 0 0 0.000000 0 nan 0.000000
3675 52 0 0 0.000000 0 nan 0.000000
3676 53 0 0 0.000000 0 nan 0.000000
3677 54 0 0 0.000000 0 nan 0.000000
3678 55 0 0 0.000000 0 nan 0.000000
3938 56 0 0 0.000000 0 nan 0.000000
3939 57 0 0 0.000000 0 nan 0.000000
3940 58 0 0 0.000000 0 nan 0.000000
3941 59 0 0 0.000000 0 nan 0.000000
4201 60 0 0 0.000000 0 nan 0.000000
4202 61 0 0 0.000000 0 nan 0.000000
4203 62 0 0 0.000000 0 nan 0.000000
4204 63 0 0 0.000000 0 nan 0.000000
4464 64 0 0 0.000000 0 nan 0.000000
4465 65 0 0 0.000000 0 nan 0.000000
4466 66 0 0 0.000000 0 nan 0.000000
4467 67 0 0 0.000000 0 nan 0.000000
4727 68 0 0 0.000000 0 nan 0.000000
4728 69 0 0 0.000000 0 nan 0.000000
4729 70 0 0 0.000000 0 nan 0.000000
4730 71 0 0 0.000000 0 nan 0.000000
4990 72 0 0 0.000000 0 nan 0.000000
4991 73 0 0 0.000000 0 nan 0.000000
4992 74 0 0 0.000000 0 nan 0.000000
4993 75 0 0 0.000000 0 nan 0.000000
5253 76 0 0 0.000000 0 nan 0.000000
5254 77 0 0 0.000000 0 nan 0.000000
5255 78 0 0 0.000000 0 nan 0.000000
5256 79 0 0 0.000000 0 nan 0.000000
5516 80 0 0 0.000000 0 nan 0.000000
5517 81 0 0 0.000000 0 nan 0.000000
5518 82 0 0 0.000000 0 nan 0.000000
5519 83 0 0 0.000000 0 nan 0.000000
5779 84 0 0 0.000000 0 nan 0.000000
5780 85 0 0 0.000000 0 nan 0.000000
5781 86 0 0 0.000000 0 nan 0.000000
5782 87 0 0 0.000000 0 nan 0.000000
6042 88 0 0 0.000000 0 nan 0.000000
6043 89 0 0 0.000000 0 nan 0.000000
6044 90 0 0 0.000000 0 nan 0.000000
6045 91 0 0 0.000000 0 nan 0.000000
6305 92 0 0 0.000000 0 nan 0.000000
6306 93 0 0 0.000000 0 nan 0.000000
6307 94 0 0 0.000000 0 nan 0.000000
6308 95 0 0 0.000000 0 nan 0.000000
6568 96 0 0 0.000000 0 nan 0.000000
6569 97 0 0 0.000000 0 nan 0.000000
6570 98 0 0 0.000000 0 nan 0.000000
6571 99 0 0 0.000000 0 nan 0.000000
6831 100 0 0 0.000000 0 nan 0.000000
6832 101 0 0 0.000000 0 nan 0.000000
6833 102 0 0 0.000000 0 nan 0.000000
6834 103 0 0 0.000000 0 nan 0.000000
7094 104 0 0 0.000000 0 nan 0.000000
7095 105 0 0 0.000000 0 nan 0.000000
7096 106 0 0 0.000000 0 nan 0.000000
7097 107 0 0 0.000000 0 nan 0.000000
7357 108 0 0 0.000000 0 nan 0.000000
7358 109 0 0 0.000000 0 nan 0.000000
7359 110 0 0 0.000000 0 nan 0.000000
7360 111 0 0 0.000000 0 nan 0.000000
7620 112 0 0 0.000000 0 nan 0.000000
7621 113 0 0 0.000000 0 nan 0.000000
7622 114 0 0 0.000000 0 nan 0.000000
7623 115 0 0 0.000000 0 nan 0.000000
7883 116 0 0 0.000000 0 nan 0.000000
7884 117 0 0 0.000000 0 nan 0.000000
7885 118 0 0 0.000000 0 nan 0.000000
7886 119 0 0 0.000000 0 nan 0.000000
8146 120 0 0 0.000000 0 nan 0.000000
8147 121 0 0 0.000000 0 nan 0.000000
8148 122 0 0 0.000000 0 nan 0.000000
8149 123 0 0 0.000000 0 nan 0.000000
8409 124 0 0 0.000000 0 nan 0.000000
8410 125 0 0 0.000000 0 nan 0.000000
8411 126 0 0 0.000000 0 nan 0.000000
8412 127 0 0 0.000000 0 nan 0.000000
