# Format <LP ID> <Terminal ID> <Job ID> <Local Rank> <Total sends> <Total Recvs> <Bytes sent> <Bytes recvd> <Send time> <Comm. time> <Compute time> <Avg msg time> <Max Msg Time>
 0 0 0 0 1020 1020 67012300 70881100 24509672.782509 1756462965.724998 57406436991.000000 0.000000 0.000000
 1 1 0 1 1632 1632 101528728 105447128 168139848.036964 1827829959.175514 57323291980.000000 0.000000 0.000000
 2 2 0 2 816 816 64553208 64638008 198651159.650978 1255852908.881294 57899727488.000000 0.000000 0.000000
 3 3 0 3 1428 1428 105341284 105466084 33399447.993423 1106598259.554916 58050943880.000000 0.000000 0.000000
 9 4 0 4 816 816 68151920 64011120 216588491.995098 2134397776.852180 57022544870.000000 0.000000 0.000000
 10 5 0 5 1632 1632 109551896 105659096 35066339.245089 1225641168.602516 57924820320.000000 0.000000 0.000000
 11 6 0 6 816 816 79113784 78958584 158653926.845734 159460923.218727 58999340864.000000 0.000000 0.000000
 12 7 0 7 1428 1428 112033708 119382508 277355730.101460 2542277097.700264 56603730388.000000 0.000000 0.000000
 18 8 0 8 1020 1020 100114004 93552404 97438610.905207 1007034466.493492 58147133946.000000 0.000000 0.000000
 19 9 0 9 1632 1632 101528728 105447128 78034668.276894 2067374128.436134 57086378198.000000 0.000000 0.000000
 20 10 0 10 1020 1020 67012300 70881100 59996391.467606 2217527321.651901 56924030378.000000 0.000000 0.000000
 21 11 0 11 1428 1428 98869004 98953804 31817992.700722 1233923541.189911 57922016563.000000 0.000000 0.000000
 27 12 0 12 816 816 70776616 70899816 22642630271.445286 23737643452.587044 35257015751.000000 0.000000 0.000000
 28 13 0 13 1632 1632 102394744 98201144 22546955518.926445 24161198466.395775 34827608262.000000 0.000000 0.000000
 29 14 0 14 1020 1020 75035964 71192764 22511788013.877125 24154948015.989410 34832504007.000000 0.000000 0.000000
 30 15 0 15 1632 1632 130830952 130083752 22530142096.920597 23356813244.121292 35638382612.000000 0.000000 0.000000
 36 16 0 16 816 816 86534816 93885216 268451966.255436 23934732388.065834 35053935882.000000 0.000000 0.000000
 37 17 0 17 612 612 74862620 67705820 25531748.473383 22539457720.824722 36453416056.000000 0.000000 0.000000