# Format <LP ID> <Terminal ID> <Job ID> <Local Rank> <Total sends> <Total Recvs> <Bytes sent> <Bytes recvd> <Send time> <Comm. time> <Compute time> <Avg msg time> <Max Msg Time>
 0 0 0 0 386 386 375504 372576 34163367.095806 95311283.605942 421445414.000000 0.000000 0.000000
 1 1 0 1 436 436 499744 496960 92056913.774353 116109643.812153 400680969.000000 0.000000 0.000000
 2 2 0 2 432 432 380560 378304 21180676.557808 110717321.615586 406014323.000000 0.000000 0.000000
 3 3 0 3 438 438 501776 497360 2343571.046110 62922641.419282 453870765.000000 0.000000 0.000000
 9 4 0 4 798 798 634624 632464 59413661.984736 105668743.120431 411178033.000000 0.000000 0.000000
 10 5 0 5 566 566 505488 501888 73460733.752357 110575810.407476 406217948.000000 0.000000 0.000000
 11 6 0 6 378 378 377264 374768 111444705.457443 111206871.486378 405552232.000000 0.000000 0.000000
 12 7 0 7 636 636 503376 505680 209016911.738978 110178538.904219 406617530.000000 0.000000 0.000000
 18 8 0 8 430 430 377664 378480 112379444.367835 113741105.357937 403005036.000000 0.000000 0.000000
 19 9 0 9 648 648 505520 505424 73524919.759842 107106373.948685 409691593.000000 0.000000 0.000000
 20 10 0 10 646 646 628512 629376 58989619.055268 113730466.552603 403118618.000000 0.000000 0.000000
 21 11 0 11 618 618 504176 505712 51659557.076930 114120649.653675 402669890.000000 0.000000 0.000000
 27 12 0 12 764 764 628688 628640 186955711.144788 107926833.571849 408924470.000000 0.000000 0.000000
 28 13 0 13 1060 1060 760240 756640 262086524.152413 95802509.822731 421055583.000000 0.000000 0.000000
 29 14 0 14 640 640 627024 628944 215549747.451122 112173670.976203 404679939.000000 0.000000 0.000000
 30 15 0 15 496 496 498080 501104 117766234.072197 112323810.223003 404476753.000000 0.000000 0.000000
 36 16 0 16 818 818 629824 638080 132858807.557939 108199295.451385 408656717.000000 0.000000 0.000000
 37 17 0 17 562 562 503296 504928 104206558.978029 105059285.352482 411724256.000000 0.000000 0.000000
 38 18 0 18 420 420 375680 371408 115262652.270725 110199479.872945 406548900.000000 0.000000 0.000000
 39 19 0 19 500 500 499920 499536 103398004.918655 96821924.173481 419973314.000000 0.000000 0.000000
 45 20 0 20 446 446 377088 375792 112025826.154846 111274217.062751 405490972.000000 0.000000 0.000000
 46 21 0 21 562 562 503040 505680 121835553.374668 112507624.194737 404295339.000000 0.000000 0.000000
 47 22 0 22 842 842 635616 640320 147443416.903907 109880992.470877 406977339.000000 0.000000 0.000000
 48 23 0 23 556 556 500432 500288 118023506.149130 111409888.190931 405389169.000000 0.000000 0.000000
 54 24 0 24 458 458 377408 377984 15553104.389386 13765809.772955 502964206.000000 0.000000 0.000000
 55 25 0 25 568 568 500112 503712 15410326.083912 14219675.630115 502581788.000000 0.000000 0.000000
 56 26 0 26 420 420 373712 372320 13243777.948930 14423274.814280 502344323.000000 0.000000 0.000000