# Format <LP ID> <Rail ID> <Level ID> <Switch ID> <Link traffic per switch port(s)># Switch ports: 8
 260 0 0 0 3350864 3704592 3342304 2980736 0 0 0 0
 261 0 1 32 0 0 0 0 0 0 0 0
 262 0 2 64 0 0 0 0 0 0 0 0
 523 0 0 1 0 0 0 0 0 0 0 0
 524 0 1 33 0 0 0 0 0 0 0 0
 525 0 2 65 0 0 0 0 0 0 0 0
 786 0 0 2 0 0 0 0 0 0 0 0
 787 0 1 34 0 0 0 0 0 0 0 0
 788 0 2 66 0 0 0 0 0 0 0 0
 1049 0 0 3 0 0 0 0 0 0 0 0
 1050 0 1 35 0 0 0 0 0 0 0 0
 1051 0 2 67 0 0 0 0 0 0 0 0
 1312 0 0 4 0 0 0 0 0 0 0 0
 1313 0 1 36 0 0 0 0 0 0 0 0
 1314 0 2 68 0 0 0 0 0 0 0 0
 1575 0 0 5 0 0 0 0 0 0 0 0
 1576 0 1 37 0 0 0 0 0 0 0 0
 1577 0 2 69 0 0 0 0 0 0 0 0
 1838 0 0 6 0 0 0 0 0 0 0 0
 1839 0 1 38 0 0 0 0 0 0 0 0
 1840 0 2 70 0 0 0 0 0 0 0 0
 2101 0 0 7 0 0 0 0 0 0 0 0
 2102 0 1 39 0 0 0 0 0 0 0 0
 2103 0 2 71 0 0 0 0 0 0 0 0
 2364 0 0 8 0 0 0 0 0 0 0 0
 2365 0 1 40 0 0 0 0 0 0 0 0
 2366 0 2 72 0 0 0 0 0 0 0 0
 2627 0 0 9 0 0 0 0 0 0 0 0
 2628 0 1 41 0 0 0 0 0 0 0 0
 2629 0 2 73 0 0 0 0 0 0 0 0
 2890 0 0 10 0 0 0 0 0 0 0 0
 2891 0 1 42 0 0 0 0 0 0 0 0
 2892 0 2 74 0 0 0 0 0 0 0 0
 3153 0 0 11 0 0 0 0 0 0 0 0
 3154 0 1 43 0 0 0 0 0 0 0 0
 3155 0 2 75 0 0 0 0 0 0 0 0
 3416 0 0 12 0 0 0 0 0 0 0 0
 3417 0 1 44 0 0 0 0 0 0 0 0
 3418 0 2 76 0 0 0 0 0 0 0 0
 3679 0 0 13 0 0 0 0 0 0 0 0
 3680 0 1 45 0 0 0 0 0 0 0 0
 3681 0 2 77 0 0 0 0 0 0 0 0
 3942 0 0 14 0 0 0 0 0 0 0 0
 3943 0 1 46 0 0 0 0 0 0 0 0
 3944 0 2 78 0 0 0 0 0 0 0 0
 4205 0 0 15 0 0 0 0 0 0 0 0
 4206 0 1 47 0 0 0 0 0 0 0 0
 4207 0 2 79 0 0 0 0 0 0 0 0
 4468 0 0 16 0 0 0 0 0 0 0 0
 4469 0 1 48 0 0 0 0 0 0 0 0
 4731 0 0 17 0 0 0 0 0 0 0 0
 4732 0 1 49 0 0 0 0 0 0 0 0
 4994 0 0 18 0 0 0 0 0 0 0 0
 4995 0 1 50 0 0 0 0 0 0 0 0
 5257 0 0 19 0 0 0 0 0 0 0 0
 5258 0 1 51 0 0 0 0 0 0 0 0
 5520 0 0 20 0 0 0 0 0 0 0 0
 5521 0 1 52 0 0 0 0 0 0 0 0
 5783 0 0 21 0 0 0 0 0 0 0 0
 5784 0 1 53 0 0 0 0 0 0 0 0
 6046 0 0 22 0 0 0 0 0 0 0 0
 6047 0 1 54 0 0 0 0 0 0 0 0
 6309 0 0 23 0 0 0 0 0 0 0 0
 6310 0 1 55 0 0 0 0 0 0 0 0
 6572 0 0 24 0 0 0 0 0 0 0 0
 6573 0 1 56 0 0 0 0 0 0 0 0
 6835 0 0 25 0 0 0 0 0 0 0 0
 6836 0 1 57 0 0 0 0 0 0 0 0
 7098 0 0 26 0 0 0 0 0 0 0 0
 7099 0 1 58 0 0 0 0 0 0 0 0
 7361 0 0 27 0 0 0 0 0 0 0 0
 7362 0 1 59 0 0 0 0 0 0 0 0
 7624 0 0 28 0 0 0 0 0 0 0 0
 7625 0 1 60 0 0 0 0 0 0 0 0
 7887 0 0 29 0 0 0 0 0 0 0 0
 7888 0 1 61 0 0 0 0 0 0 0 0
 8150 0 0 30 0 0 0 0 0 0 0 0
 8151 0 1 62 0 0 0 0 0 0 0 0
 8413 0 0 31 0 0 0 0 0 0 0 0
 8414 0 1 63 0 0 0 0 0 0 0 0