# Format <LP ID> <Group ID> <Router ID> <Link traffic per router port(s)># Router ports in the order: 10 local channels, 5 global channels
 10 0 0 0 127416208 63733528 72610480 53375144 48253704 61519060 49851624 56365136 61552096 18006352 30744960 26116640 25064760 18217768
 21 0 1 113916248 0 97497848 43245840 54850128 45713128 54846080 55565844 42064408 66342960 137046504 64324912 34516280 31355032 12741064
 32 0 2 42985776 91518488 0 48820552 25388304 31058904 13504608 19980256 36303420 23751320 52580448 42585416 33863552 33848208 15574912
 43 0 3 47702920 28642832 48694992 0 70936888 33087496 10692048 13241184 19799456 15147628 52151776 36191168 36515936 38879488 16350944
 54 0 4 32684440 43508236 23625992 76396656 0 61541520 29394136 17605184 15212528 39692272 55446272 44373352 54121424 30783072 15225488
 65 0 5 33550528 34328404 28663752 31177048 62561176 0 55276552 17489912 14953600 20933488 39308768 41233928 53888112 17290040 17328672
 76 0 6 42308512 45083716 10909560 10871760 29278456 58489136 0 62694328 23757304 23671248 40256104 37695600 40810896 17139064 17111896
 87 0 7 35248656 48280892 14821488 13204984 19616480 22806784 62402312 0 38101176 37606808 51030848 37066536 38778392 16602776 16626728
 98 0 8 34497464 34460028 35753760 20097128 13501256 17243072 25057512 39518696 0 61774904 36806008 37269016 37843968 17023944 16915808
 109 0 9 34826120 58510108 22120712 15093408 38812480 22268408 24876560 38320384 62057272 0 35848776 41954648 47271800 17272104 17301328
 120 1 0 0 87757036 54846204 26559980 33619924 21719108 33384124 25100688 21801856 45474480 132253128 23943368 31353464 27147384 12262680
 131 1 1 93933592 0 70702952 16764224 26864472 16402600 16294104 16479868 15756384 19605424 15124464 32603768 16630400 16309592 15047456
 142 1 2 57875992 72752760 0 64868696 45565584 49942336 21196704 36941672 36058644 56935064 150638152 35510056 21175976 23989864 10676904
 153 1 3 22872336 12511048 58468952 0 67164664 25383720 26735880 14590712 13439064 36137380 33270984 24582968 26081096 28277600 15168584
 164 1 4 30435640 27329040 39214204 66769928 0 72163944 22530648 31324416 11984408 39690128 56449456 33725792 52690800 19262808 13375144
 175 1 5 18459144 15231176 43647004 23414464 73521208 0 23395208 25737544 32468000 22518224 26289272 34703904 50741048 15349536 15501360
 186 1 6 29154424 15280984 20279108 26974480 23526112 25735384 0 80478376 37975960 20994824 56569480 27868560 34502320 14675496 14740800
 197 1 7 23084936 16550216 34971268 14913008 34245400 28310808 84440904 0 79284648 23464944 50151888 26932856 32384312 14249888 14318472
 208 1 8 20397944 16094544 35172244 13875128 14118544 34713496 38020208 76389272 0 45940808 28506792 24622960 29936888 15511632 15477976
 219 1 9 45133392 20507008 53426604 35545920 39081216 23710696 21537856 23768928 46011648 0 25925560 37750640 40440816 14789192 14773744
 230 2 0 0 84340232 28567448 46766544 37193952 23855712 19808660 20831632 21082328 34693032 54917728 27184600 34499896 30213712 15404840
 241 2 1 87780196 0 73804884 53628644 59238260 30519332 27884504 16295428 20789256 28849512 161433864 25291504 26822128 22152088 11871312
 252 2 2 32397824 75016416 0 74378352 44041472 24572328 12702848 17301800 11771796 17255672 16193392 17844440 17282280 17893640 16197784
 263 2 3 50045504 56136064 68729984 0 72423152 44135240 28390432 51585488 49099264 55569036 137494744 21309080 23049352 24995176 12022072
 274 2 4 43055136 67931640 46477160 76294676 0 91268240 22469408 26602480 16841848 24783432 25040224 98126384 58903816 18225000 12224760
 285 2 5 19420184 25950872 23454232 40297132 82053712 0 68718960 32448584 19133496 22846016 26846640 36240568 51682920 16020920 16004712
 296 2 6 16825488 24176616 11525416 28949996 15051080 83062896 0 50147536 32495680 32535352 31698792 29232808 36194104 16124384 16155096
 307 2 7 16330872 13285544 15026616 43721332 24145144 37924000 49817944 0 64925616 40544560 80622616 26873128 32768640 14382976 14372536
 318 2 8 18797640 19443824 13807936 43646148 15525528 21740240 34697544 66704656 0 46446744 30166288 25512584 30451856 16243560 16207272
 329 2 9 32110352 26323712 17336128 52878484 22841376 25670720 34450944 37528504 46152976 0 27323800 32975392 41748344 16196680 16057688
 340 3 0 0 85298624 46591416 15551256 19273816 36508096 23652404 30660936 31208432 40975280 43525208 25522208 32906304 28677144 13884232
 351 3 1 85503024 0 33451240 11888624 16511560 15792864 27320224 49439044 18691480 20283512 33106424 27326736 29139072 24373520 14341200
 362 3 2 49935076 34810236 0 73949884 39395556 50440860 32809120 16123672 14519372 20924848 142640088 23175056 21727296 24910152 11312632
 373 3 3 10432504 12523568 79709984 0 65187696 24522720 25289880 10720224 9354776 10927812 14427688 14672336 15897144 15589312 14521824
 384 3 4 16216232 15514568 39481048 63985648 0 61147520 30591856 32575864 26302664 60300208 73316032 34358800 49769488 16856920 10858224
 395 3 5 36772320 15667512 50994280 29712944 70035484 0 87143656 46548440 34686744 22072664 22107552 95988184 54602832 11218096 11184632
 406 3 6 24222496 26700024 35859664 31986904 30228292 86260600 0 55738960 36713296 20176128 28803696 27278880 34356920 14413488 14307144
 417 3 7 30784816 49933232 15127360 10872352 34206988 43082584 55922992 0 61389232 19154072 63412440 26095304 31741192 13385464 13511320
 428 3 8 31139352 22096176 13646832 12327192 21790860 32187416 38607648 63006648 0 63630640 62605808 22204864 27236048 12949672 12931536
 439 3 9 38271176 18756328 19128840 14869912 53446300 21648536 21333128 19098024 64084656 0 25533936 31322552 39972736 14442528 14585024
 450 4 0 0 76122680 20025616 40534072 14964136 18715832 32463244 33695744 16156912 31231440 57422752 25213416 33043120 28313096 13435464
 461 4 1 76335728 0 54755888 34450624 31858160 27956952 44855536 42280540 12916568 20196144 57347752 26577744 28037224 23417040 13186160
 472 4 2 18525808 54049864 0 64940984 20460776 28225808 10012928 24849696 35763812 19012744 29771288 26821584 24892784 27710848 14136392
 483 4 3 40797412 35919852 65904852 0 58290876 38283212 17853240 32718848 21516432 16741740 79737688 21829368 23592424 25550736 12406600
 494 4 4 12433104 31477456 23130736 63009896 0 54325460 20095304 22659328 10200136 31114896 13444248 15381872 29891416 13305232 13352472
 505 4 5 16868568 25649056 31185296 36172704 51812112 0 72754568 41120944 42779872 56937944 111750480 29736792 45682792 10783984 10708712
 516 4 6 36788800 44447496 11292184 20126800 22950280 76179660 0 83456144 25820328 40999152 57669272 26311368 32993232 13193400 13172864
 527 4 7 41788960 39234584 22466016 37920528 27116920 39733204 79387928 0 27018480 52699144 66852912 25193840 30800448 12694024 12673872
 538 4 8 15023928 12363144 35903616 21479080 12649960 42462868 25910536 30527104 0 74617832 27562264 23568384 28483592 14183752 14248280
 549 4 9 30116440 23253544 22859520 17667352 37311888 57464948 42741384 57054344 78355960 0 23505440 83287944 37512144 11939360 11969512
 560 5 0 0 72996848 28459376 24916520 66694288 21185328 28491764 32682888 37490880 67316440 28106448 23444912 46475376 26325856 11595632
 571 5 1 60439184 0 66264832 22457288 35852856 9558728 14526584 16646324 13777392 19566840 25689832 25082432 27092600 22449784 12243832
 582 5 2 23886096 78595928 0 56461456 32914384 22616640 7885328 31068792 27056676 16458992 27320152 24212056 22883032 25758328 12182664
 593 5 3 24291720 24007016 57989008 0 60829928 10372080 28337144 18909904 18343536 40311388 25221840 21782416 23324632 25406928 12262240
 604 5 4 67081468 36176492 33674412 62211044 0 50881748 30371172 30641600 17696872 39773352 111742992 24075896 50547984 14229776 8234104
 615 5 5 9721832 7788608 22937176 9269792 57478296 0 45160060 16990280 11373896 9405520 12310184 13725904 15245328 12452304 12365232
 626 5 6 27080648 14632032 8505944 27347864 33718432 48156776 0 73357784 30295512 51065776 109044776 21978696 29057744 9091800 9016688
 637 5 7 32360352 17404648 31915472 22178240 31946184 19815152 71107868 0 56241232 38650256 52510424 23692536 29245880 11079888 11206080
 648 5 8 35781360 14377752 28248664 18458784 18736512 13899776 30395628 57552768 0 55748464 28634008 21464560 26614784 12144840 12191864
 659 5 9 69265992 21345800 17331240 42062304 48959720 16815560 57819724 43051208 59828952 0 61111904 47602912 34674776 9449040 9493928
 670 6 0 0 77678896 42065832 55010232 29048240 67014968 21080228 25670544 25190272 45170536 29917592 33294896 73382400 28874960 14144520
 681 6 1 71775344 0 74306752 34720152 27877280 45798384 20081728 16814228 16858928 20164568 56735056 27388280 36697464 24763848 14614400
 692 6 2 37309952 73868416 0 79643152 21796672 33845104 15196376 17071880 14077004 23174448 32237624 27638952 26210640 29313904 15781760
 703 6 3 52781560 34665688 80077872 0 24064616 23433240 14958320 17701520 16692064 22290124 28654368 25158880 26810160 29007296 15794424
 714 6 4 25908120 25435776 19370192 22872112 0 78839008 21927712 46290084 23814192 19805632 55914152 30908128 51398376 20877184 15001280
 725 6 5 64840076 45598332 33430972 21287068 80511804 0 63056168 34374988 33334832 21580840 117825192 31677504 47558672 12680848 12738632
 736 6 6 15003920 16855168 12254840 15112768 21161864 68841216 0 54045092 22993720 27562128 15279792 15828728 23920832 15285176 15207304
 747 6 7 24429712 15124344 16185824 16468392 53757040 40321784 59536928 0 94749496 65115536 138520712 23719112 30025416 11062800 11099096
 758 6 8 25248016 17344760 14844296 16430312 24895192 35759856 23523656 93199900 0 71338856 46776032 24417488 29347832 15362280 15160928
 769 6 9 43885184 18798432 22732224 22116336 20921440 22270672 32139624 59096388 69768912 0 55691576 32381216 40501024 14945648 14865240
 780 7 0 0 102939368 44721464 36625144 49041072 43940352 78023612 19810648 27742976 42757464 47582544 43879296 38997248 35116000 20437416
 791 7 1 88686104 0 64023080 49302016 81340104 25275288 48785968 19166124 22072160 25189920 56480056 33109608 34980736 30392984 20369768
 802 7 2 45051784 76229040 0 93297400 44522784 40750904 56148224 28802592 27005852 23914416 78376120 31789744 30252232 33467648 20035192
 813 7 3 32461360 56393176 88418576 0 93445672 38346304 66868008 34967432 37934112 29680828 59042344 29318400 30872192 33099464 19823344
 824 7 4 36887312 85094480 37201752 88223512 0 90424016 73566328 19839992 22494796 39132216 67953104 32983000 137149424 21962528 15980624
 835 7 5 45456744 33187448 39360016 39177376 98789400 0 96503240 17803728 32615084 42153360 52554648 39186832 56079264 20248496 20158640
 846 7 6 61786924 45828764 41165748 61076332 71167108 87565556 0 49882176 39824612 33132504 153952744 29636400 37017144 16701472 16766168
 857 7 7 11246240 14236152 15559056 41163216 12630016 14017856 45907888 0 75387604 20165872 21215424 22664168 22795920 21043544 21142096
 868 7 8 23272840 29551496 25588840 44543296 26361504 30477704 50016656 76836496 0 101212376 141531856 26982384 32099352 17761160 17816856
 879 7 9 38895008 31762240 21475096 29865952 42734952 38951792 43047616 23237888 95105932 0 87109704 37315824 44450568 19269968 19229120
 890 8 0 0 87013760 39073792 20387336 24899368 18200832 37683508 51830704 12011240 33345816 29589800 82957056 31956752 27812880 12844632
 901 8 1 85994720 0 69385536 17931328 23387000 13506832 31113408 51736644 16500120 26728336 27550448 42796216 29010512 24270376 14129312
 912 8 2 35975552 68214384 0 50098232 26086056 14497064 8348096 47416496 32241468 17375312 31595616 26649008 25260216 28289960 14610656
 923 8 3 22178152 21120040 53499096 0 95931736 39562824 31459688 51381928 21602960 21147116 67598184 23223688 24754976 26779264 13658240
 934 8 4 21237680 20630632 23214472 90721192 0 78075936 30878224 63529808 15873248 26572076 26048384 29423088 58078280 19377568 13416904
 945 8 5 16302200 12162512 13937304 35642872 83380896 0 64845296 43985712 32010984 30130764 26776424 32346488 102596224 12232912 12324488
 956 8 6 43743200 35604992 15536528 30754048 35207144 67414976 0 76134664 30933016 43652140 46672504 26580400 48598136 13638176 13486144
 967 8 7 58312548 47951596 37014356 44687612 67999988 44739660 74405040 0 33503160 37390340 147568864 22975688 28544824 10540832 10384160
 978 8 8 8674120 16066120 31810944 16998104 9619808 27868416 33437488 33015024 0 54283332 14734608 15465520 17050208 14703328 14641864
 989 8 9 30472256 23891648 17036096 18136336 29670912 27892576 40010704 35757448 55013920 0 41819488 31402784 40302896 14744216 14715744
 1000 9 0 0 70083728 44660072 31100176 20772800 52199752 54630636 33629056 56176592 41206576 25566504 133653480 28026800 23615728 8744096
 1011 9 1 68031080 0 63292672 21136640 27558976 14740480 31791016 19725268 23745032 17729712 25727312 30484760 27224032 22582432 12272160
 1022 9 2 43159792 63584736 0 47774360 17458520 32843488 16368232 46338096 34170548 13434864 27392600 24519704 23225728 26113568 12531056
 1033 9 3 28296136 20673336 46605616 0 63561664 27657448 13255608 35562352 14975136 27674244 25129144 22149552 23414256 25707752 12560080
 1044 9 4 14935276 25620408 13758968 62501904 0 71239104 16811832 26792408 29439536 27772216 23619192 27079328 60260024 17103064 11093216
 1055 9 5 46128916 12148384 29508032 26003944 73158808 0 37682024 15801856 42188424 14247640 72111136 30104520 45546176 10878472 10811928
 1066 9 6 54760900 30866392 17600584 20611512 19119392 43508992 0 97436840 34441512 42916952 55383552 24109976 48398552 10999992 11022816
 1077 9 7 41465988 27056088 46266520 28562280 37754320 26802336 100659104 0 98736448 25045352 81058024 22291136 43912368 9873128 9907688
 1088 9 8 54326504 22932188 32671516 14978548 26230084 35123940 35010192 93067720 0 44149104 43178808 21236016 26769672 11958080 11897144
 1099 9 9 47178332 18733496 13990896 29276744 32534800 17874256 37027664 20683696 42313872 0 12499240 15389712 16256344 12609376 12505632
 1110 10 0 0 60992736 31100672 15040056 18442576 18831736 27015444 30772072 15589672 55089440 19187192 13093344 16365736 14694416 13005136
 1121 10 1 55157816 0 62742496 19457264 21476520 26379576 30317400 29567292 34129808 74097608 24044568 111926136 25445768 20481080 10499880
 1132 10 2 26820552 61517824 0 68421800 28189232 22734264 12984544 21744400 18211364 28242856 28093280 25257128 23699296 26697656 13122176
 1143 10 3 15729760 19798800 69805528 0 37555752 33622480 28146880 14172968 29062296 51101620 25429336 22681560 24354736 26307280 13096568
 1154 10 4 15677328 19676668 25700192 36103312 0 64198096 13122656 28255336 24115784 23582120 25064424 28758128 51149136 18629704 12561336
 1165 10 5 16148208 23980596 21076712 30453736 66199008 0 55398144 20750544 34121296 27525152 24267256 32012408 49079976 13157792 13012968
 1176 10 6 28885352 27725284 13375016 27099712 14390688 57845928 0 49919704 24710096 30689720 33899824 25493392 36289176 12457680 12535328
 1187 10 7 27496008 27831612 27005848 12493800 29825408 21771128 48162960 0 60199816 36524000 42347104 23243008 65755536 10609672 10683520
 1198 10 8 14804664 29363908 18203640 27959704 34443400 38016952 25270920 69677720 0 84746488 75763320 20204240 33014888 10796160 10745832
 1209 10 9 54842060 76563048 29371092 52263260 26356652 32391196 40630112 36145632 76182944 0 123078200 26198984 34973736 9350088 9425208
 1220 11 0 0 76460772 65930204 47864596 32605028 38194764 26181252 35272192 37989240 38074912 56131528 110042952 31024176 26897272 11999704
 1231 11 1 78906336 0 18280528 23845992 28853544 13123504 14462016 14126380 39946864 17080296 32197448 14482424 16028512 15748832 14387296
 1242 11 2 61569784 15503808 0 79640416 31056608 22860416 32536144 37148144 37234804 47514536 27336048 104402568 22434712 25380280 11799584
 1253 11 3 44415648 22909152 79977424 0 71062968 17643080 12248096 19200864 27683720 16735068 27475648 24297040 25992664 27900808 14859248
 1264 11 4 25980312 29119360 28590732 69902088 0 46540296 15316720 34905680 30725864 18878432 26529992 51368520 48385128 19507168 13487864
 1275 11 5 31646744 17264576 16551316 14969912 47895808 0 64940528 25549768 35791184 20203384 24976320 33459232 55464928 14205576 14279728
 1286 11 6 22464200 12560968 27933300 11372304 15180912 67176336 0 55032376 28213040 31223352 28915152 27949896 35544472 14792880 14923656
 1297 11 7 31365040 15242440 37043044 20455352 32639656 27510920 54326048 0 59209088 21138808 38072168 26802048 39586728 14210144 14265648
 1308 11 8 37958272 46706640 36333444 28894512 38079264 41001472 29742080 60296144 0 69524184 40590232 21149576 87156336 12013928 11980912
 1319 11 9 35630416 19046448 43536636 16325536 20258712 22394312 32789064 22251224 71658000 0 30470376 48597192 39710544 14436440 14434120
 1330 12 0 0 113569008 18412648 21718656 34938400 28644280 37903724 35740616 22349768 44361416 40606776 23590504 52866304 26645656 11879336
 1341 12 1 117043180 0 51876548 42322324 30683388 28200436 36564744 38421956 14646352 27759832 38606552 103941032 26742360 20829912 10588960
 1352 12 2 11993216 50272016 0 48579712 25955640 22754248 3598032 31290768 28939892 8824728 16612464 13275584 14203616 15078080 13283528
 1363 12 3 21478824 41842608 42188464 0 77602624 35250824 34559616 37903648 34231744 54343972 22621040 112351016 21226416 23279520 10192416
 1374 12 4 32293960 31508704 25748176 77707940 0 49343856 18380880 37646008 10218656 36352672 23879048 57091632 60184192 16983392 11030912
 1385 12 5 24410728 26772544 26077224 34498612 53856416 0 75878576 38127408 14098928 30587752 22769720 55042000 48044464 11881688 11894808
 1396 12 6 36691360 42859808 16986616 34540604 20367320 78342760 0 73367336 15732032 26696304 27075656 30691104 32971296 13054992 13077616
 1407 12 7 35092056 34214528 21361760 35019524 40865584 38943680 72832296 0 42577496 31120064 37063104 25968896 31364080 13166848 13208568
 1418 12 8 19213264 14456000 30434624 30845516 10486536 14213536 13760552 44907224 0 66265264 26516016 22580384 27584376 13338392 13131368
 1429 12 9 41629368 27553144 10393328 47968796 36245896 29850424 26289640 35071768 66789216 0 23317312 59769792 37731312 12333416 12258824
 1440 13 0 0 61524544 60203856 32898904 19829088 19636336 50208972 19986176 19292464 32400872 26479696 22138528 36317360 25701768 10493552
 1451 13 1 59211992 0 92148944 38433528 18421616 12537800 26009960 18515228 21984472 22033456 23600016 22880160 53227728 20350048 10067592
 1462 13 2 61693588 94724100 0 56408596 45865532 16245948 9244888 32289240 41130596 31393608 22373776 107514216 49110752 21099936 7570480
 1473 13 3 29627560 36325784 63984728 0 63289560 33564088 15732912 19228120 12278248 29509132 12210088 11349896 13025864 12504376 11341528
 1484 13 4 15876400 16406912 39541960 57993416 0 69808320 20368856 32846672 15115928 51294192 22481672 54633488 43042672 16240664 10309864
 1495 13 5 16509000 8920600 10737376 33368728 62439404 0 33133568 26861512 24773080 14365792 20954592 34684360 52501024 10078576 9978544
 1506 13 6 49856248 25431992 8617872 15152936 21280244 36624008 0 69349760 13473872 28757320 24809032 39257032 30765824 10844584 10771960
 1517 13 7 16941296 15997192 30331880 18736176 34198004 29967800 70148232 0 52722216 34875288 33761696 60488048 28245592 9900656 9861680
 1528 13 8 16115464 16735224 36230488 10980888 15624796 27705008 14322968 53908856 0 50125936 24406944 20574456 25651304 11245216 11288040
 1539 13 9 30512648 20037240 27671408 32361008 51278468 17284208 29978016 35643032 51227696 0 22283184 28566696 39079424 11171312 11273424
 1550 14 0 0 58731424 30971192 39945960 30811632 28808336 28635308 30582840 21957960 35944512 41618536 26607288 34003520 29895936 15056592
 1561 14 1 58473696 0 81500976 20475912 39324400 46321440 21264512 34269236 13901384 15743080 34522312 50572976 29390672 24881424 14615488
 1572 14 2 31776376 82335032 0 76624640 57147216 57881488 46678504 41248352 17580516 16781120 99851152 55349424 29896056 25402784 12015848
 1583 14 3 43314348 21193484 76331884 0 17168004 39214276 64627248 17488568 21175344 39656692 37266632 51653136 25011368 27293008 14078584
 1594 14 4 25989968 41775280 52283688 23265696 0 86158684 40728912 26551592 15225248 18989264 15296664 14003488 63930184 13952096 13947912
 1605 14 5 26923040 34418752 53242624 41380200 88777288 0 103502376 49309320 37115984 50642600 21977784 146581920 47105544 10950104 10957256
 1616 14 6 26018376 19191072 37092944 48561960 47932880 103785052 0 54525624 39030824 41017984 27923328 62130000 33822440 14060048 14135808
 1627 14 7 29050104 31957304 38622608 15577824 27498808 43958564 54787176 0 67383176 29440584 39649136 35162560 33151128 14877704 15010096
 1638 14 8 21167440 14766528 18257320 22030472 21977168 34604108 41191184 70782208 0 53865744 28359552 24562336 29687712 15414448 15337000
 1649 14 9 38814528 15701896 16308008 40125320 24017320 45456276 42179904 31596024 53617208 0 26041688 32250296 43934832 14919432 15035840
 1660 15 0 0 92302168 75189384 38548192 63464480 18978640 33691428 28564744 24175776 35207384 35236480 29790648 37305312 32819016 17972200
 1671 15 1 88543408 0 65916016 46966480 45539152 24011480 36222448 35130220 23433400 25414576 31483784 31610200 32968336 28299264 18119528
 1682 15 2 67967248 68893992 0 85346536 55553384 26500736 35353160 31663320 20466324 23696432 34165792 57352400 27808096 30557024 17090064
 1693 15 3 35624904 48537192 83408240 0 73449704 47263656 33365312 55133344 37133792 23948668 99756984 31644424 26525808 28740496 15714688
 1704 15 4 62989900 52542100 55937356 77780980 0 44606900 46136628 50096592 19915240 18790808 25052264 147343544 70464712 18865496 12869016
 1715 15 5 10273128 16571264 16859512 38120936 45822240 0 59368628 26628800 56491512 30239584 15678040 15340712 90578936 15140120 15221328
 1726 15 6 34072424 39652360 33361992 40473392 47720976 56502520 0 56780456 45110288 44028216 28519976 149322240 36298136 14853008 14597408
 1737 15 7 28449832 38336784 31723000 59535976 50185048 34568224 57879316 0 76845192 30482720 40791064 58681288 35131584 17141408 17269984
 1748 15 8 25652544 29299032 22687456 39152184 21561368 50199200 38270964 78975576 0 70994616 32172264 33389760 32300072 17951040 18020056
 1759 15 9 34649824 29362328 24316536 26833376 19280384 25328272 44106420 31640472 69828728 0 29378352 34974624 44707016 18249024 18194320
 1770 16 0 0 79597728 28348160 32500808 33318736 34294632 16329340 22061504 19516488 32568392 31299512 26740168 34022832 31075200 15057352
 1781 16 1 79184880 0 69262888 27970688 35990032 23926072 12176344 25313460 16732936 19880224 28651480 28093936 29887112 25386840 15124920
 1792 16 2 25827328 68177920 0 73736880 30939288 37245064 13901880 15209648 19887668 18433736 30001400 31533992 25746808 28810392 15015000
 1803 16 3 33698568 29880216 67267000 0 72398568 60211312 25856592 26230232 21342808 24809660 27009336 43369192 25557992 27667424 14642248
 1814 16 4 32718656 35049016 30553528 70732624 0 72260264 43990912 27030868 47997400 26012448 26149544 64345192 46258088 19915000 13981912
 1825 16 5 37107420 25760052 36804676 59597276 76564540 0 59520904 22439964 37428800 33509280 20493168 140846992 55666104 9399288 9455040
 1836 16 6 14260024 12540592 13257504 21397016 38544480 64119296 0 58168116 27507368 20150976 15706160 13878360 49768120 13992512 14053736
 1847 16 7 21431568 25668864 15957904 23920984 29106288 21198240 56958936 0 59757312 77314672 36800704 115544920 30950832 12783272 12631848
 1858 16 8 18266344 17170048 22740008 20293176 47422056 34708160 30803256 57982756 0 73409488 25845992 89077824 27068952 13046536 12946320
 1869 16 9 32579376 20426736 19821712 27156304 28653744 34017856 27600240 76817956 73848472 0 26317728 31954608 40807240 15259928 15144736
 1880 17 0 0 74176984 37566696 51373440 26800128 32374856 73563948 25637248 33404856 52077032 28849544 24001720 31202976 57922016 12272848
 1891 17 1 75540664 0 71097504 25768072 32471488 49045136 38782640 17315628 36272304 37756136 26922672 26249632 28525752 24309248 13402192
 1902 17 2 42049528 72830720 0 55430312 21046976 26045328 23450096 29197544 41298172 29897312 28311752 25941560 25058528 27135984 13482472
 1913 17 3 59230136 20702560 53298208 0 70185256 21496968 42863848 9047928 10497472 17149324 24764680 65701640 23560840 25448880 12362552
 1924 17 4 27713256 32496168 16457768 69406040 0 68111208 33980216 27035560 12884380 19419544 25683408 37376688 45698568 19314272 13365288
 1935 17 5 28728952 56983152 13605200 19579968 70359624 0 21342840 16682120 36727236 24129520 22217184 57693024 60457360 11211664 11292072
 1946 17 6 74072852 39744748 24435764 45286900 37240604 26342828 0 60443368 25035836 43787736 24460480 116363672 30074520 10628792 10532224
 1957 17 7 19122968 10441904 28265000 10678640 32177992 18446280 61864856 0 66543740 13351688 16194008 13651992 14675672 13708928 13661384
 1968 17 8 31386608 34143600 37202712 11504768 16238200 41172248 25429280 63268736 0 78422912 24242760 103486232 25370520 11091408 11038392
 1979 17 9 51396712 38354712 28068880 17823264 22264272 24797944 42432024 23756048 78192572 0 22352992 31148856 80354648 11344520 11452488
 1990 18 0 0 62500376 33367480 40165664 24780272 44363256 44836404 32974632 13309448 32458448 26044536 21572472 28999904 55030160 9863904
 2001 18 1 60923392 0 55185864 14779736 31367000 14202520 24014792 31505868 7354408 24143600 24115424 23524136 25570592 29629440 10554288
 2012 18 2 33698048 56926576 0 70963120 39019080 27395416 24071240 54074136 23105452 20993104 25916400 22925144 21558400 24556072 10923600
 2023 18 3 41097376 16955224 71750280 0 40051944 28086560 17094136 23317208 30712792 44796460 23483264 20437728 21856640 23949136 10870952
 2034 18 4 21850256 31136368 36889896 38589216 0 65565488 29613360 15179968 9344520 23147052 23320760 26954480 43704336 16886000 10861800
 2045 18 5 42713328 13014344 24101320 25313072 67074056 0 55482232 25604944 9473752 29018180 20767584 32814200 51743984 9873824 9788296
 2056 18 6 44875616 31219728 24724016 15758760 34544184 59688688 0 60497736 24209024 31881972 21779808 81849024 35393976 7673176 7756448
 2067 18 7 31803684 29670380 60740820 17770548 15706612 28112724 66081000 0 53642896 37419100 31997088 97076960 26321392 7949416 7972672
 2078 18 8 7374608 5823328 22541152 15956960 5987936 8163664 24117784 58037656 0 40551420 12778120 10895912 12007504 11048800 10903136
 2089 18 9 30359304 22765344 19257728 42794448 24449624 31593224 33066648 39709864 43195112 0 20866760 77152384 38612600 9881392 9862432
 2100 19 0 0 105141192 23704576 24910608 39270976 32588328 43506204 48353624 91483424 48637920 30299096 22691776 149204672 31789840 10949912
 2111 19 1 97971768 0 32698936 27756304 28541808 14227984 15373776 24423508 33391568 29452552 35416216 50733368 45272408 44088872 14075224
 2122 19 2 21512896 31467856 0 86309520 57162576 52418248 11406984 23142296 30939516 21337536 29839472 58097408 26194200 28506944 14996128
 2133 19 3 22753824 27350256 84319528 0 92238240 33406048 28305208 25488568 36485456 24813060 28990248 25999600 26856152 29096824 15963768
 2144 19 4 33699012 28979816 59786512 92137856 0 72187800 29901888 67151944 26759936 19812552 85237128 29269760 86418400 18858264 12751504
 2155 19 5 28274316 13118976 35280448 23057120 74899832 0 68747088 75989936 20519352 14231888 50110976 34173952 51224560 15198320 15137760
 2166 19 6 39526404 15257448 12161600 30123928 35583872 71147600 0 81351592 30089080 14966808 31198240 29072824 36578416 16032992 15960440
 2177 19 7 43072132 20574424 19881936 23615320 68280584 64541480 67401112 0 64785984 19779512 40305680 31925136 33769256 15731880 15670352
 2188 19 8 86700608 34698252 29380812 36874444 29466044 21721364 30816376 67038072 0 61267472 27505240 76793392 28541616 14268080 14243488
 2199 19 9 47695996 25781736 20982016 23656920 16485144 17874096 13829864 19211184 57541480 0 17870616 15873872 22418136 15952176 15910552
 2210 20 0 0 78062752 39561920 36818816 26847688 23553704 20760340 21887352 21019584 59466128 25452784 20299064 17959552 19313232 18075080
 2221 20 1 75892376 0 77710352 67989128 54177056 34609472 31682160 43745972 25226992 69169792 27445096 27214848 165042056 24043304 13873176
 2232 20 2 41236168 78886416 0 92775752 58296512 17034152 15625344 18871040 10872796 31193096 31169360 52675456 64992800 29799736 16283240
 2243 20 3 42344712 66713840 81990264 0 84169128 31650784 20782968 23925976 16824632 34361804 29820872 36242368 38613088 30471560 17474896
 2254 20 4 33070736 53867692 53383888 83415264 0 66295592 26643312 28177144 16118672 29160312 30028528 32981520 62265912 22843872 16874848
 2265 20 5 29211456 36593516 16574880 30470368 71938992 0 79789536 28724496 31610552 34121712 42041664 35088816 92895936 15497088 15460608
 2276 20 6 24604616 33546916 15533488 20196656 29802168 81523352 0 87279224 44384136 51811760 76890080 29634120 49241336 16444176 16408424
 2287 20 7 27240040 47397524 20664448 25691008 34733488 31947648 91993464 0 42518688 53863584 41650960 30621560 44244776 18005968 17819056
 2298 20 8 19897528 27715292 10568368 16488520 19970984 31978056 42913080 47020640 0 67444072 31171056 27388128 32488592 18084472 18110568
 2309 20 9 56893876 71507248 32374964 36064644 33950460 37419260 54317544 56587528 68584728 0 25292136 150049112 40134296 13523648 13532400
 2320 21 0 0 67335956 42425172 45987508 31909164 23733900 54377476 31289816 28410216 56178136 27755704 23530960 160181240 26384408 11600448
 2331 21 1 66088768 0 60103024 19141336 28974688 10297696 20068736 14718148 13239376 17278320 17449168 18274600 15876504 17261376 16076472
 2342 21 2 37788840 57559192 0 81345272 33624776 34500752 11404392 20004472 40063468 68799408 28557408 26938912 92565832 28608816 13780400
 2353 21 3 43486272 25470072 81554240 0 74754416 54421632 37105512 50451064 28990496 45568812 25663152 54868184 94694696 26086208 13076336
 2364 21 4 27318064 28634768 28173932 83058320 0 65380728 29656392 29252920 13819792 28317120 28110176 32018200 49245040 21828568 15841240
 2375 21 5 18322272 10284432 27637172 57998176 64733616 0 35528912 22547392 13920424 29745832 25831208 34013112 64397080 14999328 14960376
 2386 21 6 55887712 20259128 11245180 36954808 30827448 39492472 0 71949576 17624776 24085952 36461656 28248568 40005896 15154912 15222440
 2397 21 7 32709528 18532296 19021300 49696032 31613344 25884768 74157624 0 58867088 45726520 38044608 27260168 77367352 14323080 14426928
 2408 21 8 24241992 14776360 37711836 29089936 15438976 17471648 18653976 59721720 0 71167824 29033128 25242432 30339456 15930400 15959184
 2419 21 9 51583544 22915272 62006012 43939304 26240560 29986632 21494568 43885072 69916944 0 26439752 47925808 46989672 15309752 15473872
 2430 22 0 0 93948096 33171368 51838720 25979352 48974832 45438620 23116816 20214656 50640624 26544704 21930680 64785032 51711120 10266912
 2441 22 1 93387148 0 70950756 37418724 38002668 16728444 15189488 32384404 13544344 18820408 23812992 23187000 88467824 20405576 10357568
 2452 22 2 28654376 74962216 0 87111760 18442752 15295416 9572280 40405880 21299284 17486288 15295000 13471456 12621728 15461464 12715768
 2463 22 3 47549392 37641104 79456704 0 36740248 32412888 16276224 25683000 43267032 74708020 21792512 53711352 99273960 22233800 9234800
 2474 22 4 18444408 31928448 14205528 34666964 0 72927480 29144688 30741616 11260408 18381920 24716056 35764760 45927056 18340016 12338248
 2485 22 5 38415032 13197176 13418576 29315612 74654736 0 69938072 13596472 26266992 19501672 22474128 30654200 58521472 11572056 11509408
 2496 22 6 41082568 13669688 11033224 16432788 29117816 72115232 0 41874800 21949432 33515560 26663952 25551576 32688304 12521496 12584288
 2507 22 7 18395944 29250848 45477128 23025148 31271664 14021592 39947216 0 58534776 32064616 36413288 25965960 30931632 12486088 12584000
 2518 22 8 14910440 11771616 27140232 31997212 12134056 27154536 21921624 59532912 0 48530088 25750424 21878568 26844424 12700400 12571912
 2529 22 9 47662120 17198032 19211024 73442092 19366440 20957896 38781368 35478704 49382408 0 22156888 28444360 69584592 10987032 11053536
 2540 23 0 0 84806408 56148464 21764624 20734224 19539992 20201876 20121032 20501872 48290216 28241760 23960424 37852480 31099480 12384144
 2551 23 1 85031952 0 63978896 36502736 45894256 29666880 23079128 39190828 13818456 14622680 23929920 23378888 91251960 20623664 10431352
 2562 23 2 59146268 62927700 0 67845020 35876988 45186436 30688544 38220568 39770220 34123392 23699664 21138640 93801424 66976560 9176744
 2573 23 3 18008664 36103200 75163840 0 53407576 25026360 25703224 12098456 28800016 18982876 13950608 13305680 12890488 14908080 13024328
 2584 23 4 16454280 37706552 28705704 44070064 0 59073744 37081992 24187168 21642008 26345552 23279528 26769888 117582840 16853392 10825888
 2595 23 5 17144672 24874152 42799024 22708072 60740500 0 66577992 17591848 14646224 17684960 22974360 31266328 54149480 12222080 12324104
 2606 23 6 19209456 21858520 28334904 27747568 36439468 69002464 0 46016392 18251592 14801760 27012168 26020200 32921368 12951656 12989336
 2617 23 7 18097960 37429104 31660952 10507752 25423356 21620240 47478872 0 70197184 25404064 36105608 24831200 38601000 12200120 12119232
 2628 23 8 19466968 13257240 35192040 27859960 22432588 16438344 19347912 71544096 0 69338216 26036584 22380648 27393880 12994664 13026552
 2639 23 9 48154616 12635648 30088624 19988944 26278796 18497560 15075168 25914480 68803768 0 23723568 29125800 44324968 12427928 12535384
 2650 24 0 0 80963480 30843424 54827968 26435056 34733776 30428804 38683720 35761552 50362680 32335928 33285072 47408792 32282792 17417832
 2661 24 1 80502448 0 77060280 56307712 25024064 31629904 28451344 29970060 30541536 36336768 36748568 32933496 33175432 28014008 17684984
 2672 24 2 29627208 77548392 0 95459072 38514552 34299992 25059432 30338296 26015148 44259408 43114536 39425112 27693256 40250840 16959816
 2683 24 3 50881156 52940132 83301300 0 100904268 54215188 46430632 52165072 31992800 44673564 32568224 24490208 92086928 37847752 14898840
 2694 24 4 13854336 14245280 23043272 84460592 0 82756332 36331712 35247792 13719088 47477312 26216424 57311680 16789880 16856264 16902424
 2705 24 5 19470528 17511512 19364960 47116240 85278056 0 129182240 63022096 65142992 92272448 31753512 50842536 148164032 14241600 14223328
 2716 24 6 20301816 17616640 15125456 46332856 41920824 106159484 0 128148096 53633208 64823528 34236552 30222448 65499448 16848024 16938000
 2727 24 7 25348280 18857576 19324384 57861888 49027560 70422500 112752912 0 88372264 80384032 117056080 27253432 54891336 14584184 14595552
 2738 24 8 22279280 19216296 15439648 31904568 28637448 69943948 54973416 82040968 0 99666048 41244224 26797120 37623240 17525760 17445672
 2749 24 9 36658816 23743344 28370920 42441664 64096960 84644076 60029184 80871224 108464352 0 38185696 72058640 41664304 16194840 16103896
 2760 25 0 0 85618256 83380520 64171776 59108864 46357032 35919084 28236360 23405000 56556024 34650224 32716528 72212144 43442384 19667528
 2771 25 1 93588304 0 92423656 51370688 68337512 53901840 46424856 22528404 19601552 45486984 33524968 40855904 43920272 36597336 20110248
 2782 25 2 73405680 103437624 0 82853640 53289072 65587616 35868112 27293648 21864780 50695248 35165688 32921200 39185512 45680456 20261120
 2793 25 3 66926352 48001408 80075464 0 108855264 50426672 36187616 31879792 18216600 40719988 43022144 34389432 36101912 38304552 19969624
 2804 25 4 61833060 68150860 50348412 113567580 0 93576068 50664436 42402704 17706080 48561152 29120840 34533584 156414304 23088976 17096032
 2815 25 5 26646856 42274368 45166856 33835048 102281224 0 53356908 36767664 24682368 33570696 18935648 87293168 18475440 18529000 18550456
 2826 25 6 42496472 59542496 43988040 41404440 62071080 61877104 0 100403576 78407848 76775936 30819168 38538864 150012200 16835336 16822608
 2837 25 7 42192048 32192896 43340600 44549720 61802552 55310448 102877316 0 92064224 37656992 44442304 41901552 78153256 19279880 19281656
 2848 25 8 32797824 28343408 36997176 27540784 28724752 44107976 79754628 104392624 0 83301320 92940864 33232080 46594432 18621512 18562288
 2859 25 9 63618528 53728496 63992000 53041000 58456704 58075968 75181956 34580088 78932264 0 29466672 36852032 123023408 18450008 18403968
 2870 26 0 0 80053664 42658344 47494248 35238848 73317224 46052532 22623208 47786432 62190488 32279840 32428592 46698424 66516944 15345912
 2881 26 1 90302352 0 59110952 26489200 16705896 25613456 40802776 33919772 48529272 37621448 29027912 29549504 35627416 68310232 15533856
 2892 26 2 46640352 58086960 0 80248208 38929936 49813752 39077296 33928040 26192228 35721768 32078840 29229576 27597504 30762944 17133296
 2903 26 3 44381456 25382024 79425728 0 47537920 56351016 58683840 19297520 32269176 36800860 29124240 26257024 27717624 39779456 16782648
 2914 26 4 32082560 16025600 53590112 45723408 0 76819368 31659264 29514972 20403072 46046280 27872496 31575088 85036096 22129464 15612240
 2925 26 5 74312916 27858964 58573708 53358636 82588836 0 71552504 31318044 42967616 32901688 24119968 33881392 167558656 12444296 12520992
 2936 26 6 35515648 30861400 29217640 44731552 27193984 71122760 0 54086732 46267416 23813712 26968720 55069856 15567424 15537624 15536952
 2947 26 7 21684152 33281240 34565488 22882992 32277680 42583200 53070496 0 75902112 77492280 40053760 28040608 78478496 15497168 15554144
 2958 26 8 46352192 46907808 25526640 30709520 20864856 51606048 51221064 75730580 0 67875824 42786280 33609040 85802856 14229384 14275384
 2969 26 9 55837552 31397264 30813280 33074024 44108544 28800496 43137712 65025820 65804856 0 44996904 33957616 56793816 16456416 16457344
 2980 27 0 0 97335768 59254832 47061184 44138936 45215504 52705716 31035600 28215600 45146296 32286664 65857696 42523200 29999496 15426176
 2991 27 1 100322672 0 34434400 34599960 58690544 38792416 48591216 52521644 44539672 30011952 28279592 37510928 84358848 24899712 14784640
 3002 27 2 55894888 34049016 0 77186776 29993536 21462904 55700184 38427216 30385868 34200200 29518856 26666544 25174344 93026840 14917264
 3013 27 3 44917088 41268128 77046984 0 68830224 20828296 31448040 27376528 33958560 22820876 28626536 25619312 37804264 40505872 16138176
 3024 27 4 39763032 66779288 26333848 67144776 0 49874176 25167984 23642664 26174204 16105968 27518160 31195144 75876896 22149432 15312920
 3035 27 5 45518856 39338560 17999928 18536696 51367360 0 99811960 47989808 48238524 35177512 25881840 33885392 94027360 15070120 15023048
 3046 27 6 51844828 42905148 50122100 27441916 22074212 99053692 0 62877928 37956236 38576440 29531040 27585096 81249264 14776712 14882136
 3057 27 7 19999768 41229920 27178600 21622216 22060656 40785344 55572328 0 72864220 27819336 19569280 17953736 16463128 16564760 16463576
 3068 27 8 31720968 45352072 32228032 38033192 31530968 60573168 47279480 76545088 0 72281480 26984864 22996736 132160984 13667776 13734560
 3079 27 9 45762656 27598696 29356104 20856840 16861608 46166368 42019376 31025280 68355772 0 43714792 32707480 53283704 15878960 15813456
 3090 28 0 0 87490168 26636328 18126560 20154208 21343520 21398644 53927960 24765840 41647232 32313040 35811536 34535240 30313288 15547928
 3101 28 1 85775808 0 77039360 45230344 27308632 35831168 32541768 33371812 25476144 32791336 27223592 90830960 28519032 24713736 13753544
 3112 28 2 29017256 84016168 0 61790560 41911112 35675640 28051728 45360632 47724916 24825536 30250168 27196736 25962408 44557392 15258928
 3123 28 3 17737856 44950192 60629968 0 65089960 27117200 36484552 16456632 37393944 31498052 27390744 24366552 25968672 56450992 14882568
 3134 28 4 17586344 26585192 37967480 64119864 0 47921376 25128704 35332064 21525976 44898940 27454176 31023904 56828624 21971792 15095800
 3145 28 5 19096088 35125216 31918856 24988528 49536776 0 72339544 31669992 24951336 30262460 25825992 33832136 66051296 14823616 14768768
 3156 28 6 18877840 30383560 32073040 37305640 27568088 73467976 0 72095032 29519280 36375180 27534384 26599736 90232144 13433096 13440856
 3167 28 7 56695060 35013324 47296540 13063356 36008788 35468116 73694312 0 28980640 34348964 35171680 24096504 131553120 11510272 11486768
 3178 28 8 18941920 16364136 39147912 32547256 16098504 22062112 26947000 31253272 0 85758412 18868952 16405744 15636424 15608768 15723616
 3189 28 9 42294072 35958352 22877128 35087112 48562368 33046336 38866760 39253304 93553856 0 24947904 30101096 135936496 13336624 13341320
 3200 29 0 0 60570352 34150960 46794144 33688800 47138136 62262412 60915664 71837224 61746112 35133368 29401144 38036904 159457832 17813736
 3211 29 1 59651968 0 68764096 38113304 35818624 20462096 40297216 30656852 51095200 45797480 34625704 34156600 43572848 57643096 21032584
 3222 29 2 33148360 68618536 0 74349648 49996920 28676432 28762024 36238472 69228084 47925696 34681880 31652976 71495080 73161816 19570080
 3233 29 3 46077096 38874128 76078608 0 75387704 21347280 27141352 25849648 40928616 31034508 32769224 34256920 45949808 80897008 20366432
 3244 29 4 24025900 27734480 38547320 67520072 0 88610600 42836168 50152192 28201080 38203792 33976896 44102744 54288912 31754896 21651904
 3255 29 5 46774780 20462112 31274256 21204048 100695176 0 80348736 69802904 56939480 54761288 29392672 38539616 143245864 18398992 18462728
 3266 29 6 55546156 30265848 20528304 19485736 42307368 72449832 0 98772192 38061664 55905096 35171256 34254288 54389056 21081752 21125704
 3277 29 7 57901924 33414352 36044160 23394864 59526264 65548672 102397904 0 74745992 48804032 42880608 83336192 47337104 19596688 19569032
 3288 29 8 72960976 52678316 66405460 50544196 38670188 55985484 44116448 73817792 0 70466240 31042144 34345672 130410824 18024528 18008360
 3299 29 9 54129140 31907008 37760528 20441872 31219272 38727632 43388528 34424736 55356872 0 23578472 28998424 21727560 21611240 21661280
 3310 30 0 0 62642312 35223472 20636776 24731856 39044240 42700164 29026808 19741088 55614160 23067896 19614464 20254216 17421112 17290328
 3321 30 1 51324480 0 83270376 37560304 35441768 19076784 22566560 52962668 44062928 58950168 26958704 26288768 28125424 139982104 13503528
 3332 30 2 30390800 83672624 0 77902896 50419488 38106520 23822152 36155632 16713004 34047976 30165640 27316480 51818176 71275936 15212872
 3343 30 3 17515368 36659888 78203424 0 23931256 28910768 28367856 31251264 18156136 24120524 29547032 26937120 32377624 31104896 17274088
 3354 30 4 19578440 34630340 45885928 24026880 0 73914472 24762112 28418032 17252040 37223736 29702688 33570472 49680232 28033224 17134320
 3365 30 5 35304176 17122956 35012544 26434608 75327688 0 69857888 27052856 18579384 24110680 27068152 35298408 63660208 16225440 16191600
 3376 30 6 33690912 20997004 22662072 28586384 25404992 73161512 0 69724672 24395640 36478656 29724632 30112576 71511328 15740920 15724760
 3387 30 7 27836544 51516636 32859320 28463232 26930888 26858928 63106584 0 82705312 50930352 39670952 59568568 34290936 16059984 16068200
 3398 30 8 22664504 46500212 18832576 19942288 20590216 22377656 27454536 89170016 0 79089608 29822056 55763168 31024296 16652192 16773168
 3409 30 9 52920612 61275328 36682348 30343868 42136508 29367812 35319616 53233360 74060744 0 22286432 41052136 150868256 11223440 11239912
 3420 31 0 0 74655052 50217164 43315452 46928268 52636772 46671516 30513968 33018176 52727208 24135040 19958184 27301600 121826488 8416328
 3431 31 1 80963496 0 38728064 32302192 20631056 13802984 24874240 40171788 14516160 23713400 13203912 14151568 13381600 11958800 11927568
 3442 31 2 50209656 32488232 0 76904056 21257048 15337648 27465864 16179672 19980100 14969296 26677088 23787368 22326560 26589128 11844728
 3453 31 3 42428216 33186648 78466720 0 56369176 25729872 13865056 22480552 37618784 23842708 23400240 20136168 21787896 61834592 10745160
 3464 31 4 40941512 14024672 18855484 55057712 0 54986320 30907048 34463056 21456744 32340832 22828568 26530512 43092712 52491840 10590600
 3475 31 5 47517512 13209824 13072612 23402344 56716040 0 63287560 21591160 27985232 21648888 21695768 30150896 54602712 11080000 10952304
 3486 31 6 39943536 22659240 30496692 14566704 31101472 65382312 0 42030104 15547104 32365936 23888112 23150752 70398744 9838944 9864344
 3497 31 7 27905232 37123024 15164836 20244312 36468968 23360952 41921152 0 68294872 23842888 35497704 24968952 29972720 11721440 11762344
 3508 31 8 37877856 11167600 18890780 37031672 21158576 29167864 16061424 68200584 0 62749032 24559864 29253696 26473008 11404000 11491960
 3519 31 9 57954176 8997704 12049180 20777616 36643560 22817608 32281704 24530360 63106376 0 20427928 48067456 58587968 9389632 9338408
 3530 32 0 0 92987304 35280864 55604672 36319024 27260296 39602468 44834520 34893576 54341720 30058936 25952384 33058912 66877544 14095776
 3541 32 1 91848268 0 64572572 38804148 40778612 23541964 36550768 34514692 20313424 33192672 28554088 27799584 30906760 26398064 14942696
 3552 32 2 36283592 74580736 0 58149272 32323960 32340368 11756576 18887296 36939052 16082208 18261440 16396728 17409416 15575376 15494840
 3563 32 3 53856128 38390320 45205720 0 79642760 54730440 32656160 45260936 37804264 40769268 22623224 19664920 66487968 146233936 10144224
 3574 32 4 28686368 42261104 19985000 76617620 0 56305088 24128032 20258808 14937760 45369104 26312496 29857712 64923416 42781528 13972440
 3585 32 5 26041160 23574304 32301152 49158420 58004728 0 57130448 18914728 26187144 21985928 24906728 32942152 66906376 13931936 14017408
 3596 32 6 39165672 38517416 12196472 29915532 24923056 59530928 0 64456112 26226320 27224744 29560952 28456256 35335104 15419024 15486288
 3607 32 7 44531328 36675624 19322904 46377268 23870224 23069032 65279632 0 39130808 39336296 35993496 24984096 90134056 12413576 12473392
 3618 32 8 33103944 23283616 38322568 35673428 17314256 29260384 27339696 40999936 0 65521696 28079472 24245688 45247432 14941504 14979768
 3629 32 9 57264248 35660296 13746672 37462244 44493280 21865184 26464144 44695144 65144968 0 24606760 30169648 74249760 13553792 13376128
 3640 33 0 0 66191312 62020872 15516752 27224576 19268720 20188876 19285504 19056224 33489520 30718008 26303120 33603960 30212064 14763984
 3651 33 1 65966968 0 99608240 25863328 30354496 23129120 17852208 17678652 15543656 29922320 26898848 26520744 28405008 62545608 13555856
 3662 33 2 69147572 104200980 0 45545764 38198236 18361628 25110304 21390720 16562300 29875648 25662936 22928720 21491392 129103128 11076808
 3673 33 3 15322000 25176480 54540360 0 75550104 28434440 28187000 16835224 21529184 31421260 15945128 15191456 17261520 14918360 15067552
 3684 33 4 26948544 29690144 38266800 62211776 0 89324344 31609464 43245776 24856808 77545648 23424616 26786024 54037416 121511832 11169632
 3695 33 5 17511728 21354704 18365272 25002336 88233876 0 26903584 25349200 30968104 25927144 25060200 33226536 57121176 14150856 14083400
 3706 33 6 20052472 17458112 27012432 30267744 32401388 31816752 0 75292296 28158080 31020136 28112216 27305088 43101584 14234680 14197840
 3717 33 7 18788136 16970704 22674264 13762392 44052396 26747448 76004328 0 72996928 28350008 38331488 27043736 38809840 14450368 14433040
 3728 33 8 17493944 15379120 19504744 22179552 24631980 32922232 29088408 73958896 0 52496304 27303392 23345400 48737848 14087784 14110800
 3739 33 9 32780768 28205208 30762440 34794856 76050556 27534120 33702264 29139712 52247368 0 24535856 29896472 85807624 13281824 13352600
 3750 34 0 0 76378464 38662672 51821176 15529216 17051064 13730584 13522928 13035072 26170848 21248496 18118800 25165464 21571016 6424200
 3761 34 1 77282096 0 60794696 28571552 27918176 11853520 10178128 10773320 9743640 11552520 19236672 18707264 20548344 40809128 5796496
 3772 34 2 39264328 57908600 0 101137208 30266264 20685920 6744896 11284968 7105336 11850576 20636512 17701040 16411872 32585984 5824712
 3783 34 3 52264452 30264156 97647924 0 48783348 29190708 5429616 8469976 7153008 7338192 15686408 12607648 14240448 106322720 3239520
 3794 34 4 9602376 25205696 29590952 44602608 0 59394368 7959200 10323680 5434688 9691192 8065384 8468744 10463872 6497952 6537288
 3805 34 5 12335160 8953936 16818728 18958880 48635384 0 12783832 5056552 4330848 7017584 17356048 25422232 41236592 6417344 6389704
 3816 34 6 12524624 9085752 5887512 5030864 4631824 15957824 0 10143912 5545224 2172576 20535232 19585088 26394816 6420456 6406040
 3827 34 7 11912128 8805736 9762832 7402696 5317184 7263536 9269888 0 10438424 5237208 29994616 19019776 24842840 6461448 6362440
 3838 34 8 11914872 8884920 6248800 6464088 5412464 6780736 6701168 11504328 0 6298544 19468560 15836400 20990264 6457288 6433624
 3849 34 9 25161608 9702976 9595304 6665032 5598056 8364296 2640408 5554144 6323696 0 17105400 22727672 35620896 6072856 6106944
 3860 35 0 0 17514152 6866832 2532784 4403840 373064 4881424 4927424 4291240 15268824 12760000 11800688 18913632 14994104 0
 3871 35 1 17976528 0 11126472 4950408 4563312 0 3534904 4289608 3203776 4972016 13518904 12918448 14982584 10200808 0
 3882 35 2 6763232 10991752 0 16796416 8382816 23368 189056 4608640 553480 5032800 15038448 11923664 10532352 13456592 0
 3893 35 3 2510960 5533312 17151272 0 10784368 243976 1257016 4151168 2865128 3147848 12458896 9459736 11075136 13181984 0
 3904 35 4 2153704 3670744 6180360 9988656 0 1414088 3153256 5701568 530000 5100816 12362352 15937768 32226232 6063152 0
 3915 35 5 2377816 750032 1641112 3433144 14164368 0 11465568 3658112 2906328 5770072 422976 1406344 3055328 0 0
 3926 35 6 4426416 2702128 176976 930040 3924768 774144 0 10126480 5498440 2125632 14039384 12851936 19826176 0 0
 3937 35 7 3877392 2940464 3536616 2980408 7574224 650960 9137240 0 10542088 5292344 23791480 12484144 18334712 0 0
 3948 35 8 3657032 2975112 565016 2314504 2116632 743632 6581352 11525200 0 6384088 13172984 9220704 14300168 0 0
 3959 35 9 13631864 3498928 3607464 2210504 6130928 659096 2658320 5576872 6230336 0 11141304 16871496 25388512 0 0
 3970 36 0 0 17458856 6959184 2532112 4375080 4253368 812616 4866280 4199416 15205720 12787760 11585816 18941768 14756656 0
 3981 36 1 17750416 0 11082968 4826608 4632008 2390344 261888 4335424 3221992 4978344 13471480 12832872 14786392 10259288 0
 3992 36 2 6747936 10943512 0 16889040 8380024 3874112 0 4557520 518832 5134968 14995456 11963248 10577296 13712968 0
 4003 36 3 2512904 5498112 17231240 0 10752856 6028264 27136 4273728 2818312 3272120 12558304 9486656 11059576 13101672 0
 4014 36 4 2160688 3637776 6215032 9862208 0 12421608 259712 5668008 550184 5179976 12342248 16091608 32224312 6009336 0
 4025 36 5 2359648 717448 1648400 3483240 14207688 0 885360 3590624 3026728 5737176 10926824 19109968 35203368 0 0
 4036 36 6 4429752 2853704 195080 969968 3972192 13987480 0 10254888 5552080 2190904 1672336 669984 1048112 0 0
 4047 36 7 3892032 2784376 3658592 3044040 7368408 5337160 339776 0 10422200 5249168 24047464 12607624 18194296 0 0
 4058 36 8 3604744 2938808 592144 2348432 2171320 5040776 44552 11666088 0 6264808 13031232 9207432 14351984 0 0
 4069 36 9 13464304 3509992 3570992 2220168 6199568 6743496 323456 5597248 6201216 0 11138712 16625552 25767864 0 0
 4080 37 0 0 17558032 7003672 2512104 4372912 4299696 4940832 165672 4212872 15101384 12889416 11673680 18946048 14787888 0
 4091 37 1 17893992 0 10958280 4890288 4641776 2410368 3502016 985608 3178584 5048096 13386968 12788832 14932392 10221368 0
 4102 37 2 6804624 10807312 0 16860400 8290848 3817280 188968 12032 515216 5073096 14980464 11880168 10523320 13692600 0
 4113 37 3 2542712 5516400 17111624 0 10703240 5957320 1227896 834304 2866336 3146552 12643304 9527568 11053600 13061944 0
 4124 37 4 2185672 3671096 6236448 9941784 0 12477536 3193224 640040 543800 5286224 12218568 15884376 32204184 5999320 0
 4135 37 5 2385224 762328 1668456 3495776 14056584 0 11473888 2560 2970920 5672328 10902712 19101256 35086328 0 0
 4146 37 6 4472608 2686152 189208 947888 4002768 14058272 0 1560320 5445032 2077392 13951672 13043144 19632896 0 0
 4157 37 7 3830400 2896120 3684072 3079048 7555496 5343368 8995664 0 10658216 5303208 2539128 1637728 1090336 0 0
 4168 37 8 3670304 2924000 594360 2300280 2109064 5033920 6539920 387792 0 6371256 13165832 9207592 14360352 0 0
 4179 37 9 13393736 3479976 3541456 2228392 6087640 6633376 2639776 677808 6266136 0 11060176 16853808 25445896 0 0
 4190 38 0 0 17457776 6966832 2508616 4385912 4436784 4955088 4788848 582648 15372208 12852032 11626264 19147000 14892208 0
 4201 38 1 17824104 0 11195512 4844488 4641696 2418920 3570704 4317488 0 4975368 13505256 12915960 14966944 10141072 0
 4212 38 2 6889200 10964768 0 17004112 8422784 3843344 195344 4647312 3584 5183432 15020952 12016176 10778008 13542856 0
 4223 38 3 2538448 5560928 17189368 0 10693896 6039104 1240400 4170248 702480 3120496 12552728 9611328 11130568 13117912 0
 4234 38 4 2232200 3654952 6221560 10003152 0 12400472 3187664 5756416 194296 5317536 12382576 16048744 32713768 6017192 0
 4245 38 5 2434296 751000 1623936 3423512 14336176 0 11510328 3631328 282584 5659624 10927928 19075136 35352120 0 0
 4256 38 6 4451872 2799920 199432 912952 3997656 14093576 0 10004032 83712 2201616 14045280 13018784 19891640 0 0
 4267 38 7 3854608 2926464 3582296 3068424 7646728 5336696 9108168 0 1736656 5252864 23868984 12477976 18178152 0 0
 4278 38 8 3583464 2934904 590368 2354768 2100480 5046144 6650640 11676192 0 6439200 1878232 720872 1011360 0 0
 4289 38 9 13579840 3391704 3705728 2265984 6267656 6633944 2614664 5484640 24576 0 11192912 16891488 25741496 0 0
 4300 39 0 0 17593744 6953448 2529168 4466304 4279536 4942584 4780104 4243760 467472 12753904 11827368 18875632 14826304 0
 4311 39 1 17774840 0 11232872 4856752 4602464 2411024 3497784 4261680 3193544 1100952 13325200 12894312 14856696 10226096 0
 4322 39 2 6768984 10832552 0 17040800 8408680 3774128 203032 4656672 543048 762176 14998512 12021120 10557440 13619408 0
 4333 39 3 2491320 5453872 17080408 0 10931104 5951176 1219504 4164144 2855208 1155264 12675400 9588040 10892608 13183184 0
 4344 39 4 2178720 3563152 6133704 9876184 0 12628096 3295024 5620936 543168 687440 12264288 15907688 32727568 6119840 0
 4355 39 5 2363008 760752 1606800 3457768 14126232 0 11664120 3679640 3070992 369480 10822792 19125176 34853776 0 0
 4366 39 6 4383360 2755024 203784 952400 3947960 13811096 0 10375128 5563248 798904 14077736 13194584 20056416 0 0
 4377 39 7 3837856 2829704 3648464 3006192 7657016 5353264 9201472 0 10767272 182528 23765080 12618928 18342424 0 0
 4388 39 8 3601352 2997232 577440 2355336 2134920 5035768 6702664 11601976 0 2896840 13316504 9428032 14339568 0 0
 4399 39 9 13748856 3507824 3664976 2235016 6107544 6463608 2708592 5545216 6226760 0 1923352 2775272 3722968 0 0
 4410 40 0 0 17551464 7062344 2570856 4495720 4468384 5044736 4979936 4302088 15550568 2894648 2230248 2952728 1479368 0
 4421 40 1 4377216 0 10916088 4874704 4580152 2474376 3532768 4324672 3229792 4936904 13461032 12911680 14904064 10169304 0
 4432 40 2 1026096 11053936 0 16846224 8469952 3751128 175976 4598744 535384 5108424 14967448 12145200 10618032 13689752 0
 4443 40 3 439936 5504856 17398336 0 10599128 6039976 1268576 4235064 2860616 3166136 12522368 9566216 11121120 13089512 0
 4454 40 4 463184 3699816 6294816 9975480 0 12500576 3164120 5708240 584592 5305560 12494616 15948104 32727328 5971768 0
 4465 40 5 630528 721528 1687064 3431704 14273352 0 11305728 3612272 2934224 5607504 11137224 19093464 35540992 0 0
 4476 40 6 698256 2706800 186640 945496 4157784 14402704 0 9997856 5500648 2146112 14093656 13111008 19872560 0 0
 4487 40 7 720304 2829128 3615336 3030680 7623344 5254440 9328032 0 10521656 5197448 23797104 12744784 18407328 0 0
 4498 40 8 295080 2968728 585640 2288096 2161248 4968136 6682200 11875952 0 6365344 13199384 9326944 14481368 0 0
 4509 40 9 308760 3356080 3569640 2294408 6095168 6831480 2736616 5576920 6467776 0 11228888 17055592 25398976 0 0
 4520 41 0 0 1840608 6923496 2570776 4407088 4331648 4904688 4919808 4214872 15363936 12722864 11682048 19049664 14768064 0
 4531 41 1 17909728 0 11160816 4967448 4661336 2413832 3566336 4346504 3266216 5039680 1307880 2246328 1616104 1284008 0
 4542 41 2 6657280 1873072 0 16756408 8404576 3771808 202520 4497200 536216 4977280 14976368 12154928 10551352 13522944 0
 4553 41 3 2537376 408960 17178264 0 10817384 6018792 1253760 4231736 2854024 3083104 12572312 9418464 11209320 13036720 0
 4564 41 4 2175080 1097512 6222152 9949440 0 12534872 3174424 5665000 572912 5281528 12253176 15923792 32458464 6051192 0
 4575 41 5 2369544 6272 1625896 3462640 14033336 0 11542520 3682592 2961304 5718176 10821096 19120792 35341192 0 0
 4586 41 6 4455400 19720 200968 948504 3944032 13989032 0 10187440 5501600 2114056 13951680 13067584 19827552 0 0
 4597 41 7 3836840 380048 3573256 2986448 7504432 5276144 9178040 0 10627560 5199784 23818808 12556088 18197224 0 0
 4608 41 8 3612336 331896 605400 2351352 2145536 5041744 6429856 11482792 0 6364808 13188400 9249672 14465744 0 0
 4619 41 9 13509968 372016 3624360 2209184 6116520 6795528 2654616 5525472 6291248 0 11160040 16892040 25406136 0 0
 4630 42 0 0 17574224 938008 2550512 4350800 4340064 4933728 4875216 4284072 15228800 12849728 11724776 19153504 14925600 0
 4641 42 1 18038512 0 862800 4919488 4640192 2440904 3630272 4373144 3201384 5005672 13542544 12906336 14981192 10242240 0
 4652 42 2 6865248 11030688 0 16996784 8452440 3900856 198408 4626944 545560 5107016 2762952 957728 983280 1836064 0
 4663 42 3 2525496 5569984 2905896 0 10891744 6075872 1132664 4103840 2830640 3078672 12532216 9459640 11280072 13207264 0
 4674 42 4 2187736 3657936 1217944 10022336 0 12631136 3208824 5651016 541888 5257272 12284304 15966040 32788008 6080368 0
 4685 42 5 2438728 724208 6032 3432592 14107832 0 11444280 3690072 2969552 5689280 10991040 19133800 35719256 0 0
 4696 42 6 4399672 2706440 0 930240 4044384 14096272 0 10122328 5551568 2179520 13899000 13035824 20155504 0 0
 4707 42 7 3902016 2933408 564496 3007016 7644808 5443128 9158072 0 10555992 5232880 23781704 12511632 18335832 0 0
 4718 42 8 3639736 2979640 0 2337168 2187200 5005024 6736400 11549120 0 6300272 13157296 9222480 14346704 0 0
 4729 42 9 13513768 3486224 45328 2246344 6204400 6839272 2715168 5600144 6174008 0 11079872 16792056 25512704 0 0
 4740 43 0 0 17625816 6941544 275232 4411336 4452312 4952800 4809040 4280920 15361528 12716856 11550144 19029688 14892840 0
 4751 43 1 17776016 0 11090464 860312 4590968 2436952 3539472 4320168 3207072 5004032 13524272 12940088 14942184 10344400 0
 4762 43 2 6688000 10924544 0 1228736 8419760 3802520 185600 4683264 523040 5057624 14941176 11974648 10609960 13696608 0
 4773 43 3 2532712 5615736 17175544 0 10916488 6155944 1249928 4207840 2957192 3158344 982424 279632 1689080 1238344 0
 4784 43 4 2145480 3641720 6226528 560848 0 12561320 3244536 5831240 538536 5233600 12423792 15818440 32570336 6056600 0
 4795 43 5 2365752 734880 1653464 274784 14108536 0 11508832 3685992 2989848 5610280 10948024 19316208 35484872 0 0
 4806 43 6 4574736 2812144 189456 0 3980632 14033320 0 10050544 5461368 2169408 14052416 13127552 19991616 0 0
 4817 43 7 3804240 2904224 3644800 323416 7469736 5348968 9131464 0 10435440 5257712 24129936 12512784 18193600 0 0
 4828 43 8 3557864 3026248 578992 393728 2185448 4988448 6724232 11592400 0 6299440 13077816 9321784 14379736 0 0
 4839 43 9 13640200 3428768 3632200 273680 6109240 6912112 2675128 5621296 6311264 0 11180224 16771912 25519624 0 0
 4850 44 0 0 17425808 7001704 2507600 397568 4252864 4917968 4820520 4253680 15133640 12707824 11630240 18866080 14776344 0
 4861 44 1 17904672 0 11123384 4815648 9088 2348360 3576008 4261536 3215640 5013400 13461280 12857440 14878048 10186792 0
 4872 44 2 6744768 10950496 0 16707312 895400 3816288 207880 4576816 541784 5045168 14978264 12017744 10725488 13647136 0
 4883 44 3 2499440 5476256 17162696 0 442160 6066160 1224776 4158760 2888584 3219928 12503408 9453640 11074752 13037496 0
 4894 44 4 2201672 3699560 6365264 9969592 0 12547712 3191624 5735088 536592 5311312 1603920 1990384 3962168 42056 0
 4905 44 5 2327640 751232 1601088 3477224 1318928 0 11529712 3630720 2885840 5666952 11049936 19102992 35034304 0 0
 4916 44 6 4409520 2771600 177176 926024 398472 14068792 0 10234360 5573304 2180848 14056280 13122080 19885392 0 0
 4927 44 7 3836080 2815200 3594888 3016064 1132064 5427064 9239848 0 10364240 5232952 23671384 12561432 18179664 0 0
 4938 44 8 3579384 2934640 610928 2363712 392392 4969992 6610560 11463608 0 6380280 12964912 9245808 14385936 0 0
 4949 44 9 13369760 3520048 3632456 2255992 1380448 6638688 2677736 5493352 6260056 0 11066568 16709296 25708752 0 0
 4960 45 0 0 17439896 6906744 2528752 4369392 383504 4902048 4920920 4250600 15170664 12836160 11728720 19029800 14847496 0
 4971 45 1 18006576 0 11189152 4913656 4557888 0 3483616 4310528 3251936 4969328 13615904 12915584 14847416 10183664 0
 4982 45 2 6799336 11001096 0 16835264 8278424 27720 187184 4567368 572288 5099352 15060008 11961808 10595480 13508672 0
 4993 45 3 2467520 5514256 17165400 0 10713512 245512 1257880 4202328 2832568 3144928 12572256 9437064 11012408 13129600 0
 5004 45 4 2130528 3687872 6152912 9930968 0 1439056 3085704 5597264 548904 5134296 12255064 15865536 32231216 6038064 0
 5015 45 5 2364040 760024 1612336 3424792 14138128 0 11562800 3655664 2943728 5715304 433008 1447008 3045896 0 0
 5026 45 6 4462040 2784856 179480 922376 3931224 776160 0 10183920 5454840 2152448 13889152 12956696 19854256 0 0
 5037 45 7 3867112 2900120 3584272 3001776 7530384 631976 9150736 0 10550648 5261504 23766112 12482720 18279184 0 0
 5048 45 8 3568096 2964424 587680 2331080 2151664 749200 6535408 11560680 0 6374016 13036064 9313432 14341584 0 0
 5059 45 9 13635360 3481408 3661888 2225360 6111576 667736 2656904 5495064 6212624 0 11135680 16821224 25364048 0 0
 5070 46 0 0 17478632 6962480 2507704 4416296 4256528 821112 4856576 4185144 15205512 12795976 11689176 18947352 14774632 0
 5081 46 1 17908680 0 11076264 4840904 4632064 2464136 263264 4350656 3241392 4974664 13434064 12908640 14843384 10301576 0
 5092 46 2 6754336 10951480 0 16868104 8447480 3853480 0 4660664 534864 5161264 14947200 11993536 10483048 13775632 0
 5103 46 3 2546152 5516440 17193400 0 10706600 6038752 23040 4245240 2801584 3171728 12525104 9510144 11092968 13094320 0
 5114 46 4 2205360 3620376 6233352 9953592 0 12399200 269800 5732936 542960 5211160 12232416 16009520 32358432 5956000 0
 5125 46 5 2321112 715760 1611424 3446688 14098864 0 886192 3602304 2999976 5670016 10953384 19052896 35278152 0 0
 5136 46 6 4448960 2804256 202768 967736 4042872 14067496 0 10207992 5496888 2137992 1682768 649064 1077840 0 0
 5147 46 7 3884832 2847872 3629928 3049088 7426728 5363696 344016 0 10406096 5227320 23999304 12721552 18245048 0 0
 5158 46 8 3562784 2986112 585928 2298536 2156328 5022984 45392 11645816 0 6319680 12971112 9211312 14331896 0 0
 5169 46 9 13462136 3547200 3606448 2258376 6103976 6684768 313512 5624656 6227080 0 11140336 16662512 25594592 0 0
 5180 47 0 0 17591512 7006448 2525672 4398280 4246496 4965912 171840 4287912 14889264 12885128 11755656 18962584 14794576 0
 5191 47 1 17878112 0 11005456 4920168 4665944 2418544 3606320 1057240 3200312 5006800 13413824 12809664 14930072 10255136 0
 5202 47 2 6823856 10891144 0 16782352 8411336 3828424 189456 11272 521272 5107040 14882664 12050720 10529064 13537784 0
 5213 47 3 2492056 5522248 17005912 0 10815392 6013320 1208936 836480 2867392 3149760 12654184 9456336 11062288 13025536 0
 5224 47 4 2231896 3658928 6247568 9881144 0 12516432 3245376 647112 514288 5217472 12284584 16012184 32435112 6023616 0
 5235 47 5 2380296 743392 1661656 3551896 14200392 0 11462744 2304 3003664 5683240 10869384 19157072 34839160 0 0
 5246 47 6 4420744 2734552 197792 935936 3976704 13964752 0 1589352 5500056 2124392 14066744 13003784 19774920 0 0
 5257 47 7 3919928 2860000 3633600 3037800 7608776 5263880 9059872 0 10676232 5250256 2523376 1662888 1150168 0 0
 5268 47 8 3641800 2930288 572408 2291824 2097688 4928616 6544736 388712 0 6382392 13275808 9270256 14306544 0 0
 5279 47 9 13469680 3437200 3579528 2231112 6059144 6575912 2699528 633984 6203832 0 11081464 16662048 25357760 0 0
 5290 48 0 0 17475640 6957088 2504896 4410944 4374992 4979360 4820280 590056 15353984 12751376 11686952 19043224 14820704 0
 5301 48 1 17763680 0 11169152 4812608 4680232 2419976 3615032 4329472 0 5054968 13557808 12886848 14875128 10219952 0
 5312 48 2 6789496 11008056 0 16807496 8373864 3864288 189464 4631688 2560 5153160 14932616 12044672 10697968 13705720 0
 5323 48 3 2544680 5525232 17189728 0 10807040 6007064 1199584 4214504 712280 3140312 12535720 9416080 11064664 13077776 0
 5334 48 4 2212648 3673128 6214504 9968208 0 12451008 3236832 5751000 208400 5166016 12271688 15953736 32883192 6029528 0
 5345 48 5 2430192 726272 1656600 3447032 14231240 0 11593920 3642992 298176 5689328 10848776 19069984 35258824 0 0
 5356 48 6 4444016 2783760 177728 946592 3982376 13918128 0 9995608 82768 2167944 14081056 13096168 20004640 0 0
 5367 48 7 3879552 2894232 3623688 2989632 7689136 5403960 9156048 0 1755216 5192784 23817760 12569752 18212464 0 0
 5378 48 8 3614120 2950488 579312 2350944 2085552 5093944 6650336 11678096 0 6283280 1904168 737176 1028456 0 0
 5389 48 9 13530976 3426536 3714232 2242216 6250376 6541464 2645512 5502032 21000 0 11125536 16869912 25510208 0 0
 5400 49 0 0 17717720 6903296 2458840 4496592 4331472 5041416 4770880 4229720 453352 12728192 11661248 18992728 14785168 0
 5411 49 1 17776600 0 11286616 4902984 4533264 2387080 3500640 4259464 3227656 1159632 13435344 12870984 15011160 10378000 0
 5422 49 2 6739472 10856432 0 16874432 8369616 3792664 189696 4568048 536952 744960 15182176 12009960 10564584 13558856 0
 5433 49 3 2534184 5560064 17215296 0 10987960 5904832 1241392 4203464 2881448 1182784 12521368 9555656 10966000 13111848 0
 5444 49 4 2158504 3662056 6154768 9850968 0 12660968 3266032 5634944 550520 691800 12311560 15948912 32695536 6067224 0
 5455 49 5 2310664 761984 1638688 3463344 14185552 0 11627008 3623192 3010816 388960 10872768 19112944 34816912 0 0
 5466 49 6 4437496 2740504 184152 940480 3898176 13786016 0 10289048 5512464 824952 14096496 13096032 20100144 0 0
 5477 49 7 3800264 2899184 3634144 3021496 7720776 5304656 9136128 0 10759152 209728 23674824 12537008 18271456 0 0
 5488 49 8 3612592 2923968 562344 2348608 2125832 4952680 6746224 11597000 0 2981760 13265552 9352672 14364688 0 0
 5499 49 9 13680016 3569272 3634144 2250008 6078848 6542656 2659560 5494848 6195848 0 1985272 2845144 3803752 0 0
 5510 50 0 0 17453120 7038592 2573120 4488000 4417240 5022896 5001808 4312960 15615032 12532864 11637536 19039040 14794384 0
 5521 50 1 17923808 0 11124656 4913688 4713616 2475536 3605488 4294864 3304520 4990912 13163712 12411544 14871384 10323000 0
 5532 50 2 6825312 11024168 0 16960512 8429064 3898248 185664 4648264 535088 5187904 15119000 12081048 10451416 13741384 0
 5543 50 3 2523800 5531992 17087152 0 10779568 6105688 1249248 4230536 2934376 3155320 12524520 9531328 11054464 13263328 0
 5554 50 4 2196544 3770168 6413288 9931296 0 12534752 3204408 5701456 528248 5251608 12114152 15299200 30213208 6170696 0
 5565 50 5 2364920 738640 1650432 3438456 14190880 0 11569168 3610328 2930040 5688592 11025160 17025232 32342072 0 0
 5576 50 6 4461960 2819408 200752 937880 4014056 14044160 0 10150912 5484392 2188848 13822992 11917512 17896088 0 0
 5587 50 7 3838672 2859920 3677736 3016648 7632632 5395144 9040928 0 10586904 5322104 24025496 12510288 18311248 0 0
 5598 50 8 3556488 2958064 569064 2375312 2142304 5060856 6672792 11662992 0 6282120 13212496 9270512 14386720 0 0
 5609 50 9 13729752 3506072 3630384 2221776 6146552 6462856 2639472 5545808 6253248 0 11221144 16737232 25723280 0 0