# Format <LP ID> <Group ID> <Router ID> <Link traffic per router port(s)># Router ports in the order: 8 local channels, 4 global channels
 8 0 0 0 509048 401720 140192 135360 140048 175816 177272 161696 146592 159712 161920
 17 0 1 508832 0 669968 413272 138960 131824 168048 180200 318928 159592 159936 151088
 26 0 2 386088 635848 0 544344 414472 140296 157528 185400 479328 157360 155744 159808
 35 0 3 146504 399344 530736 0 662872 413864 176344 179632 496464 150920 165272 159560
 44 0 4 128512 139120 414384 663192 0 671048 438456 194128 480184 160608 167920 167360
 53 0 5 133768 136616 136704 419160 656400 0 540632 435344 439216 163128 159664 159520
 62 0 6 167496 176120 169904 171160 443944 540208 0 587016 293800 147664 147392 150424
 71 0 7 190816 190936 185752 188424 182832 447768 583520 0 162072 152952 149944 149248
 80 1 0 0 283528 299744 264072 294384 293568 316240 379696 334408 316688 301400 293400
 89 1 1 278856 0 642736 527032 260888 277280 300880 344208 315376 296176 305408 297952
 98 1 2 314512 636952 0 774216 535584 280904 311432 344720 472544 290008 306352 310144
 107 1 3 286352 527176 776744 0 675840 534056 319232 333024 601976 304712 291144 288000
 116 1 4 294224 271888 540040 677808 0 793792 575424 363336 633928 297248 304952 308616
 125 1 5 283976 271112 274712 539360 793368 0 797544 607632 571320 300496 298160 290312
 134 1 6 319536 305240 303672 298376 585944 759488 0 645000 434656 296416 295816 295960
 143 1 7 378448 349648 350504 363352 359512 586136 610736 0 309240 317792 304808 287704
 152 2 0 0 890584 339744 337080 360704 357616 385912 422840 447480 313904 324768 321152
 161 2 1 884432 0 300768 320296 306448 301888 338808 380560 478336 315912 325504 320504
 170 2 2 351152 294896 0 641240 532360 288976 313168 334040 311432 327432 334360 318544
 179 2 3 335928 311832 634648 0 790752 532640 309992 341448 494720 310640 310688 308472
 188 2 4 348144 299856 511272 772576 0 695480 586440 348656 626048 324392 323984 311384
 197 2 5 345744 299520 278904 539480 664112 0 799768 605136 612752 327312 321592 321592
 206 2 6 381184 339640 319368 281536 575344 780760 0 728232 462096 327160 333824 332680
 215 2 7 415952 376224 336368 335680 330624 588288 731296 0 332144 325672 340904 327968
 224 3 0 0 873016 607912 342920 320496 338304 376960 427104 466176 340896 331000 308152
 233 3 1 879080 0 810848 305832 309520 282672 329504 376544 607344 344768 311880 321456
 242 3 2 618176 816664 0 259888 282512 278608 301944 336256 503232 336480 309824 328552
 251 3 3 326816 297472 262264 0 639920 516360 306264 350936 318752 315464 323176 329208
 260 3 4 334848 293840 295384 632560 0 792568 559976 338568 487600 328376 328776 318496
 269 3 5 338368 299048 281504 521000 770680 0 677616 603640 587632 323592 317856 318904
 278 3 6 354864 352592 302960 301008 580512 675824 0 753536 459512 330968 304608 334992
 287 3 7 420184 381776 350728 350304 352456 617520 757992 0 333016 321976 309968 310304
 296 4 0 0 782432 607384 377888 332176 343672 371600 441112 497760 329168 339392 314984
 305 4 1 784872 0 835128 565872 292672 311240 331928 388928 622584 321912 328640 339712
 314 4 2 599040 821960 0 798704 262336 271768 305648 357808 631008 320600 341576 328472
 323 4 3 350896 572320 777112 0 278712 286992 297040 351496 524312 311736 337056 335520
 332 4 4 353672 312720 265296 269848 0 632240 551688 344088 327128 324176 315400 302064
 341 4 5 354040 305448 266920 280424 617192 0 779088 601160 444648 333416 312056 323912
 350 4 6 386456 326520 318464 305320 550672 768208 0 632544 424872 327992 317928 310472
 359 4 7 443552 396408 357664 341376 345016 609864 637032 0 325328 335728 330928 321016
 368 5 0 0 905392 623512 355424 340336 285544 321128 340928 444544 268600 271088 275376
 377 5 1 887584 0 706976 576232 308272 239504 258296 310264 587024 281744 268480 272888
 386 5 2 613792 704304 0 790112 539584 211272 237088 267144 591952 262952 266768 282808
 395 5 3 352864 578848 783184 0 787880 204376 229064 266424 563008 273328 291568 273272
 404 5 4 355544 301560 542912 777792 0 205392 251192 269264 444480 275040 263896 266648
 413 5 5 274752 249184 183488 214192 207624 0 553592 456672 266288 277952 282408 265064
 422 5 6 318672 258392 233552 237896 261584 532888 0 611992 284152 261856 260968 269648
 431 5 7 365008 305920 280176 262352 266176 463208 589928 0 289760 275320 261024 275232
 440 6 0 0 768016 476488 204440 213360 192848 129032 125040 286048 122720 132600 134064
 449 6 1 747360 0 693896 448432 177512 165736 102152 100840 431128 126024 121192 125176
 458 6 2 473600 706040 0 545408 423376 137824 63992 68840 457280 117880 124472 121680
 467 6 3 203872 442240 541936 0 655896 413344 70328 77376 451416 132096 124376 126200
 476 6 4 203824 158328 416520 650824 0 657032 63984 69912 440264 132208 136968 124464
 485 6 5 201240 163912 131312 418120 652784 0 62808 71648 292720 122528 118408 125664
 494 6 6 132680 99864 63896 68912 65416 68152 0 0 124776 116064 124056 126688
 503 6 7 140216 90256 70256 71192 66496 70632 0 0 127240 138728 127120 119664
 512 7 0 0 140976 20680 416 80 32 0 0 161840 0 0 0
 521 7 1 141544 0 147152 18704 360 88 8 0 306928 0 0 0
 530 7 2 19432 147360 0 146072 18624 616 192 0 329064 0 0 0
 539 7 3 392 17896 141584 0 151320 22392 232 0 322968 0 0 0
 548 7 4 88 384 18880 136504 0 150816 18024 0 340936 0 0 0
 557 7 5 48 112 504 21544 153472 0 112480 0 283296 0 0 0
 566 7 6 8 40 128 224 17488 108760 0 0 130480 0 0 0
 575 7 7 0 0 0 0 0 0 0 0 0 0 0 0
 584 8 0 0 126296 19568 272 96 16 0 0 160320 0 0 0
 593 8 1 142944 0 152544 22152 480 120 48 0 295336 0 0 0
 602 8 2 16760 146648 0 130416 18120 528 136 0 334816 0 0 0
 611 8 3 248 21248 148864 0 154640 16968 384 0 319856 0 0 0
 620 8 4 104 272 13728 148424 0 146400 21376 0 331880 0 0 0
 629 8 5 24 152 560 19200 143888 0 104624 0 270168 0 0 0
 638 8 6 8 16 160 384 15368 105064 0 0 126040 0 0 0
 647 8 7 0 0 0 0 0 0 0 0 0 0 0 0
 656 9 0 0 142176 17880 312 80 8 8 0 150560 0 0 0
 665 9 1 134384 0 144720 16912 400 120 32 0 296872 0 0 0
 674 9 2 15992 135056 0 145256 19704 760 168 0 338712 0 0 0
 683 9 3 568 19232 158000 0 147624 18296 488 0 321048 0 0 0
 692 9 4 72 336 16880 140448 0 146880 17992 0 330712 0 0 0
 701 9 5 56 136 544 18768 146224 0 117776 0 275600 0 0 0
 710 9 6 8 8 144 368 16224 109144 0 0 136912 0 0 0
 719 9 7 0 0 0 0 0 0 0 0 0 0 0 0
 728 10 0 0 140320 17768 368 56 40 0 0 144328 0 0 0
 737 10 1 128400 0 145608 15696 328 136 16 0 313376 0 0 0
 746 10 2 15584 152464 0 140528 16888 784 104 0 327760 0 0 0
 755 10 3 376 20992 143856 0 153784 15896 400 0 313840 0 0 0
 764 10 4 64 240 19712 137816 0 140392 18904 0 332208 0 0 0
 773 10 5 40 128 736 18552 137448 0 104712 0 250528 0 0 0
 782 10 6 8 48 208 272 23288 93696 0 0 124560 0 0 0
 791 10 7 0 0 0 0 0 0 0 0 0 0 0 0
 800 11 0 0 130320 19344 248 112 40 0 0 152240 0 0 0
 809 11 1 136896 0 150912 15208 392 224 16 0 295840 0 0 0
 818 11 2 14904 145968 0 133512 15528 584 216 0 316688 0 0 0
 827 11 3 296 19024 129728 0 146176 19920 280 0 312712 0 0 0
 836 11 4 80 384 16536 145328 0 132944 15952 0 329768 0 0 0
 845 11 5 64 112 448 17848 145368 0 109904 0 262288 0 0 0
 854 11 6 0 32 112 384 22120 108984 0 0 126688 0 0 0
 863 11 7 0 0 0 0 0 0 0 0 0 0 0 0
 872 12 0 0 142880 17128 280 104 32 8 0 155024 0 0 0
 881 12 1 131744 0 148664 16616 536 112 16 0 310872 0 0 0
 890 12 2 22512 147368 0 133416 21104 592 104 0 323920 0 0 0
 899 12 3 336 19168 139784 0 151424 19848 440 0 311408 0 0 0
 908 12 4 136 376 19384 141768 0 144272 18736 0 339008 0 0 0
 917 12 5 16 256 368 19656 146120 0 107840 0 275040 0 0 0
 926 12 6 0 24 160 384 19592 111176 0 0 127352 0 0 0
 935 12 7 0 0 0 0 0 0 0 0 0 0 0 0
 944 13 0 0 144480 17240 384 144 16 24 0 142384 0 0 0
 953 13 1 126464 0 157424 16088 328 120 0 0 315360 0 0 0
 962 13 2 15760 150240 0 143376 16464 688 144 0 335328 0 0 0
 971 13 3 328 20696 139392 0 144464 18400 344 0 330024 0 0 0
 980 13 4 32 416 20280 151688 0 142464 18648 0 327064 0 0 0
 989 13 5 0 112 448 17680 149048 0 109512 0 267120 0 0 0
 998 13 6 0 40 112 344 16728 105912 0 0 128344 0 0 0
 1007 13 7 0 0 0 0 0 0 0 0 0 0 0 0
 1016 14 0 0 129864 17104 360 160 40 0 0 151696 0 0 0
 1025 14 1 135696 0 145384 14840 448 128 40 0 294640 0 0 0
 1034 14 2 16112 142328 0 148928 19344 528 120 0 324040 0 0 0
 1043 14 3 368 21536 144680 0 143880 20768 368 0 322944 0 0 0
 1052 14 4 48 400 17880 138208 0 154088 17616 0 328000 0 0 0
 1061 14 5 8 104 448 18832 146864 0 96576 0 274112 0 0 0
 1070 14 6 0 16 128 408 17296 99152 0 0 114928 0 0 0
 1079 14 7 0 0 0 0 0 0 0 0 0 0 0 0
 1088 15 0 0 135256 16560 392 104 32 0 0 165400 0 0 0
 1097 15 1 145224 0 156160 16840 304 176 16 0 294824 0 0 0
 1106 15 2 19896 142048 0 144520 18696 560 88 0 332528 0 0 0
 1115 15 3 240 18016 140040 0 145040 20296 304 0 324336 0 0 0
 1124 15 4 72 240 19768 145176 0 154776 15064 0 325184 0 0 0
 1133 15 5 24 120 456 17176 143416 0 112360 0 296832 0 0 0
 1142 15 6 16 8 136 272 17520 121224 0 0 127632 0 0 0
 1151 15 7 0 0 0 0 0 0 0 0 0 0 0 0
 1160 16 0 0 140480 19000 272 64 24 0 0 159280 0 0 0
 1169 16 1 139648 0 139248 22064 376 152 48 0 306176 0 0 0
 1178 16 2 19424 146144 0 144552 14200 512 136 0 321408 0 0 0
 1187 16 3 552 18584 144800 0 146416 21408 336 0 332904 0 0 0
 1196 16 4 80 344 18400 148088 0 152136 21528 0 327392 0 0 0
 1205 16 5 24 128 512 18448 146048 0 105400 0 287120 0 0 0
 1214 16 6 0 16 96 296 20072 113064 0 0 126912 0 0 0
 1223 16 7 0 0 0 0 0 0 0 0 0 0 0 0
 1232 17 0 0 142128 18896 352 112 24 0 0 153016 0 0 0
 1241 17 1 137160 0 148000 18688 392 64 8 0 303864 0 0 0
 1250 17 2 14688 149680 0 142864 17088 464 80 0 323904 0 0 0
 1259 17 3 448 12968 135568 0 145912 15280 256 0 316832 0 0 0
 1268 17 4 72 368 19992 136400 0 152904 20176 0 330392 0 0 0
 1277 17 5 24 104 496 18208 147872 0 102056 0 272592 0 0 0
 1286 17 6 8 16 152 312 18384 103120 0 0 122704 0 0 0
 1295 17 7 0 0 0 0 0 0 0 0 0 0 0 0
 1304 18 0 0 138768 16416 368 104 48 8 0 161064 0 0 0
 1313 18 1 140200 0 140160 25328 336 192 16 0 299576 0 0 0
 1322 18 2 20192 145952 0 146600 19416 504 176 0 311960 0 0 0
 1331 18 3 328 14048 134848 0 139824 19624 344 0 336168 0 0 0
 1340 18 4 64 304 20240 142520 0 160584 17632 0 319800 0 0 0
 1349 18 5 40 120 312 20504 140480 0 105048 0 285912 0 0 0
 1358 18 6 16 24 64 392 18792 105408 0 0 123048 0 0 0
 1367 18 7 0 0 0 0 0 0 0 0 0 0 0 0
 1376 19 0 0 146632 18544 432 80 16 8 0 161936 0 0 0
 1385 19 1 141152 0 130304 19672 376 72 0 0 297280 0 0 0
 1394 19 2 20160 134336 0 136520 20200 624 160 0 313568 0 0 0
 1403 19 3 456 16632 141104 0 148152 16744 408 0 327168 0 0 0
 1412 19 4 144 288 21552 151992 0 146480 14840 0 344560 0 0 0
 1421 19 5 56 120 544 17368 156744 0 115728 0 269328 0 0 0
 1430 19 6 16 16 160 352 19120 105608 0 0 131264 0 0 0
 1439 19 7 0 0 0 0 0 0 0 0 0 0 0 0
 1448 20 0 0 147600 20856 304 64 24 8 0 163104 0 0 0
 1457 20 1 144952 0 142592 19248 488 168 16 0 317544 0 0 0
 1466 20 2 17408 150656 0 135272 19376 496 120 0 324472 0 0 0
 1475 20 3 352 18664 143080 0 147560 17912 320 0 316688 0 0 0
 1484 20 4 96 392 17912 142296 0 136032 18240 0 328264 0 0 0
 1493 20 5 32 112 448 18656 142624 0 101312 0 273368 0 0 0
 1502 20 6 8 16 120 240 18080 118496 0 0 120320 0 0 0
 1511 20 7 0 0 0 0 0 0 0 0 0 0 0 0
 1520 21 0 0 138992 19088 328 120 32 0 0 154312 0 0 0
 1529 21 1 133384 0 145200 18936 360 144 32 0 299424 0 0 0
 1538 21 2 19576 140896 0 141688 17848 456 120 0 322392 0 0 0
 1547 21 3 368 18824 139432 0 143192 16680 320 0 319088 0 0 0
 1556 21 4 120 480 16920 139440 0 136648 18656 0 318832 0 0 0
 1565 21 5 56 160 688 18592 141160 0 121936 0 255952 0 0 0
 1574 21 6 0 16 168 344 17376 101024 0 0 141184 0 0 0
 1583 21 7 0 0 0 0 0 0 0 0 0 0 0 0
 1592 22 0 0 131224 15456 312 72 32 16 0 157880 0 0 0
 1601 22 1 140120 0 135088 19280 368 176 24 0 291312 0 0 0
 1610 22 2 17464 145544 0 149832 19304 544 160 0 306240 0 0 0
 1619 22 3 248 14056 135800 0 134464 19496 320 0 324064 0 0 0
 1628 22 4 112 288 19448 138264 0 141336 19072 0 308336 0 0 0
 1637 22 5 72 72 640 15616 136552 0 107472 0 266624 0 0 0
 1646 22 6 8 16 96 392 18408 104816 0 0 127512 0 0 0
 1655 22 7 0 0 0 0 0 0 0 0 0 0 0 0
 1664 23 0 0 130832 18984 376 48 24 8 0 157496 0 0 0
 1673 23 1 140240 0 147840 16880 376 144 24 0 305848 0 0 0
 1682 23 2 16920 155688 0 150480 17176 496 136 0 315736 0 0 0
 1691 23 3 248 18328 128664 0 144648 17072 344 0 334408 0 0 0
 1700 23 4 88 408 18280 149664 0 144496 17336 0 317128 0 0 0
 1709 23 5 32 160 584 16096 140496 0 103672 0 275648 0 0 0
 1718 23 6 16 0 176 384 13776 113872 0 0 122104 0 0 0
 1727 23 7 0 0 0 0 0 0 0 0 0 0 0 0
 1736 24 0 0 144208 16352 376 88 8 8 0 153624 0 0 0
 1745 24 1 133984 0 141896 16752 440 72 0 0 303624 0 0 0
 1754 24 2 19072 142768 0 140008 18720 568 96 0 317904 0 0 0
 1763 24 3 392 16344 140736 0 137448 13816 288 0 315624 0 0 0
 1772 24 4 72 248 18360 141384 0 136584 18328 0 319496 0 0 0
 1781 24 5 80 176 480 16968 145200 0 111408 0 267576 0 0 0
 1790 24 6 0 24 120 296 17560 116504 0 0 129968 0 0 0
 1799 24 7 0 0 0 0 0 0 0 0 0 0 0 0
 1808 25 0 0 131808 19064 328 96 80 8 0 151480 0 0 0
 1817 25 1 133304 0 141912 22560 408 216 16 0 294120 0 0 0
 1826 25 2 17672 143424 0 141992 17784 616 184 0 318048 0 0 0
 1835 25 3 440 18416 138432 0 148344 15016 336 0 330656 0 0 0
 1844 25 4 104 480 17664 147416 0 154920 18056 0 326352 0 0 0
 1853 25 5 24 128 464 17600 143080 0 111040 0 279024 0 0 0
 1862 25 6 0 16 120 472 16680 108008 0 0 130392 0 0 0
 1871 25 7 0 0 0 0 0 0 0 0 0 0 0 0
 1880 26 0 0 143296 16936 368 88 56 0 0 159384 0 0 0
 1889 26 1 139144 0 152824 17656 352 160 0 0 301264 0 0 0
 1898 26 2 19256 139072 0 143584 15920 312 192 0 335712 0 0 0
 1907 26 3 256 17960 145848 0 143576 18224 464 0 322704 0 0 0
 1916 26 4 112 240 19512 144752 0 149056 15200 0 334416 0 0 0
 1925 26 5 0 120 504 15704 155544 0 111784 0 269680 0 0 0
 1934 26 6 0 8 160 264 19000 101224 0 0 127984 0 0 0
 1943 26 7 0 0 0 0 0 0 0 0 0 0 0 0
 1952 27 0 0 140328 17424 448 80 16 8 0 156584 0 0 0
 1961 27 1 139224 0 133096 18248 376 144 24 0 297480 0 0 0
 1970 27 2 17160 140888 0 133584 15720 472 200 0 313752 0 0 0
 1979 27 3 448 16560 144952 0 147592 19720 480 0 319440 0 0 0
 1988 27 4 104 232 18176 145648 0 154632 18456 0 326488 0 0 0
 1997 27 5 24 184 560 21088 146520 0 105104 0 283448 0 0 0
 2006 27 6 0 16 96 408 17232 108320 0 0 125096 0 0 0
 2015 27 7 0 0 0 0 0 0 0 0 0 0 0 0
 2024 28 0 0 153696 13296 288 56 16 8 0 164440 0 0 0
 2033 28 1 146848 0 143984 18048 424 88 0 0 314792 0 0 0
 2042 28 2 17648 143224 0 134016 17272 584 208 0 312968 0 0 0
 2051 28 3 384 18400 137992 0 146240 15880 360 0 302112 0 0 0
 2060 28 4 32 248 17688 136120 0 134464 13672 0 326184 0 0 0
 2069 28 5 24 160 584 12776 144936 0 109928 0 256208 0 0 0
 2078 28 6 0 24 56 248 17848 105464 0 0 123416 0 0 0
 2087 28 7 0 0 0 0 0 0 0 0 0 0 0 0
 2096 29 0 0 139112 17072 424 152 16 8 0 146944 0 0 0
 2105 29 1 128960 0 143064 17504 336 120 16 0 301664 0 0 0
 2114 29 2 17096 143536 0 139400 20552 520 176 0 320624 0 0 0
 2123 29 3 368 17656 145552 0 134352 21032 320 0 321608 0 0 0
 2132 29 4 168 424 14760 144776 0 145872 17272 0 314008 0 0 0
 2141 29 5 32 112 544 20552 140280 0 104104 0 277464 0 0 0
 2150 29 6 0 16 144 240 18000 108456 0 0 121072 0 0 0
 2159 29 7 0 0 0 0 0 0 0 0 0 0 0 0
 2168 30 0 0 133648 16528 304 64 32 16 0 154984 0 0 0
 2177 30 1 136312 0 143312 15792 288 104 48 0 301744 0 0 0
 2186 30 2 18624 147520 0 148816 17488 464 200 0 318656 0 0 0
 2195 30 3 224 20456 141048 0 154056 18184 344 0 326712 0 0 0
 2204 30 4 96 408 16472 144616 0 129968 19352 0 332776 0 0 0
 2213 30 5 0 112 496 17016 144160 0 109552 0 258136 0 0 0
 2222 30 6 8 24 184 280 15952 110320 0 0 129056 0 0 0
 2231 30 7 0 0 0 0 0 0 0 0 0 0 0 0
 2240 31 0 0 131712 16936 280 128 48 8 0 152984 0 0 0
 2249 31 1 136600 0 136712 15224 272 184 24 0 297944 0 0 0
 2258 31 2 15984 149944 0 144736 18328 600 184 0 308056 0 0 0
 2267 31 3 240 15632 133592 0 140536 19400 336 0 323432 0 0 0
 2276 31 4 136 352 20720 146400 0 135112 18280 0 325424 0 0 0
 2285 31 5 40 80 408 16072 147816 0 110928 0 255496 0 0 0
 2294 31 6 16 24 88 336 17792 99600 0 0 129904 0 0 0
 2303 31 7 0 0 0 0 0 0 0 0 0 0 0 0
 2312 32 0 0 139304 21752 392 104 24 16 0 163224 0 0 0
 2321 32 1 145088 0 151696 16992 320 160 8 0 301016 0 0 0
 2330 32 2 17528 144072 0 128680 18664 520 120 0 333000 0 0 0
 2339 32 3 296 17840 142688 0 138072 19048 440 0 310144 0 0 0
 2348 32 4 112 296 16256 145960 0 147432 18816 0 311288 0 0 0
 2357 32 5 24 104 448 17968 138840 0 108048 0 275176 0 0 0
 2366 32 6 0 0 200 304 15624 107880 0 0 127360 0 0 0
 2375 32 7 0 0 0 0 0 0 0 0 0 0 0 0