# Format <LP ID> <Terminal ID> <Job ID> <Local Rank> <Total sends> <Total Recvs> <Bytes sent> <Bytes recvd> <Send time> <Comm. time> <Compute time> <Avg msg time> <Max Msg Time>
 0 0 0 0 478 478 379712 374336 7053954.823955 14745173.817618 816695890.000000 0.000000 0.000000
 1 1 0 1 832 832 502384 506272 55845257.069437 64456724.629565 767042391.000000 0.000000 0.000000
 2 2 0 2 566 566 503792 501008 66503720.334679 72646032.529431 758872619.000000 0.000000 0.000000
 3 3 0 3 840 840 510816 505344 285568103.515459 157133560.199933 674363699.000000 0.000000 0.000000
 9 4 0 4 464 464 506304 496032 34606884.784269 66788269.841588 764652252.000000 0.000000 0.000000
 10 5 0 5 386 386 376528 373792 10412649.316980 66321834.638560 765071214.000000 0.000000 0.000000
 11 6 0 6 654 654 509232 503040 200935290.218327 117441155.186636 714060173.000000 0.000000 0.000000
 12 7 0 7 790 790 629648 623648 117822489.137714 70376894.656491 761131215.000000 0.000000 0.000000
 18 8 0 8 1194 1194 641632 640528 29868398.173770 68309767.374319 763194045.000000 0.000000 0.000000
 19 9 0 9 1010 1010 628592 629120 13878078.936137 66541226.405879 764960474.000000 0.000000 0.000000
 20 10 0 10 956 956 630464 627536 5529396.713328 59730174.475755 771801106.000000 0.000000 0.000000
 21 11 0 11 528 528 502080 502656 115737878.487213 117959217.477330 713495802.000000 0.000000 0.000000
 27 12 0 12 1026 1026 507040 511216 178964325.260152 74332742.148793 758145711.000000 0.000000 0.000000
 28 13 0 13 1004 1004 633712 637312 215817059.266876 118596448.726221 712912094.000000 0.000000 0.000000
 29 14 0 14 1066 1066 637216 633856 9474641.623986 63720953.650358 767783111.000000 0.000000 0.000000
 30 15 0 15 1042 1042 635520 632544 188642139.943223 117067031.715346 714392356.000000 0.000000 0.000000
 36 16 0 16 978 978 631728 633312 6338831.142150 60841696.682070 770608169.000000 0.000000 0.000000
 37 17 0 17 628 628 509008 502912 240458102.060844 159137542.319785 672336136.000000 0.000000 0.000000
 38 18 0 18 756 756 510544 505744 84375900.854414 62915809.864977 768560535.000000 0.000000 0.000000
 39 19 0 19 1224 1224 637680 635664 256889565.624779 118051712.380489 713454762.000000 0.000000 0.000000
 45 20 0 20 1058 1058 637728 632304 86505839.018203 60242703.866354 771238388.000000 0.000000 0.000000
 46 21 0 21 708 708 633792 628800 335030424.714701 158615353.440198 672831064.000000 0.000000 0.000000
 47 22 0 22 1132 1132 633472 636928 61411204.390513 74173260.794548 757269167.000000 0.000000 0.000000
 48 23 0 23 740 740 503136 503376 10249152.568622 65322312.680897 766109427.000000 0.000000 0.000000
 54 24 0 24 664 664 502160 501872 54861421.007214 36423299.328818 795023928.000000 0.000000 0.000000
 55 25 0 25 674 674 633744 636432 103011361.182140 125603273.561715 705883225.000000 0.000000 0.000000
 56 26 0 26 1028 1028 634352 630848 155938357.944352 118004908.587893 713451020.000000 0.000000 0.000000
 57 27 0 27 1236 1236 639520 637600 14800300.751595 50437905.560152 780946680.000000 0.000000 0.000000
 63 28 0 28 878 878 636640 630160 170660826.704136 123458001.027007 707976179.000000 0.000000 0.000000
 64 29 0 29 690 690 509184 505872 330774478.960658 227455616.144802 603902049.000000 0.000000 0.000000
 65 30 0 30 646 646 382720 379504 44176089.906732 72037840.538511 759209355.000000 0.000000 0.000000
 66 31 0 31 768 768 502352 507968 301614974.954881 158663595.125253 672645071.000000 0.000000 0.000000
 72 32 0 32 670 670 502448 501248 81179210.439851 121653466.967995 709736060.000000 0.000000 0.000000
 73 33 0 33 794 794 508528 506320 444242591.984355 226842438.214384 604497546.000000 0.000000 0.000000
 74 34 0 34 676 676 505280 507824 55833343.164721 73989530.783789 757365393.000000 0.000000 0.000000
 75 35 0 35 516 516 376432 378304 125846905.638725 184825522.893922 647057523.000000 0.000000 0.000000
 81 36 0 36 650 650 506832 500784 498505024.249243 223593375.891756 607997547.000000 0.000000 0.000000
 82 37 0 37 1008 1008 624176 633488 103274498.348789 74997776.360881 756644398.000000 0.000000 0.000000
 83 38 0 38 886 886 634528 627184 487865784.379660 186370015.893607 646090548.000000 0.000000 0.000000
 84 39 0 39 726 726 627344 625760 421724737.974254 180393722.292617 651129057.000000 0.000000 0.000000
 90 40 0 40 1080 1080 633088 627424 135821962.286877 114456331.055374 717076821.000000 0.000000 0.000000
 91 41 0 41 804 804 508528 507328 389025638.231476 225569896.307992 605888360.000000 0.000000 0.000000
 92 42 0 42 996 996 631104 633792 395754092.082581 159165375.164737 673316533.000000 0.000000 0.000000
 93 43 0 43 1044 1044 757920 762576 329738363.642558 123892170.965838 707812452.000000 0.000000 0.000000
 99 44 0 44 1010 1010 763248 761664 31547689.380852 72671486.092982 758853698.000000 0.000000 0.000000
 100 45 0 45 1952 1952 772496 774320 498163749.862105 223623413.788856 608106236.000000 0.000000 0.000000
 101 46 0 46 998 998 754928 759008 254468325.467772 178997580.512385 652706295.000000 0.000000 0.000000
 102 47 0 47 1016 1016 634240 635488 220361522.109358 159913771.235952 672233209.000000 0.000000 0.000000
 108 48 0 48 858 858 633072 629184 61615049.019402 61283346.925325 771205243.000000 0.000000 0.000000
 109 49 0 49 1852 1852 770576 771728 799843069.868884 239383944.592214 593100174.000000 0.000000 0.000000
 110 50 0 50 1036 1036 756224 760544 470006897.326663 231492000.675707 600243037.000000 0.000000 0.000000
 111 51 0 51 1096 1096 759184 767632 459510459.509316 242195545.774348 589437937.000000 0.000000 0.000000
 117 52 0 52 1508 1508 764976 769008 298990201.593574 227351236.583433 604362413.000000 0.000000 0.000000
 118 53 0 53 704 704 623760 625344 485257674.755294 182460873.736539 649109675.000000 0.000000 0.000000
 119 54 0 54 708 708 631088 630992 12008287.333280 14045854.922612 818440668.000000 0.000000 0.000000
 120 55 0 55 1344 1344 765184 764800 33973674.591918 35112863.263521 796594149.000000 0.000000 0.000000
 126 56 0 56 1614 1614 762800 774128 308271079.333309 183045874.781615 648604208.000000 0.000000 0.000000
 127 57 0 57 1642 1642 774336 767760 609290268.435398 184381630.628523 647085551.000000 0.000000 0.000000
 128 58 0 58 1346 1346 758496 760512 368389830.764242 243332494.463661 588195262.000000 0.000000 0.000000
 129 59 0 59 1214 1214 640496 637136 124731514.365606 180051892.743181 651468909.000000 0.000000 0.000000
 135 60 0 60 926 926 635488 636784 503008378.643776 237125468.940683 594362798.000000 0.000000 0.000000
 136 61 0 61 954 954 760448 760688 490375131.783661 235600809.054774 595896548.000000 0.000000 0.000000
 137 62 0 62 1460 1460 760976 761840 587891032.719489 236734632.530944 594755941.000000 0.000000 0.000000
 138 63 0 63 1066 1066 761504 762656 458376885.896762 235644383.890333 595813770.000000 0.000000 0.000000
 144 64 0 64 1752 1752 771520 770080 518733732.720335 226052285.086058 605386612.000000 0.000000 0.000000
 145 65 0 65 1130 1130 629584 637984 342236793.677729 242949980.952266 588934979.000000 0.000000 0.000000
 146 66 0 66 718 718 503712 504912 361157847.658202 229871553.264702 601548077.000000 0.000000 0.000000
 147 67 0 67 670 670 625856 634496 396051410.577056 234288433.538861 597204964.000000 0.000000 0.000000
 153 68 0 68 1562 1562 647200 639568 19854109.468189 45076479.572089 786384479.000000 0.000000 0.000000
 154 69 0 69 780 780 627696 630960 338489734.387697 228515111.783775 602841595.000000 0.000000 0.000000
 155 70 0 70 884 884 632112 631392 294510201.536507 242190951.733952 589696219.000000 0.000000 0.000000
 156 71 0 71 704 704 503200 503872 247494198.344719 226810954.278837 605078384.000000 0.000000 0.000000
 162 72 0 72 848 848 512208 506160 268424620.942213 157257060.523458 674390039.000000 0.000000 0.000000
 163 73 0 73 1212 1212 630768 630672 11858230.116036 28422324.732281 804040071.000000 0.000000 0.000000
 164 74 0 74 1194 1194 637120 634864 355086496.185913 151837740.036549 680632112.000000 0.000000 0.000000
 165 75 0 75 682 682 631424 621872 142795793.929193 161852792.609026 670611911.000000 0.000000 0.000000
 171 76 0 76 944 944 628368 629616 22493286.060263 43154235.037762 788551505.000000 0.000000 0.000000
 172 77 0 77 602 602 504448 501568 379204929.004629 233888369.389516 598260518.000000 0.000000 0.000000
 173 78 0 78 942 942 634640 632528 58630880.116573 50256913.136148 781769533.000000 0.000000 0.000000
 174 79 0 79 968 968 758752 756064 902724094.763677 227552445.961001 604163049.000000 0.000000 0.000000
 180 80 0 80 1024 1024 757440 759024 83807746.432014 55755600.040880 776711502.000000 0.000000 0.000000
 181 81 0 81 1454 1454 762912 764400 195802369.524964 181608602.314006 650131936.000000 0.000000 0.000000
 182 82 0 82 1544 1544 769936 772144 450855265.023842 224707370.970696 607443728.000000 0.000000 0.000000
 183 83 0 83 1078 1078 633808 634048 652106460.646776 230480240.575411 601675330.000000 0.000000 0.000000
 189 84 0 84 1054 1054 632272 636880 406429344.709045 189510768.786888 642978458.000000 0.000000 0.000000
 190 85 0 85 1702 1702 763456 764992 422885020.886570 117280266.604172 714458894.000000 0.000000 0.000000
 191 86 0 86 1096 1096 769744 758848 387960606.266168 224203133.469046 607542806.000000 0.000000 0.000000
 192 87 0 87 1548 1548 765776 767888 909364140.493519 227307387.958551 604435671.000000 0.000000 0.000000
 198 88 0 88 1014 1014 752480 756128 190543449.779738 220398208.679675 611326093.000000 0.000000 0.000000
 199 89 0 89 1390 1390 643456 643168 310059395.690509 241102900.818540 591050605.000000 0.000000 0.000000
 200 90 0 90 1628 1628 639792 643248 189195531.341136 185560267.102837 646148561.000000 0.000000 0.000000
 201 91 0 91 1666 1666 772480 776464 578438713.605346 228038427.497595 603679498.000000 0.000000 0.000000
 207 92 0 92 1722 1722 764720 766832 158828571.969708 176611726.500432 655132148.000000 0.000000 0.000000
 208 93 0 93 1458 1458 764800 769120 189966454.405063 189578482.127999 642073414.000000 0.000000 0.000000
 209 94 0 94 1538 1538 762832 763408 562599119.719793 239420034.724041 592299966.000000 0.000000 0.000000
 210 95 0 95 740 740 628560 629424 358671672.481134 231932781.256606 599639680.000000 0.000000 0.000000
 216 96 0 96 992 992 636784 632080 476598674.465820 177583864.716022 653838124.000000 0.000000 0.000000
 217 97 0 97 1456 1456 759536 767456 164060950.778097 116891694.058861 714825174.000000 0.000000 0.000000
 218 98 0 98 1050 1050 757648 756352 5538712.729483 37374896.291206 794279802.000000 0.000000 0.000000
 219 99 0 99 1584 1584 773504 767936 23346907.489325 50009973.083535 781391453.000000 0.000000 0.000000
 225 100 0 100 1012 1012 752656 757504 105979120.813988 126787691.186180 704744694.000000 0.000000 0.000000
 226 101 0 101 1028 1028 637200 636000 70500889.510895 118639046.434682 712886368.000000 0.000000 0.000000
 227 102 0 102 822 822 504432 505200 96130572.957822 163851645.194473 667511375.000000 0.000000 0.000000
 228 103 0 103 724 724 630896 630752 293311676.076756 120375979.575874 711045200.000000 0.000000 0.000000
 234 104 0 104 1170 1170 635392 630928 379233700.754783 163923627.341355 667463315.000000 0.000000 0.000000
 235 105 0 105 1080 1080 627600 634848 58970566.260934 72561160.685917 758838194.000000 0.000000 0.000000
 236 106 0 106 1034 1034 628688 630656 280932440.618191 181370038.651003 650005248.000000 0.000000 0.000000
 237 107 0 107 736 736 504896 505472 63223225.311145 124693566.427018 707196409.000000 0.000000 0.000000
 243 108 0 108 748 748 505968 506112 289211915.301022 226764729.876820 605263629.000000 0.000000 0.000000
 244 109 0 109 1266 1266 640096 637120 470057587.747242 224156391.199242 607495798.000000 0.000000 0.000000
 245 110 0 110 882 882 626944 630880 85801902.173978 59726113.626393 772744375.000000 0.000000 0.000000
 246 111 0 111 884 884 630400 625072 459822632.092798 230430145.006731 601125781.000000 0.000000 0.000000
 252 112 0 112 1132 1132 637584 634800 202907640.358090 117534637.270884 713952281.000000 0.000000 0.000000
 253 113 0 113 496 496 503952 498384 29818518.999288 51960428.911445 779481022.000000 0.000000 0.000000
 254 114 0 114 668 668 625664 621584 341077814.142075 220997583.894189 611037454.000000 0.000000 0.000000
 255 115 0 115 1482 1482 762320 770384 369563991.457506 125769922.701892 706682779.000000 0.000000 0.000000
 261 116 0 116 1732 1732 776432 773456 322732329.892835 171433626.049646 661025762.000000 0.000000 0.000000
 262 117 0 117 2020 2020 764192 770144 291021780.114377 179496939.079522 652957976.000000 0.000000 0.000000
 263 118 0 118 1038 1038 756176 758672 61537406.256029 78469334.954894 753241457.000000 0.000000 0.000000
 264 119 0 119 854 854 633344 631952 404306951.785291 185687014.902170 646469194.000000 0.000000 0.000000
 270 120 0 120 1318 1318 641840 636224 495095537.046970 183533536.503869 648499433.000000 0.000000 0.000000
 271 121 0 121 1494 1494 762304 756544 461300752.063481 237827319.430394 593871454.000000 0.000000 0.000000
 272 122 0 122 1114 1114 760736 755984 629450441.924091 188069570.677629 644387748.000000 0.000000 0.000000
 273 123 0 123 1504 1504 760528 758992 162964650.293051 187051192.308252 644587222.000000 0.000000 0.000000
 279 124 0 124 1284 1284 761312 759584 11797151.509950 41689188.478407 790035750.000000 0.000000 0.000000
 280 125 0 125 962 962 636848 631280 22177728.062858 56267306.951661 775307858.000000 0.000000 0.000000
 281 126 0 126 772 772 632336 628784 749210740.484646 242442230.079620 589054438.000000 0.000000 0.000000
 282 127 0 127 1444 1444 766352 761504 264701767.429166 239938294.648951 591780388.000000 0.000000 0.000000
 288 128 0 128 1086 1086 754992 754464 342777545.475206 242193582.401706 589463426.000000 0.000000 0.000000
 289 129 0 129 1474 1474 763632 759936 1018580191.643582 239234354.165660 592297471.000000 0.000000 0.000000
 290 130 0 130 1666 1666 765712 766912 208685574.643357 231789263.578355 599745434.000000 0.000000 0.000000
 291 131 0 131 1270 1270 636032 633968 213200417.585236 229137450.130965 602390332.000000 0.000000 0.000000
 297 132 0 132 1168 1168 634896 636192 429041554.089834 228094398.588562 603346439.000000 0.000000 0.000000
 298 133 0 133 1854 1854 761120 771488 68642105.971537 54503940.523194 776995561.000000 0.000000 0.000000
 299 134 0 134 1530 1530 769872 767184 22457273.674124 43524430.173818 787986704.000000 0.000000 0.000000
 300 135 0 135 1688 1688 763888 770032 418336216.549338 180538666.833307 650966543.000000 0.000000 0.000000
 306 136 0 136 1006 1006 760800 759840 624888933.849665 234913316.120808 596597563.000000 0.000000 0.000000
 307 137 0 137 1182 1182 634784 635504 177032598.463357 225224552.374005 606212316.000000 0.000000 0.000000
 308 138 0 138 774 774 507168 509328 502651588.443016 238665334.955661 592713543.000000 0.000000 0.000000
 309 139 0 139 1064 1064 636640 635920 478509542.928124 231031645.143107 600411601.000000 0.000000 0.000000
 315 140 0 140 676 676 622560 624000 316005197.958317 229396482.572239 602050026.000000 0.000000 0.000000
 316 141 0 141 1082 1082 628464 633840 451316058.393365 241628687.301498 589812591.000000 0.000000 0.000000
 317 142 0 142 958 958 630512 629792 518416582.658768 235319527.127238 596116442.000000 0.000000 0.000000
 318 143 0 143 544 544 503920 504304 163318675.028844 241907513.442439 589481718.000000 0.000000 0.000000
 324 144 0 144 942 942 510096 503760 14074066.006638 47949469.542077 783548375.000000 0.000000 0.000000
 325 145 0 145 754 754 622736 619376 286136152.753231 239935419.438798 591829365.000000 0.000000 0.000000
 326 146 0 146 1178 1178 634096 629584 241552960.129504 227717231.380231 603890369.000000 0.000000 0.000000
 327 147 0 147 682 682 628752 626448 308460614.933835 238503918.283176 593112403.000000 0.000000 0.000000
 333 148 0 148 930 930 627856 633328 418743385.815791 235258100.142654 596289517.000000 0.000000 0.000000
 334 149 0 149 748 748 505344 501600 253783660.380832 227449212.223311 604039512.000000 0.000000 0.000000
 335 150 0 150 904 904 632336 626816 288540886.247070 239528082.117017 592507592.000000 0.000000 0.000000
 336 151 0 151 1574 1574 765968 773168 476065320.068969 240980691.281961 590793095.000000 0.000000 0.000000
 342 152 0 152 1064 1064 754272 764784 349270798.762050 239662559.475423 592797465.000000 0.000000 0.000000
 343 153 0 153 1022 1022 759280 756832 7897201.949465 54396074.485814 777229183.000000 0.000000 0.000000
 344 154 0 154 1392 1392 762240 769488 427794363.624856 237471122.303332 594149660.000000 0.000000 0.000000
 345 155 0 155 732 732 634656 634608 659250817.592315 229587489.208732 601962336.000000 0.000000 0.000000
 351 156 0 156 1096 1096 634208 637280 301198508.997292 239092207.168680 592446573.000000 0.000000 0.000000
 352 157 0 157 1082 1082 768768 762288 251059536.010695 238702591.004531 593069125.000000 0.000000 0.000000
 353 158 0 158 1540 1540 765264 764496 697709452.375020 236253392.221782 595390790.000000 0.000000 0.000000
 354 159 0 159 1070 1070 763200 758112 345142373.588230 244319081.696940 587318306.000000 0.000000 0.000000
 360 160 0 160 1070 1070 762960 761328 202841978.998312 232579575.908648 598975361.000000 0.000000 0.000000
 361 161 0 161 1002 1002 632368 633280 350847166.224509 234647084.404654 596894113.000000 0.000000 0.000000
 362 162 0 162 736 736 629648 627632 266990088.949593 226394607.061699 605129250.000000 0.000000 0.000000
 363 163 0 163 972 972 751936 758272 755892077.417732 234088557.342034 597453030.000000 0.000000 0.000000
 369 164 0 164 1762 1762 769920 774192 372745083.331196 240583077.080784 591059447.000000 0.000000 0.000000
 370 165 0 165 1684 1684 764032 766672 325709786.201767 233551546.829512 597993650.000000 0.000000 0.000000
 371 166 0 166 1410 1410 760896 762960 518931038.817557 239124734.660292 592421474.000000 0.000000 0.000000
 372 167 0 167 948 948 629584 631648 260643589.045574 236650985.816769 594846172.000000 0.000000 0.000000
 378 168 0 168 954 954 636928 635248 6575467.658397 28959356.601097 802504146.000000 0.000000 0.000000
 379 169 0 169 1270 1270 764064 762480 734204029.341959 223636938.965015 607848660.000000 0.000000 0.000000
 380 170 0 170 1506 1506 759744 761376 25259765.249339 44576787.334734 786953171.000000 0.000000 0.000000
 381 171 0 171 980 980 753952 755872 6514936.084667 38059073.195745 793469188.000000 0.000000 0.000000
 387 172 0 172 1702 1702 767456 772976 100897254.139271 121027714.499496 710474154.000000 0.000000 0.000000
 388 173 0 173 846 846 628224 633456 243545094.309984 236477024.941271 594977703.000000 0.000000 0.000000
 389 174 0 174 644 644 504432 504480 451587455.858324 239665276.601699 591771534.000000 0.000000 0.000000
 390 175 0 175 898 898 629008 630592 173258921.347790 77634786.820878 753831248.000000 0.000000 0.000000
 396 176 0 176 1394 1394 646064 640832 395955581.345129 182056407.698253 649868608.000000 0.000000 0.000000
 397 177 0 177 1448 1448 639376 642640 150693716.667767 179546516.535452 651926151.000000 0.000000 0.000000
 398 178 0 178 1090 1090 632064 636576 250226847.884708 184424779.448762 647025429.000000 0.000000 0.000000
 399 179 0 179 964 964 511216 509680 237726705.550269 227075346.109697 604859591.000000 0.000000 0.000000
 405 180 0 180 654 654 386480 380576 305335444.228782 235897597.596111 595556320.000000 0.000000 0.000000
 406 181 0 181 654 654 503696 504848 407994581.118727 183003079.417838 648476104.000000 0.000000 0.000000
 407 182 0 182 734 734 505232 506288 162162505.847096 188519651.778352 643060515.000000 0.000000 0.000000
 408 183 0 183 1032 1032 513760 510208 217730419.725216 161161798.252003 670314894.000000 0.000000 0.000000
 414 184 0 184 778 778 507072 502992 188671128.518224 231441852.988986 600051984.000000 0.000000 0.000000
 415 185 0 185 726 726 379568 380288 155532065.124264 161508020.615846 669876580.000000 0.000000 0.000000
 416 186 0 186 784 784 508000 504880 148110621.643220 182718802.823716 648781901.000000 0.000000 0.000000
 417 187 0 187 1380 1380 636608 637856 409129896.661213 233215150.728142 598559271.000000 0.000000 0.000000
 423 188 0 188 690 690 625216 626992 390605296.033934 162773920.942690 668844185.000000 0.000000 0.000000
 424 189 0 189 682 682 624640 625600 321884260.058102 231005411.273139 600620482.000000 0.000000 0.000000
 425 190 0 190 1206 1206 640240 635248 633682851.376998 228448817.273133 603103811.000000 0.000000 0.000000
 426 191 0 191 728 728 501328 505264 184217061.522801 229834304.254024 601626445.000000 0.000000 0.000000
 432 192 0 192 722 722 504384 505824 6478281.498407 40212706.700553 791313461.000000 0.000000 0.000000
 433 193 0 193 1064 1064 630992 636752 40217404.805938 74239677.542740 757304220.000000 0.000000 0.000000
 434 194 0 194 972 972 633456 631440 364970930.631627 227922187.227479 603722631.000000 0.000000 0.000000
 435 195 0 195 1156 1156 639328 635680 332010052.836872 228740726.097026 602806714.000000 0.000000 0.000000
 441 196 0 196 788 788 623344 629008 237400097.031984 237491654.466550 594057012.000000 0.000000 0.000000
 442 197 0 197 884 884 509120 511712 72134856.303571 121738209.020522 709675798.000000 0.000000 0.000000
 443 198 0 198 950 950 506496 506832 195311766.883390 164852981.949049 666599174.000000 0.000000 0.000000
 444 199 0 199 1086 1086 637728 640224 202246166.979733 161435770.101096 670052538.000000 0.000000 0.000000
 450 200 0 200 1188 1188 639888 638736 292401173.514842 120901134.473685 710630907.000000 0.000000 0.000000
 451 201 0 201 1102 1102 635808 634752 128134173.628126 120543491.012105 710987086.000000 0.000000 0.000000
 452 202 0 202 1612 1612 640704 639600 416119613.896583 226785439.516749 604719130.000000 0.000000 0.000000
 453 203 0 203 694 694 506704 504256 5934487.433559 119756670.042482 711680562.000000 0.000000 0.000000
 459 204 0 204 934 934 504896 508400 98847963.513065 124179853.167353 707237879.000000 0.000000 0.000000
 460 205 0 205 896 896 633104 633152 484472142.571880 187468333.097086 644000311.000000 0.000000 0.000000
 461 206 0 206 1174 1174 626864 633632 457781904.599744 183313263.443394 648613665.000000 0.000000 0.000000
 462 207 0 207 804 804 630752 631856 43780671.438239 77512547.565208 753962904.000000 0.000000 0.000000
 468 208 0 208 970 970 635776 635968 125726343.837575 117885865.401053 713569390.000000 0.000000 0.000000
 469 209 0 209 606 606 507216 505296 270554263.533293 232074612.920262 599862227.000000 0.000000 0.000000
 470 210 0 210 464 464 377376 377184 295807109.096817 162386792.064916 668963302.000000 0.000000 0.000000
 471 211 0 211 736 736 501488 503840 272761873.391719 186983271.444253 644945966.000000 0.000000 0.000000
 477 212 0 212 866 866 503504 507824 18446543.007415 48440692.789753 783490615.000000 0.000000 0.000000
 478 213 0 213 776 776 501200 504656 443203563.339182 237544637.073346 594386814.000000 0.000000 0.000000
 479 214 0 214 576 576 500176 504832 274154388.872036 235392619.937570 596546427.000000 0.000000 0.000000
 480 215 0 215 468 468 375408 379872 262599771.005788 227080580.940407 604858323.000000 0.000000 0.000000