# Format <LP ID> <Terminal ID> <Job ID> <Local Rank> <Total sends> <Total Recvs> <Bytes sent> <Bytes recvd> <Send time> <Comm. time> <Compute time> <Avg msg time> <Max Msg Time>
 0 0 0 0 2863 3952 41403804 41493384 230176075.347122 229115122.369602 12052270539.000000 0.000000 0.000000
 1 1 0 1 3910 4355 50202228 47516016 238712049.605888 237262753.805986 12042832791.000000 0.000000 0.000000
 2 2 0 2 3890 4355 50163564 47087784 189338525.443456 187996753.963266 12096701714.000000 0.000000 0.000000
 3 3 0 3 5680 5429 66742092 52318616 217801518.196753 216409419.564859 12064106448.000000 0.000000 0.000000
 4 4 0 4 3890 4035 49976660 46529232 463684911.851298 462493405.466829 11817192074.000000 0.000000 0.000000
 5 5 0 5 5640 6209 66142876 52231880 235136950.222390 233518110.707067 12046971303.000000 0.000000 0.000000
 6 6 0 6 4680 4629 53313908 45805056 295740702.344718 294260493.641226 11985859258.000000 0.000000 0.000000
 7 7 0 7 8427 7128 71138516 85903088 462847422.678021 461053843.715061 11819790443.000000 0.000000 0.000000
 8 8 0 8 2950 3235 38366068 41432176 297837050.557968 296730961.944715 11981709214.000000 0.000000 0.000000
 9 9 0 9 1903 2352 29392284 35302664 305590019.902424 304932160.049236 11973849455.000000 0.000000 0.000000
 10 10 0 10 4720 4629 55078732 46338456 291110617.232730 289775936.322224 11989512936.000000 0.000000 0.000000
 11 11 0 11 2930 3235 38327404 41003944 321803277.793488 320665412.706226 11958355443.000000 0.000000 0.000000
 12 12 0 12 4700 4629 54136476 46046280 561636844.623974 560170301.295959 11718382659.000000 0.000000 0.000000
 13 13 0 13 2930 3235 38313300 40549072 401948136.853003 400938125.888428 11877783830.000000 0.000000 0.000000
 14 14 0 14 8427 7128 71138516 85903088 434824850.124696 432950424.080101 11846883924.000000 0.000000 0.000000
 15 15 0 15 4680 4629 53313908 45805056 359107146.514387 357531252.899534 11921413901.000000 0.000000 0.000000
 16 16 0 16 2930 3235 38327404 41003944 413120504.167378 411937708.988844 11866707041.000000 0.000000 0.000000
 17 17 0 17 4720 4629 55078732 46338456 482860953.648980 481468929.608332 11797599867.000000 0.000000 0.000000
 18 18 0 18 1903 2352 29392284 35302664 381682349.474903 380806928.921230 11898923060.000000 0.000000 0.000000
 19 19 0 19 2950 3235 38366068 41432176 543726580.459910 542527598.812069 11736984421.000000 0.000000 0.000000
 20 20 0 20 4680 4629 53313908 45805056 355468903.344194 353910614.259850 11925899426.000000 0.000000 0.000000
 21 21 0 21 8427 7128 71138516 85903088 409257619.919325 407322007.465292 11873529726.000000 0.000000 0.000000
 22 22 0 22 2930 3235 38313300 40549072 526888819.565097 525816338.985571 11754101231.000000 0.000000 0.000000
 23 23 0 23 4700 4629 54136476 46046280 318073589.605858 316488713.649330 11963121898.000000 0.000000 0.000000
 24 24 0 24 4720 4629 55078732 46338456 556585796.021709 555110543.501713 11724994642.000000 0.000000 0.000000
 25 25 0 25 2930 3235 38327404 41003944 366200412.127181 364996486.912319 11914459665.000000 0.000000 0.000000
 26 26 0 26 2950 3235 38366068 41432176 375582358.477780 374189344.366646 11905489663.000000 0.000000 0.000000
 27 27 0 27 1903 2352 29392284 35302664 357548393.892612 356665794.233143 11923120190.000000 0.000000 0.000000
 28 28 0 28 8427 7128 71138516 85903088 409222570.850613 406885867.681002 11873827863.000000 0.000000 0.000000
 29 29 0 29 4680 4629 53313908 45805056 330513978.205610 328661843.206818 11951144891.000000 0.000000 0.000000
 30 30 0 30 4700 4629 54136476 46046280 579073313.745505 577000264.441441 11702261594.000000 0.000000 0.000000
 31 31 0 31 2930 3235 38313300 40549072 767321934.128368 766161808.566137 11513916165.000000 0.000000 0.000000
 32 32 0 32 2929 3236 38313296 40549076 495392150.596219 502295421.943972 11779937793.000000 0.000000 0.000000
 33 33 0 33 4699 4630 54136472 46046284 530929590.552031 531744408.038473 11746645445.000000 0.000000 0.000000
 34 34 0 34 4679 4630 53313904 45805060 557041548.656524 565460991.633114 11713521762.000000 0.000000 0.000000
 35 35 0 35 8426 7129 71138512 85903092 464311390.450077 466801408.478518 11813081490.000000 0.000000 0.000000
 36 36 0 36 1902 2353 29392280 35302668 399049047.646299 399705927.023726 11879456402.000000 0.000000 0.000000
 37 37 0 37 2949 3236 38366064 41432180 372533633.745939 373153793.800566 11906240707.000000 0.000000 0.000000
 38 38 0 38 2929 3236 38327400 41003948 422819974.246078 425974429.462553 11853576574.000000 0.000000 0.000000
 39 39 0 39 4719 4630 55078728 46338460 462934525.314836 467345718.192673 11815421381.000000 0.000000 0.000000
 40 40 0 40 4699 4630 54136472 46046284 396528630.734043 402076099.559397 11876267870.000000 0.000000 0.000000
 41 41 0 41 2929 3236 38313296 40549076 416978149.502575 423870521.294687 11855287643.000000 0.000000 0.000000
 42 42 0 42 8426 7129 71138512 85903092 511792814.699113 512341457.928217 11766560158.000000 0.000000 0.000000
 43 43 0 43 4679 4630 53313904 45805060 629487434.887491 633197156.397215 11644978866.000000 0.000000 0.000000
 44 44 0 44 2949 3236 38366064 41432180 453914921.403048 456654577.862482 11824133362.000000 0.000000 0.000000
 45 45 0 45 1902 2353 29392280 35302668 453558686.939094 461903049.011101 11820235226.000000 0.000000 0.000000
 46 46 0 46 4719 4630 55078728 46338460 618892696.634557 623411464.946285 11655685158.000000 0.000000 0.000000
 47 47 0 47 2929 3236 38327400 41003948 422958102.882036 425121554.290380 11853653551.000000 0.000000 0.000000
 48 48 0 48 4679 4630 53313904 45805060 428308718.126419 429300212.560907 11848994781.000000 0.000000 0.000000
 49 49 0 49 8426 7129 71138512 85903092 495922716.327198 501514751.243900 11780512418.000000 0.000000 0.000000
 50 50 0 50 2929 3236 38313296 40549076 541536263.090696 545415617.552338 11732556359.000000 0.000000 0.000000
 51 51 0 51 4699 4630 54136472 46046284 446864367.365008 453955001.574741 11824669661.000000 0.000000 0.000000
 52 52 0 52 2929 3236 38327400 41003948 457618570.243611 465613453.860844 11812573081.000000 0.000000 0.000000
 53 53 0 53 4719 4630 55078728 46338460 488255726.067258 496459410.229673 11782050779.000000 0.000000 0.000000
 61 54 0 54 1902 2353 29392280 35302668 487437772.957718 489559846.524702 11788569173.000000 0.000000 0.000000
 62 55 0 55 2949 3236 38366064 41432180 517427880.014164 522510820.780687 11755581264.000000 0.000000 0.000000
 63 56 0 56 8426 7129 71138512 85903092 695878361.939020 694724086.481161 11582980100.000000 0.000000 0.000000
 64 57 0 57 4679 4630 53313904 45805060 442894600.933484 441982058.186506 11834786672.000000 0.000000 0.000000
 65 58 0 58 4699 4630 54136472 46046284 469835109.201283 471003793.775005 11805683939.000000 0.000000 0.000000
 66 59 0 59 2929 3236 38313296 40549076 482310663.636642 483960901.091105 11793235297.000000 0.000000 0.000000
 67 60 0 60 4719 4630 55078728 46338460 1114657126.755202 1116204609.522463 11158633219.000000 0.000000 0.000000
 68 61 0 61 2929 3236 38327400 41003948 1106318314.227832 1107249896.587559 11167427573.000000 0.000000 0.000000
 69 62 0 62 2949 3236 38366064 41432180 1052835899.542580 1055691055.367723 11218948916.000000 0.000000 0.000000
 70 63 0 63 1902 2353 29392280 35302668 1046875015.206606 1050728926.698765 11224078675.000000 0.000000 0.000000