# Format <LP ID> <Group ID> <Router ID> <Link traffic per router port(s)># Router ports in the order: 10 local channels, 5 global channels
 10 0 0 0 645024 141200 37344 8888 8128 7968 520784 159968 63768 70448 66032 71136 62328 71712
 21 0 1 636176 0 780968 445288 351728 362104 347512 363144 910184 838880 2843936 24 16 40 168
 32 0 2 137568 791728 0 747736 177512 55784 49128 49144 78112 602024 224960 65704 67672 66264 63808
 43 0 3 40552 445504 740272 0 750968 211224 86296 79704 87256 163392 173960 64128 65672 66848 69184
 54 0 4 38816 335056 176584 737016 0 714856 206912 82160 86576 133824 106248 71696 66504 67640 69416
 65 0 5 40816 341640 56160 210352 707840 0 598592 208288 81496 132216 75616 61392 67536 65744 76000
 76 0 6 38344 316080 51304 79520 207672 594632 0 196480 89304 123448 62888 65760 66224 69696 68840
 87 0 7 547920 332024 51592 79848 84384 207136 193272 0 595368 239856 67040 65568 62192 77696 68816
 98 0 8 190624 876288 86352 81192 83992 89520 90744 580624 0 743168 69496 68512 68880 65304 68728
 109 0 9 104200 807024 597328 144360 131832 126488 117656 252600 751216 0 68256 70680 67848 63392 65040
 120 1 0 0 1157032 589088 478400 483600 476312 486432 725696 292152 185344 2713360 93720 89920 83584 76872
 131 1 1 1022872 0 587640 200304 85240 60648 61856 87576 560176 215384 134800 138144 137720 131960 126632
 142 1 2 541880 612648 0 1107200 528368 436280 462680 424584 504936 1253128 2874712 71776 69776 66664 58888
 153 1 3 440656 248760 1062624 0 440448 159008 147424 125416 133664 192576 258680 142840 142136 140648 135680
 164 1 4 442056 121760 528712 439368 0 529432 285816 123208 120736 172680 167280 139128 142904 139776 129424
 175 1 5 447944 121008 413120 161792 527648 0 775616 257856 132840 159920 135928 138120 138200 139592 129064
 186 1 6 454472 132600 413504 155408 282488 778784 0 743576 242672 162256 142248 132832 117528 124656 146328
 197 1 7 716328 116744 395024 129888 124472 249608 748992 0 608960 262152 130648 133488 138296 136376 126792
 208 1 8 295504 594536 468984 130520 132400 126696 246888 597360 0 762864 130848 131288 132648 120904 142136
 219 1 9 195336 274888 1199248 187824 158384 156944 166128 259624 751208 0 131832 133048 132408 141304 147608
 230 2 0 0 1137616 131848 176112 173312 169032 177264 643920 268240 166064 236736 133144 137712 115720 132816
 241 2 1 1191360 0 646232 613632 452632 444256 439920 195712 612656 252544 2827680 71104 80472 78048 72896
 252 2 2 69496 578808 0 762816 197656 87656 63704 52456 58440 568432 131488 136008 136528 141480 119360
 263 2 3 168560 571504 829416 0 1006560 560728 490920 437152 478648 762080 2792936 75328 70944 77624 68968
 274 2 4 171872 417840 245296 990608 0 794184 287928 129032 128216 158192 183352 122352 134392 134480 135024
 285 2 5 172600 408608 124816 572664 764352 0 777968 254968 132408 157744 136360 144688 136888 132344 135336
 296 2 6 187352 402280 122688 453024 291592 772688 0 753312 252592 155784 132272 132240 130880 132672 123936
 307 2 7 637520 189232 92968 407592 139096 254928 746272 0 593960 121800 126712 139464 121000 136488 129592
 318 2 8 276936 611480 95176 439792 115816 134816 244816 591888 0 238840 127872 138168 130344 133392 136928
 329 2 9 172248 264320 626200 704224 157080 145304 156176 124304 240488 0 137784 141264 135704 135696 121712
 340 3 0 0 817760 786344 160904 151928 167976 140656 576168 224288 138760 177664 103888 99072 101264 104320
 351 3 1 824608 0 1112400 261152 143792 125128 91784 88136 545776 241272 267320 108560 94848 98576 104240
 362 3 2 835992 1149872 0 1084264 646624 436456 384720 134008 91096 607024 2726248 47408 39112 41920 46264
 373 3 3 114384 232536 993352 0 985952 224568 78232 87736 83920 103056 102608 104016 110368 107712 101408
 384 3 4 153192 135912 616304 1067656 0 1098992 123416 90416 147984 458848 1467944 72464 71432 77448 75096
 395 3 5 156184 141704 421936 283600 1051272 0 118576 88112 90360 127624 107952 98520 94736 99264 97136
 406 3 6 143864 88472 342000 114408 117880 111704 0 686048 183688 85928 101760 110432 102320 96200 104320
 417 3 7 585128 78720 123952 84496 88336 84264 682624 0 649816 189112 104544 105560 91216 104680 107640
 428 3 8 225888 554016 91040 81312 139568 94536 178256 645856 0 685040 95200 106896 102480 98808 99272
 439 3 9 152400 233632 592344 154544 421248 121456 87560 185272 680128 0 102856 104136 100776 101032 104768
 450 4 0 0 834184 265360 685256 96752 87880 84472 82888 82104 83352 109512 39912 37128 36496 37984
 461 4 1 830712 0 673168 531448 48856 43800 44848 50672 46912 43520 165400 33208 37112 34744 33992
 472 4 2 260096 662128 0 520912 38088 39392 34480 38816 38136 36248 177336 37696 35720 37056 34112
 483 4 3 761496 536136 520888 0 7152 8888 9344 7424 9048 9080 1514632 1032 1024 1032 2816
 494 4 4 22216 31352 16800 768 0 0 0 0 0 0 36264 36512 37384 41856 38832
 505 4 5 84544 46128 36144 8480 0 0 0 0 0 0 33496 37720 34752 35872 37592
 516 4 6 83080 49640 40456 9440 0 0 0 0 0 0 36096 32808 31504 32888 38272
 527 4 7 89288 52712 39728 8768 0 0 0 0 0 0 33712 37096 38224 36824 33824
 538 4 8 86680 46432 42256 7024 0 0 0 0 0 0 34248 34672 31928 38536 37816
 549 4 9 89224 48584 47760 6816 0 0 0 0 0 0 32048 33344 32896 35424 39936
 560 5 0 0 76416 8 0 0 0 0 0 0 0 68288 0 0 0 0
 571 5 1 68264 0 68872 16 0 0 0 0 0 0 144608 0 0 0 0
 582 5 2 24 68192 0 68696 0 0 0 0 0 0 139936 0 0 0 0
 593 5 3 0 0 71056 0 38296 0 0 0 0 0 103088 0 0 0 0
 604 5 4 0 0 0 34376 0 0 0 0 0 0 38296 0 0 0 0
 615 5 5 0 0 0 0 0 0 0 0 0 0 0 0 0 0 0
 626 5 6 0 0 0 0 0 0 0 0 0 0 0 0 0 0 0
 637 5 7 0 0 0 0 0 0 0 0 0 0 0 0 0 0 0
 648 5 8 0 0 0 0 0 0 0 0 0 0 0 0 0 0 0
 659 5 9 0 0 0 0 0 0 0 0 0 0 0 0 0 0 0
 670 6 0 0 63984 8 0 0 0 0 0 0 0 74424 0 0 0 0
 681 6 1 74416 0 69576 40 0 0 0 0 0 0 132840 0 0 0 0
 692 6 2 8 68848 0 65296 0 0 0 0 0 0 132504 0 0 0 0
 703 6 3 0 8 62896 0 40040 0 0 0 0 0 102016 0 0 0 0
 714 6 4 0 0 24 36680 0 0 0 0 0 0 40040 0 0 0 0
 725 6 5 0 0 0 0 0 0 0 0 0 0 0 0 0 0 0
 736 6 6 0 0 0 0 0 0 0 0 0 0 0 0 0 0 0
 747 6 7 0 0 0 0 0 0 0 0 0 0 0 0 0 0 0
 758 6 8 0 0 0 0 0 0 0 0 0 0 0 0 0 0 0
 769 6 9 0 0 0 0 0 0 0 0 0 0 0 0 0 0 0
 780 7 0 0 67736 8 0 0 0 0 0 0 0 63288 0 0 0 0
 791 7 1 63288 0 68512 16 0 0 0 0 0 0 126192 0 0 0 0
 802 7 2 0 58440 0 70320 0 0 0 0 0 0 139240 0 0 0 0
 813 7 3 0 16 70672 0 34816 0 0 0 0 0 104480 0 0 0 0
 824 7 4 0 0 48 34144 0 0 0 0 0 0 34816 0 0 0 0
 835 7 5 0 0 0 0 0 0 0 0 0 0 0 0 0 0 0
 846 7 6 0 0 0 0 0 0 0 0 0 0 0 0 0 0 0
 857 7 7 0 0 0 0 0 0 0 0 0 0 0 0 0 0 0
 868 7 8 0 0 0 0 0 0 0 0 0 0 0 0 0 0 0
 879 7 9 0 0 0 0 0 0 0 0 0 0 0 0 0 0 0
 890 8 0 0 69816 40 0 0 0 0 0 0 0 69440 0 0 0 0
 901 8 1 69440 0 62832 16 0 0 0 0 0 0 133696 0 0 0 0
 912 8 2 0 63880 0 64720 0 0 0 0 0 0 122672 0 0 0 0
 923 8 3 0 0 59784 0 35928 0 0 0 0 0 98968 0 0 0 0
 934 8 4 0 0 16 34232 0 0 0 0 0 0 35928 0 0 0 0
 945 8 5 0 0 0 0 0 0 0 0 0 0 0 0 0 0 0
 956 8 6 0 0 0 0 0 0 0 0 0 0 0 0 0 0 0
 967 8 7 0 0 0 0 0 0 0 0 0 0 0 0 0 0 0
 978 8 8 0 0 0 0 0 0 0 0 0 0 0 0 0 0 0
 989 8 9 0 0 0 0 0 0 0 0 0 0 0 0 0 0 0
 1000 9 0 0 69968 40 0 0 0 0 0 0 0 64440 0 0 0 0
 1011 9 1 64432 0 68248 16 0 0 0 0 0 0 141176 0 0 0 0
 1022 9 2 8 71208 0 67488 16 0 0 0 0 0 131736 0 0 0 0
 1033 9 3 0 0 63448 0 40720 0 0 0 0 0 99552 0 0 0 0
 1044 9 4 0 0 0 32048 0 0 0 0 0 0 40736 0 0 0 0
 1055 9 5 0 0 0 0 0 0 0 0 0 0 0 0 0 0 0
 1066 9 6 0 0 0 0 0 0 0 0 0 0 0 0 0 0 0
 1077 9 7 0 0 0 0 0 0 0 0 0 0 0 0 0 0 0
 1088 9 8 0 0 0 0 0 0 0 0 0 0 0 0 0 0 0
 1099 9 9 0 0 0 0 0 0 0 0 0 0 0 0 0 0 0
 1110 10 0 0 66536 0 0 0 0 0 0 0 0 21344 0 0 0 0
 1121 10 1 21336 0 73608 0 0 0 0 0 0 0 137912 0 0 0 0
 1132 10 2 0 71368 0 63160 0 0 0 0 0 0 138096 0 0 0 0
 1143 10 3 8 8 64488 0 40088 0 0 0 0 0 103416 0 0 0 0
 1154 10 4 0 0 0 40256 0 0 0 0 0 0 40088 0 0 0 0
 1165 10 5 0 0 0 0 0 0 0 0 0 0 0 0 0 0 0
 1176 10 6 0 0 0 0 0 0 0 0 0 0 0 0 0 0 0
 1187 10 7 0 0 0 0 0 0 0 0 0 0 0 0 0 0 0
 1198 10 8 0 0 0 0 0 0 0 0 0 0 0 0 0 0 0
 1209 10 9 0 0 0 0 0 0 0 0 0 0 0 0 0 0 0
 1220 11 0 0 16 8 0 0 0 0 0 0 0 64424 0 0 0 0
 1231 11 1 64408 0 74032 8 8 0 0 0 0 0 9256 0 0 0 0
 1242 11 2 16 9240 0 63032 0 0 0 0 0 0 144648 0 0 0 0
 1253 11 3 0 0 70608 0 38680 0 0 0 0 0 96912 0 0 0 0
 1264 11 4 0 0 0 33872 0 0 0 0 0 0 38688 0 0 0 0
 1275 11 5 0 0 0 0 0 0 0 0 0 0 0 0 0 0 0
 1286 11 6 0 0 0 0 0 0 0 0 0 0 0 0 0 0 0
 1297 11 7 0 0 0 0 0 0 0 0 0 0 0 0 0 0 0
 1308 11 8 0 0 0 0 0 0 0 0 0 0 0 0 0 0 0
 1319 11 9 0 0 0 0 0 0 0 0 0 0 0 0 0 0 0
 1330 12 0 0 66712 0 0 0 0 0 0 0 0 71696 0 0 0 0
 1341 12 1 71688 0 1048 32 0 0 0 0 0 0 134208 0 0 0 0
 1352 12 2 0 67488 0 70152 0 0 0 0 0 0 10096 0 0 0 0
 1363 12 3 8 8 9048 0 39056 0 0 0 0 0 108024 0 0 0 0
 1374 12 4 0 0 0 37840 0 0 0 0 0 0 39056 0 0 0 0
 1385 12 5 0 0 0 0 0 0 0 0 0 0 0 0 0 0 0
 1396 12 6 0 0 0 0 0 0 0 0 0 0 0 0 0 0 0
 1407 12 7 0 0 0 0 0 0 0 0 0 0 0 0 0 0 0
 1418 12 8 0 0 0 0 0 0 0 0 0 0 0 0 0 0 0
 1429 12 9 0 0 0 0 0 0 0 0 0 0 0 0 0 0 0
 1440 13 0 0 64296 0 0 0 0 0 0 0 0 74504 0 0 0 0
 1451 13 1 74504 0 69296 0 0 0 0 0 0 0 130792 0 0 0 0
 1462 13 2 0 66480 0 9696 0 0 0 0 0 0 137656 0 0 0 0
 1473 13 3 0 16 68352 0 36432 0 0 0 0 0 10720 0 0 0 0
 1484 13 4 0 0 8 1024 0 0 0 0 0 0 36432 0 0 0 0
 1495 13 5 0 0 0 0 0 0 0 0 0 0 0 0 0 0 0
 1506 13 6 0 0 0 0 0 0 0 0 0 0 0 0 0 0 0
 1517 13 7 0 0 0 0 0 0 0 0 0 0 0 0 0 0 0
 1528 13 8 0 0 0 0 0 0 0 0 0 0 0 0 0 0 0
 1539 13 9 0 0 0 0 0 0 0 0 0 0 0 0 0 0 0
 1550 14 0 0 72832 8 0 0 0 0 0 0 0 64744 0 0 0 0
 1561 14 1 64744 0 75504 0 0 0 0 0 0 0 140616 0 0 0 0
 1572 14 2 0 67784 0 54768 0 0 0 0 0 0 139760 0 0 0 0
 1583 14 3 0 0 64248 0 8928 0 0 0 0 0 91576 0 0 0 0
 1594 14 4 0 0 0 36808 0 0 0 0 0 0 8928 0 0 0 0
 1605 14 5 0 0 0 0 0 0 0 0 0 0 0 0 0 0 0
 1616 14 6 0 0 0 0 0 0 0 0 0 0 0 0 0 0 0
 1627 14 7 0 0 0 0 0 0 0 0 0 0 0 0 0 0 0
 1638 14 8 0 0 0 0 0 0 0 0 0 0 0 0 0 0 0
 1649 14 9 0 0 0 0 0 0 0 0 0 0 0 0 0 0 0
 1660 15 0 0 61680 16 0 0 0 0 0 0 0 67896 0 0 0 0
 1671 15 1 67888 0 70776 0 0 0 0 0 0 0 135992 0 0 0 0
 1682 15 2 8 74304 0 73288 0 0 0 0 0 0 134840 0 0 0 0
 1693 15 3 0 8 64048 0 35208 0 0 0 0 0 111248 0 0 0 0
 1704 15 4 0 0 0 37960 0 0 0 0 0 0 35208 0 0 0 0
 1715 15 5 0 0 0 0 0 0 0 0 0 0 0 0 0 0 0
 1726 15 6 0 0 0 0 0 0 0 0 0 0 0 0 0 0 0
 1737 15 7 0 0 0 0 0 0 0 0 0 0 0 0 0 0 0
 1748 15 8 0 0 0 0 0 0 0 0 0 0 0 0 0 0 0
 1759 15 9 0 0 0 0 0 0 0 0 0 0 0 0 0 0 0
 1770 16 0 0 66416 16 0 0 0 0 0 0 0 65048 0 0 0 0
 1781 16 1 65048 0 69264 24 0 0 0 0 0 0 132472 0 0 0 0
 1792 16 2 0 66008 0 66752 0 0 0 0 0 0 142944 0 0 0 0
 1803 16 3 0 48 73664 0 38408 0 0 0 0 0 99800 0 0 0 0
 1814 16 4 0 0 0 33024 0 0 0 0 0 0 38408 0 0 0 0
 1825 16 5 0 0 0 0 0 0 0 0 0 0 0 0 0 0 0
 1836 16 6 0 0 0 0 0 0 0 0 0 0 0 0 0 0 0
 1847 16 7 0 0 0 0 0 0 0 0 0 0 0 0 0 0 0
 1858 16 8 0 0 0 0 0 0 0 0 0 0 0 0 0 0 0
 1869 16 9 0 0 0 0 0 0 0 0 0 0 0 0 0 0 0
 1880 17 0 0 66328 16 8 0 0 0 0 0 0 69032 0 0 0 0
 1891 17 1 69032 0 65784 88 0 0 0 0 0 0 133456 0 0 0 0
 1902 17 2 0 67128 0 72864 0 0 0 0 0 0 134088 0 0 0 0
 1913 17 3 0 0 68288 0 38616 0 0 0 0 0 110352 0 0 0 0
 1924 17 4 0 0 0 37392 0 0 0 0 0 0 38616 0 0 0 0
 1935 17 5 0 0 0 0 0 0 0 0 0 0 0 0 0 0 0
 1946 17 6 0 0 0 0 0 0 0 0 0 0 0 0 0 0 0
 1957 17 7 0 0 0 0 0 0 0 0 0 0 0 0 0 0 0
 1968 17 8 0 0 0 0 0 0 0 0 0 0 0 0 0 0 0
 1979 17 9 0 0 0 0 0 0 0 0 0 0 0 0 0 0 0
 1990 18 0 0 68912 8 0 0 0 0 0 0 0 67768 0 0 0 0
 2001 18 1 67736 0 64616 40 0 0 0 0 0 0 138496 0 0 0 0
 2012 18 2 32 69576 0 69544 32 0 0 0 0 0 133432 0 0 0 0
 2023 18 3 0 8 68808 0 38336 0 0 0 0 0 104256 0 0 0 0
 2034 18 4 0 0 0 34672 0 0 0 0 0 0 38368 0 0 0 0
 2045 18 5 0 0 0 0 0 0 0 0 0 0 0 0 0 0 0
 2056 18 6 0 0 0 0 0 0 0 0 0 0 0 0 0 0 0
 2067 18 7 0 0 0 0 0 0 0 0 0 0 0 0 0 0 0
 2078 18 8 0 0 0 0 0 0 0 0 0 0 0 0 0 0 0
 2089 18 9 0 0 0 0 0 0 0 0 0 0 0 0 0 0 0
 2100 19 0 0 71296 8 0 0 0 0 0 0 0 62400 0 0 0 0
 2111 19 1 62392 0 72112 8 16 0 0 0 0 0 138704 0 0 0 0
 2122 19 2 8 67400 0 74576 0 0 0 0 0 0 136752 0 0 0 0
 2133 19 3 0 8 64632 0 40536 0 0 0 0 0 107928 0 0 0 0
 2144 19 4 0 0 0 33344 0 0 0 0 0 0 40552 0 0 0 0
 2155 19 5 0 0 0 0 0 0 0 0 0 0 0 0 0 0 0
 2166 19 6 0 0 0 0 0 0 0 0 0 0 0 0 0 0 0
 2177 19 7 0 0 0 0 0 0 0 0 0 0 0 0 0 0 0
 2188 19 8 0 0 0 0 0 0 0 0 0 0 0 0 0 0 0
 2199 19 9 0 0 0 0 0 0 0 0 0 0 0 0 0 0 0
 2210 20 0 0 71896 8 0 0 0 0 0 0 0 21408 0 0 0 0
 2221 20 1 21376 0 69592 32 0 0 0 0 0 0 140656 0 0 0 0
 2232 20 2 32 68760 0 69784 8 0 0 0 0 0 136920 0 0 0 0
 2243 20 3 0 0 67312 0 33744 0 0 0 0 0 107472 0 0 0 0
 2254 20 4 0 0 8 37656 0 0 0 0 0 0 33752 0 0 0 0
 2265 20 5 0 0 0 0 0 0 0 0 0 0 0 0 0 0 0
 2276 20 6 0 0 0 0 0 0 0 0 0 0 0 0 0 0 0
 2287 20 7 0 0 0 0 0 0 0 0 0 0 0 0 0 0 0
 2298 20 8 0 0 0 0 0 0 0 0 0 0 0 0 0 0 0
 2309 20 9 0 0 0 0 0 0 0 0 0 0 0 0 0 0 0
 2320 21 0 0 16 0 0 0 0 0 0 0 0 66544 0 0 0 0
 2331 21 1 66504 0 72504 40 0 0 0 0 0 0 11128 0 0 0 0
 2342 21 2 40 11104 0 69648 0 0 0 0 0 0 134728 0 0 0 0
 2353 21 3 0 8 62224 0 33208 0 0 0 0 0 106976 0 0 0 0
 2364 21 4 0 0 0 37288 0 0 0 0 0 0 33208 0 0 0 0
 2375 21 5 0 0 0 0 0 0 0 0 0 0 0 0 0 0 0
 2386 21 6 0 0 0 0 0 0 0 0 0 0 0 0 0 0 0
 2397 21 7 0 0 0 0 0 0 0 0 0 0 0 0 0 0 0
 2408 21 8 0 0 0 0 0 0 0 0 0 0 0 0 0 0 0
 2419 21 9 0 0 0 0 0 0 0 0 0 0 0 0 0 0 0
 2430 22 0 0 68368 0 0 0 0 0 0 0 0 68272 0 0 0 0
 2441 22 1 68256 0 2320 8 0 0 0 0 0 0 142544 0 0 0 0
 2452 22 2 8 74152 0 63584 0 0 0 0 0 0 9568 0 0 0 0
 2463 22 3 8 24 7248 0 32128 0 0 0 0 0 99536 0 0 0 0
 2474 22 4 0 0 0 35944 0 0 0 0 0 0 32128 0 0 0 0
 2485 22 5 0 0 0 0 0 0 0 0 0 0 0 0 0 0 0
 2496 22 6 0 0 0 0 0 0 0 0 0 0 0 0 0 0 0
 2507 22 7 0 0 0 0 0 0 0 0 0 0 0 0 0 0 0
 2518 22 8 0 0 0 0 0 0 0 0 0 0 0 0 0 0 0
 2529 22 9 0 0 0 0 0 0 0 0 0 0 0 0 0 0 0
 2540 23 0 0 66624 0 0 0 0 0 0 0 0 73248 0 0 0 0
 2551 23 1 73248 0 70160 0 0 0 0 0 0 0 129464 0 0 0 0
 2562 23 2 0 62840 0 9112 8 0 0 0 0 0 143400 0 0 0 0
 2573 23 3 0 0 73240 0 37144 0 0 0 0 0 10136 0 0 0 0
 2584 23 4 0 0 0 1024 0 0 0 0 0 0 37152 0 0 0 0
 2595 23 5 0 0 0 0 0 0 0 0 0 0 0 0 0 0 0
 2606 23 6 0 0 0 0 0 0 0 0 0 0 0 0 0 0 0
 2617 23 7 0 0 0 0 0 0 0 0 0 0 0 0 0 0 0
 2628 23 8 0 0 0 0 0 0 0 0 0 0 0 0 0 0 0
 2639 23 9 0 0 0 0 0 0 0 0 0 0 0 0 0 0 0
 2650 24 0 0 67672 0 0 0 0 0 0 0 0 77104 0 0 0 0
 2661 24 1 77104 0 66880 0 0 0 0 0 0 0 138776 0 0 0 0
 2672 24 2 0 71064 0 64520 0 0 0 0 0 0 131360 0 0 0 0
 2683 24 3 0 40 64480 0 7024 0 0 0 0 0 102160 0 0 0 0
 2694 24 4 0 0 0 37640 0 0 0 0 0 0 7024 0 0 0 0
 2705 24 5 0 0 0 0 0 0 0 0 0 0 0 0 0 0 0
 2716 24 6 0 0 0 0 0 0 0 0 0 0 0 0 0 0 0
 2727 24 7 0 0 0 0 0 0 0 0 0 0 0 0 0 0 0
 2738 24 8 0 0 0 0 0 0 0 0 0 0 0 0 0 0 0
 2749 24 9 0 0 0 0 0 0 0 0 0 0 0 0 0 0 0
 2760 25 0 0 68304 24 0 0 0 0 0 0 0 66416 0 0 0 0
 2771 25 1 66416 0 71752 0 0 0 0 0 0 0 138056 0 0 0 0
 2782 25 2 0 69744 0 68376 0 0 0 0 0 0 134632 0 0 0 0
 2793 25 3 0 8 62856 0 33720 0 0 0 0 0 103088 0 0 0 0
 2804 25 4 0 0 0 34712 0 0 0 0 0 0 33720 0 0 0 0
 2815 25 5 0 0 0 0 0 0 0 0 0 0 0 0 0 0 0
 2826 25 6 0 0 0 0 0 0 0 0 0 0 0 0 0 0 0
 2837 25 7 0 0 0 0 0 0 0 0 0 0 0 0 0 0 0
 2848 25 8 0 0 0 0 0 0 0 0 0 0 0 0 0 0 0
 2859 25 9 0 0 0 0 0 0 0 0 0 0 0 0 0 0 0
 2870 26 0 0 67704 0 0 0 0 0 0 0 0 58448 0 0 0 0
 2881 26 1 58440 0 60864 0 0 0 0 0 0 0 139376 0 0 0 0
 2892 26 2 8 71664 0 60504 8 0 0 0 0 0 128376 0 0 0 0
 2903 26 3 0 8 67512 0 35816 0 0 0 0 0 92552 0 0 0 0
 2914 26 4 0 0 0 32048 0 0 0 0 0 0 35824 0 0 0 0
 2925 26 5 0 0 0 0 0 0 0 0 0 0 0 0 0 0 0
 2936 26 6 0 0 0 0 0 0 0 0 0 0 0 0 0 0 0
 2947 26 7 0 0 0 0 0 0 0 0 0 0 0 0 0 0 0
 2958 26 8 0 0 0 0 0 0 0 0 0 0 0 0 0 0 0
 2969 26 9 0 0 0 0 0 0 0 0 0 0 0 0 0 0 0
 2980 27 0 0 63088 0 0 0 0 0 0 0 0 69480 0 0 0 0
 2991 27 1 69464 0 69504 16 0 0 0 0 0 0 129376 0 0 0 0
 3002 27 2 16 66288 0 55200 8 0 0 0 0 0 126920 0 0 0 0
 3013 27 3 0 0 57384 0 34424 0 0 0 0 0 93840 0 0 0 0
 3024 27 4 0 0 32 38624 0 0 0 0 0 0 34432 0 0 0 0
 3035 27 5 0 0 0 0 0 0 0 0 0 0 0 0 0 0 0
 3046 27 6 0 0 0 0 0 0 0 0 0 0 0 0 0 0 0
 3057 27 7 0 0 0 0 0 0 0 0 0 0 0 0 0 0 0
 3068 27 8 0 0 0 0 0 0 0 0 0 0 0 0 0 0 0
 3079 27 9 0 0 0 0 0 0 0 0 0 0 0 0 0 0 0
 3090 28 0 0 69568 8 0 0 0 0 0 0 0 63104 0 0 0 0
 3101 28 1 63080 0 72080 8 0 0 0 0 0 0 135968 0 0 0 0
 3112 28 2 24 66392 0 64976 0 0 0 0 0 0 138616 0 0 0 0
 3123 28 3 0 8 66528 0 36968 0 0 0 0 0 96912 0 0 0 0
 3134 28 4 0 0 0 31928 0 0 0 0 0 0 36968 0 0 0 0
 3145 28 5 0 0 0 0 0 0 0 0 0 0 0 0 0 0 0
 3156 28 6 0 0 0 0 0 0 0 0 0 0 0 0 0 0 0
 3167 28 7 0 0 0 0 0 0 0 0 0 0 0 0 0 0 0
 3178 28 8 0 0 0 0 0 0 0 0 0 0 0 0 0 0 0
 3189 28 9 0 0 0 0 0 0 0 0 0 0 0 0 0 0 0
 3200 29 0 0 68400 32 0 0 0 0 0 0 0 68248 0 0 0 0
 3211 29 1 68248 0 66216 32 0 0 0 0 0 0 141104 0 0 0 0
 3222 29 2 0 72680 0 64240 0 0 0 0 0 0 132760 0 0 0 0
 3233 29 3 0 24 66504 0 35056 0 0 0 0 0 97160 0 0 0 0
 3244 29 4 0 0 8 32888 0 0 0 0 0 0 35056 0 0 0 0
 3255 29 5 0 0 0 0 0 0 0 0 0 0 0 0 0 0 0
 3266 29 6 0 0 0 0 0 0 0 0 0 0 0 0 0 0 0
 3277 29 7 0 0 0 0 0 0 0 0 0 0 0 0 0 0 0
 3288 29 8 0 0 0 0 0 0 0 0 0 0 0 0 0 0 0
 3299 29 9 0 0 0 0 0 0 0 0 0 0 0 0 0 0 0
 3310 30 0 0 62768 8 0 0 0 0 0 0 0 17544 0 0 0 0
 3321 30 1 17536 0 67520 0 0 0 0 0 0 0 125320 0 0 0 0
 3332 30 2 0 62544 0 54504 8 0 0 0 0 0 131944 0 0 0 0
 3343 30 3 8 8 64416 0 38480 0 0 0 0 0 91008 0 0 0 0
 3354 30 4 0 0 0 36504 0 0 0 0 0 0 38488 0 0 0 0
 3365 30 5 0 0 0 0 0 0 0 0 0 0 0 0 0 0 0
 3376 30 6 0 0 0 0 0 0 0 0 0 0 0 0 0 0 0
 3387 30 7 0 0 0 0 0 0 0 0 0 0 0 0 0 0 0
 3398 30 8 0 0 0 0 0 0 0 0 0 0 0 0 0 0 0
 3409 30 9 0 0 0 0 0 0 0 0 0 0 0 0 0 0 0
 3420 31 0 0 16 24 0 0 0 0 0 0 0 66640 0 0 0 0
 3431 31 1 66632 0 67776 8 0 0 0 0 0 0 12048 0 0 0 0
 3442 31 2 8 12032 0 66304 8 0 0 0 0 0 127464 0 0 0 0
 3453 31 3 0 0 59664 0 39208 0 0 0 0 0 101680 0 0 0 0
 3464 31 4 0 0 0 35368 0 0 0 0 0 0 39216 0 0 0 0
 3475 31 5 0 0 0 0 0 0 0 0 0 0 0 0 0 0 0
 3486 31 6 0 0 0 0 0 0 0 0 0 0 0 0 0 0 0
 3497 31 7 0 0 0 0 0 0 0 0 0 0 0 0 0 0 0
 3508 31 8 0 0 0 0 0 0 0 0 0 0 0 0 0 0 0
 3519 31 9 0 0 0 0 0 0 0 0 0 0 0 0 0 0 0
 3530 32 0 0 66720 0 0 0 0 0 0 0 0 65904 0 0 0 0
 3541 32 1 65904 0 1632 8 8 0 0 0 0 0 132224 0 0 0 0
 3552 32 2 0 65496 0 78368 24 0 0 0 0 0 12096 0 0 0 0
 3563 32 3 0 8 10464 0 31744 0 0 0 0 0 115576 0 0 0 0
 3574 32 4 0 0 0 37200 0 0 0 0 0 0 31776 0 0 0 0
 3585 32 5 0 0 0 0 0 0 0 0 0 0 0 0 0 0 0
 3596 32 6 0 0 0 0 0 0 0 0 0 0 0 0 0 0 0
 3607 32 7 0 0 0 0 0 0 0 0 0 0 0 0 0 0 0
 3618 32 8 0 0 0 0 0 0 0 0 0 0 0 0 0 0 0
 3629 32 9 0 0 0 0 0 0 0 0 0 0 0 0 0 0 0
 3640 33 0 0 68088 8 0 0 0 0 0 0 0 74304 0 0 0 0
 3651 33 1 74264 0 67616 0 0 0 0 0 0 0 137104 0 0 0 0
 3662 33 2 40 68976 0 9216 0 0 0 0 0 0 141496 0 0 0 0
 3673 33 3 0 32 73872 0 34616 0 0 0 0 0 10240 0 0 0 0
 3684 33 4 0 8 0 1024 0 0 0 0 0 0 34616 0 0 0 0
 3695 33 5 0 0 0 0 0 0 0 0 0 0 0 0 0 0 0
 3706 33 6 0 0 0 0 0 0 0 0 0 0 0 0 0 0 0
 3717 33 7 0 0 0 0 0 0 0 0 0 0 0 0 0 0 0
 3728 33 8 0 0 0 0 0 0 0 0 0 0 0 0 0 0 0
 3739 33 9 0 0 0 0 0 0 0 0 0 0 0 0 0 0 0
 3750 34 0 0 68880 24 0 0 0 0 0 0 0 69928 0 0 0 0
 3761 34 1 69904 0 70632 8 0 0 0 0 0 0 139464 0 0 0 0
 3772 34 2 24 70584 0 65920 0 0 0 0 0 0 139120 0 0 0 0
 3783 34 3 0 0 68448 0 9864 0 0 0 0 0 107768 0 0 0 0
 3794 34 4 0 0 16 41840 0 0 0 0 0 0 9864 0 0 0 0
 3805 34 5 0 0 0 0 0 0 0 0 0 0 0 0 0 0 0
 3816 34 6 0 0 0 0 0 0 0 0 0 0 0 0 0 0 0
 3827 34 7 0 0 0 0 0 0 0 0 0 0 0 0 0 0 0
 3838 34 8 0 0 0 0 0 0 0 0 0 0 0 0 0 0 0
 3849 34 9 0 0 0 0 0 0 0 0 0 0 0 0 0 0 0
 3860 35 0 0 66136 16 0 0 0 0 0 0 0 73080 0 0 0 0
 3871 35 1 73072 0 68216 0 0 0 0 0 0 0 133640 0 0 0 0
 3882 35 2 8 67480 0 66488 0 0 0 0 0 0 129256 0 0 0 0
 3893 35 3 0 24 61024 0 37688 0 0 0 0 0 102488 0 0 0 0
 3904 35 4 0 0 0 36000 0 0 0 0 0 0 37688 0 0 0 0
 3915 35 5 0 0 0 0 0 0 0 0 0 0 0 0 0 0 0
 3926 35 6 0 0 0 0 0 0 0 0 0 0 0 0 0 0 0
 3937 35 7 0 0 0 0 0 0 0 0 0 0 0 0 0 0 0
 3948 35 8 0 0 0 0 0 0 0 0 0 0 0 0 0 0 0
 3959 35 9 0 0 0 0 0 0 0 0 0 0 0 0 0 0 0
 3970 36 0 0 69760 0 0 0 0 0 0 0 0 62992 0 0 0 0
 3981 36 1 62968 0 63976 0 0 0 0 0 0 0 137240 0 0 0 0
 3992 36 2 16 67456 0 66336 0 0 0 0 0 0 127616 0 0 0 0
 4003 36 3 8 24 63640 0 33488 0 0 0 0 0 99392 0 0 0 0
 4014 36 4 0 0 0 33056 0 0 0 0 0 0 33488 0 0 0 0
 4025 36 5 0 0 0 0 0 0 0 0 0 0 0 0 0 0 0
 4036 36 6 0 0 0 0 0 0 0 0 0 0 0 0 0 0 0
 4047 36 7 0 0 0 0 0 0 0 0 0 0 0 0 0 0 0
 4058 36 8 0 0 0 0 0 0 0 0 0 0 0 0 0 0 0
 4069 36 9 0 0 0 0 0 0 0 0 0 0 0 0 0 0 0
 4080 37 0 0 78400 0 0 0 0 0 0 0 0 68376 0 0 0 0
 4091 37 1 68360 0 68280 0 0 0 0 0 0 0 146096 0 0 0 0
 4102 37 2 16 67688 0 69816 0 0 0 0 0 0 132792 0 0 0 0
 4113 37 3 0 8 64512 0 41648 0 0 0 0 0 107352 0 0 0 0
 4124 37 4 0 0 0 37536 0 0 0 0 0 0 41648 0 0 0 0
 4135 37 5 0 0 0 0 0 0 0 0 0 0 0 0 0 0 0
 4146 37 6 0 0 0 0 0 0 0 0 0 0 0 0 0 0 0
 4157 37 7 0 0 0 0 0 0 0 0 0 0 0 0 0 0 0
 4168 37 8 0 0 0 0 0 0 0 0 0 0 0 0 0 0 0
 4179 37 9 0 0 0 0 0 0 0 0 0 0 0 0 0 0 0
 4190 38 0 0 66464 24 0 0 0 0 0 0 0 54944 0 0 0 0
 4201 38 1 54936 0 67008 24 0 0 0 0 0 0 134336 0 0 0 0
 4212 38 2 8 67872 0 66728 0 0 0 0 0 0 130800 0 0 0 0
 4223 38 3 0 0 63744 0 35256 0 0 0 0 0 105264 0 0 0 0
 4234 38 4 0 0 24 38512 0 0 0 0 0 0 35256 0 0 0 0
 4245 38 5 0 0 0 0 0 0 0 0 0 0 0 0 0 0 0
 4256 38 6 0 0 0 0 0 0 0 0 0 0 0 0 0 0 0
 4267 38 7 0 0 0 0 0 0 0 0 0 0 0 0 0 0 0
 4278 38 8 0 0 0 0 0 0 0 0 0 0 0 0 0 0 0
 4289 38 9 0 0 0 0 0 0 0 0 0 0 0 0 0 0 0
 4300 39 0 0 64256 0 0 0 0 0 0 0 0 69240 0 0 0 0
 4311 39 1 69224 0 73064 24 24 0 0 0 0 0 128888 0 0 0 0
 4322 39 2 8 64624 0 71952 0 0 0 0 0 0 135136 0 0 0 0
 4333 39 3 8 8 62072 0 39592 0 0 0 0 0 107400 0 0 0 0
 4344 39 4 0 0 0 35424 0 0 0 0 0 0 39616 0 0 0 0
 4355 39 5 0 0 0 0 0 0 0 0 0 0 0 0 0 0 0
 4366 39 6 0 0 0 0 0 0 0 0 0 0 0 0 0 0 0
 4377 39 7 0 0 0 0 0 0 0 0 0 0 0 0 0 0 0
 4388 39 8 0 0 0 0 0 0 0 0 0 0 0 0 0 0 0
 4399 39 9 0 0 0 0 0 0 0 0 0 0 0 0 0 0 0
 4410 40 0 0 72776 0 0 0 0 0 0 0 0 13752 0 0 0 0
 4421 40 1 13736 0 63440 24 0 0 0 0 0 0 145736 0 0 0 0
 4432 40 2 16 72936 0 62416 8 0 0 0 0 0 128480 0 0 0 0
 4443 40 3 0 24 65040 0 40056 0 0 0 0 0 100448 0 0 0 0
 4454 40 4 0 0 0 38008 0 0 0 0 0 0 40064 0 0 0 0
 4465 40 5 0 0 0 0 0 0 0 0 0 0 0 0 0 0 0
 4476 40 6 0 0 0 0 0 0 0 0 0 0 0 0 0 0 0
 4487 40 7 0 0 0 0 0 0 0 0 0 0 0 0 0 0 0
 4498 40 8 0 0 0 0 0 0 0 0 0 0 0 0 0 0 0
 4509 40 9 0 0 0 0 0 0 0 0 0 0 0 0 0 0 0
 4520 41 0 0 160 8 0 0 0 0 0 0 0 69952 0 0 0 0
 4531 41 1 69920 0 58016 8 0 0 0 0 0 0 8560 0 0 0 0
 4542 41 2 24 8400 0 64808 0 0 0 0 0 0 125848 0 0 0 0
 4553 41 3 8 0 67824 0 37144 0 0 0 0 0 98920 0 0 0 0
 4564 41 4 0 0 0 34104 0 0 0 0 0 0 37144 0 0 0 0
 4575 41 5 0 0 0 0 0 0 0 0 0 0 0 0 0 0 0
 4586 41 6 0 0 0 0 0 0 0 0 0 0 0 0 0 0 0
 4597 41 7 0 0 0 0 0 0 0 0 0 0 0 0 0 0 0
 4608 41 8 0 0 0 0 0 0 0 0 0 0 0 0 0 0 0
 4619 41 9 0 0 0 0 0 0 0 0 0 0 0 0 0 0 0
 4630 42 0 0 64576 0 0 0 0 0 0 0 0 56928 0 0 0 0
 4641 42 1 56912 0 2344 8 0 0 0 0 0 0 126952 0 0 0 0
 4652 42 2 16 62352 0 58368 40 0 0 0 0 0 12576 0 0 0 0
 4663 42 3 0 24 10232 0 36696 0 0 0 0 0 92472 0 0 0 0
 4674 42 4 0 0 0 34096 0 0 0 0 0 0 36736 0 0 0 0
 4685 42 5 0 0 0 0 0 0 0 0 0 0 0 0 0 0 0
 4696 42 6 0 0 0 0 0 0 0 0 0 0 0 0 0 0 0
 4707 42 7 0 0 0 0 0 0 0 0 0 0 0 0 0 0 0
 4718 42 8 0 0 0 0 0 0 0 0 0 0 0 0 0 0 0
 4729 42 9 0 0 0 0 0 0 0 0 0 0 0 0 0 0 0
 4740 43 0 0 70496 8 0 0 0 0 0 0 0 67312 0 0 0 0
 4751 43 1 67312 0 69384 0 0 0 0 0 0 0 132200 0 0 0 0
 4762 43 2 0 61704 0 7968 0 0 0 0 0 0 132840 0 0 0 0
 4773 43 3 0 0 63448 0 39760 0 0 0 0 0 10784 0 0 0 0
 4784 43 4 0 0 0 2816 0 0 0 0 0 0 39760 0 0 0 0
 4795 43 5 0 0 0 0 0 0 0 0 0 0 0 0 0 0 0
 4806 43 6 0 0 0 0 0 0 0 0 0 0 0 0 0 0 0
 4817 43 7 0 0 0 0 0 0 0 0 0 0 0 0 0 0 0
 4828 43 8 0 0 0 0 0 0 0 0 0 0 0 0 0 0 0
 4839 43 9 0 0 0 0 0 0 0 0 0 0 0 0 0 0 0
 4850 44 0 0 70184 0 0 0 0 0 0 0 0 66216 0 0 0 0
 4861 44 1 66216 0 65432 0 0 0 0 0 0 0 138816 0 0 0 0
 4872 44 2 0 68624 0 67176 0 0 0 0 0 0 134144 0 0 0 0
 4883 44 3 0 8 68704 0 6696 0 0 0 0 0 106472 0 0 0 0
 4894 44 4 0 0 8 39296 0 0 0 0 0 0 6696 0 0 0 0
 4905 44 5 0 0 0 0 0 0 0 0 0 0 0 0 0 0 0
 4916 44 6 0 0 0 0 0 0 0 0 0 0 0 0 0 0 0
 4927 44 7 0 0 0 0 0 0 0 0 0 0 0 0 0 0 0
 4938 44 8 0 0 0 0 0 0 0 0 0 0 0 0 0 0 0
 4949 44 9 0 0 0 0 0 0 0 0 0 0 0 0 0 0 0
 4960 45 0 0 77480 0 0 0 0 0 0 0 0 66400 0 0 0 0
 4971 45 1 66376 0 63704 8 0 0 0 0 0 0 145024 0 0 0 0
 4982 45 2 24 67488 0 68328 24 0 0 0 0 0 129512 0 0 0 0
 4993 45 3 0 56 65808 0 32272 0 0 0 0 0 106240 0 0 0 0
 5004 45 4 0 0 0 37904 0 0 0 0 0 0 32296 0 0 0 0
 5015 45 5 0 0 0 0 0 0 0 0 0 0 0 0 0 0 0
 5026 45 6 0 0 0 0 0 0 0 0 0 0 0 0 0 0 0
 5037 45 7 0 0 0 0 0 0 0 0 0 0 0 0 0 0 0
 5048 45 8 0 0 0 0 0 0 0 0 0 0 0 0 0 0 0
 5059 45 9 0 0 0 0 0 0 0 0 0 0 0 0 0 0 0
 5070 46 0 0 68848 8 0 0 0 0 0 0 0 75832 0 0 0 0
 5081 46 1 75816 0 72656 0 0 0 0 0 0 0 132888 0 0 0 0
 5092 46 2 16 64024 0 61960 0 0 0 0 0 0 141224 0 0 0 0
 5103 46 3 0 16 68560 0 36256 0 0 0 0 0 100992 0 0 0 0
 5114 46 4 0 0 0 39032 0 0 0 0 0 0 36256 0 0 0 0
 5125 46 5 0 0 0 0 0 0 0 0 0 0 0 0 0 0 0
 5136 46 6 0 0 0 0 0 0 0 0 0 0 0 0 0 0 0
 5147 46 7 0 0 0 0 0 0 0 0 0 0 0 0 0 0 0
 5158 46 8 0 0 0 0 0 0 0 0 0 0 0 0 0 0 0
 5169 46 9 0 0 0 0 0 0 0 0 0 0 0 0 0 0 0
 5180 47 0 0 69032 0 8 0 0 0 0 0 0 64496 0 0 0 0
 5191 47 1 64480 0 64016 0 0 0 0 0 0 0 138672 0 0 0 0
 5202 47 2 16 69616 0 61632 16 0 0 0 0 0 131160 0 0 0 0
 5213 47 3 0 24 67136 0 42080 0 0 0 0 0 95456 0 0 0 0
 5224 47 4 0 0 8 33816 0 0 0 0 0 0 42096 0 0 0 0
 5235 47 5 0 0 0 0 0 0 0 0 0 0 0 0 0 0 0
 5246 47 6 0 0 0 0 0 0 0 0 0 0 0 0 0 0 0
 5257 47 7 0 0 0 0 0 0 0 0 0 0 0 0 0 0 0
 5268 47 8 0 0 0 0 0 0 0 0 0 0 0 0 0 0 0
 5279 47 9 0 0 0 0 0 0 0 0 0 0 0 0 0 0 0
 5290 48 0 0 69432 32 0 0 0 0 0 0 0 72680 0 0 0 0
 5301 48 1 72680 0 70176 0 0 0 0 0 0 0 140072 0 0 0 0
 5312 48 2 0 70632 0 67992 8 0 0 0 0 0 133968 0 0 0 0
 5323 48 3 0 8 63760 0 35864 0 0 0 0 0 105808 0 0 0 0
 5334 48 4 0 0 0 37816 0 0 0 0 0 0 35872 0 0 0 0
 5345 48 5 0 0 0 0 0 0 0 0 0 0 0 0 0 0 0
 5356 48 6 0 0 0 0 0 0 0 0 0 0 0 0 0 0 0
 5367 48 7 0 0 0 0 0 0 0 0 0 0 0 0 0 0 0
 5378 48 8 0 0 0 0 0 0 0 0 0 0 0 0 0 0 0
 5389 48 9 0 0 0 0 0 0 0 0 0 0 0 0 0 0 0
 5400 49 0 0 66744 0 0 0 0 0 0 0 0 75368 0 0 0 0
 5411 49 1 75368 0 74560 0 0 0 0 0 0 0 123384 0 0 0 0
 5422 49 2 0 56640 0 66936 0 0 0 0 0 0 143896 0 0 0 0
 5433 49 3 0 0 69328 0 36424 0 0 0 0 0 106864 0 0 0 0
 5444 49 4 0 0 8 39928 0 0 0 0 0 0 36424 0 0 0 0
 5455 49 5 0 0 0 0 0 0 0 0 0 0 0 0 0 0 0
 5466 49 6 0 0 0 0 0 0 0 0 0 0 0 0 0 0 0
 5477 49 7 0 0 0 0 0 0 0 0 0 0 0 0 0 0 0
 5488 49 8 0 0 0 0 0 0 0 0 0 0 0 0 0 0 0
 5499 49 9 0 0 0 0 0 0 0 0 0 0 0 0 0 0 0
 5510 50 0 0 70984 0 0 0 0 0 0 0 0 69304 0 0 0 0
 5521 50 1 69288 0 67080 8 0 0 0 0 0 0 137512 0 0 0 0
 5532 50 2 16 66512 0 66648 0 0 0 0 0 0 131704 0 0 0 0
 5543 50 3 0 16 64616 0 39304 0 0 0 0 0 103472 0 0 0 0
 5554 50 4 0 0 8 36816 0 0 0 0 0 0 39304 0 0 0 0
 5565 50 5 0 0 0 0 0 0 0 0 0 0 0 0 0 0 0
 5576 50 6 0 0 0 0 0 0 0 0 0 0 0 0 0 0 0
 5587 50 7 0 0 0 0 0 0 0 0 0 0 0 0 0 0 0
 5598 50 8 0 0 0 0 0 0 0 0 0 0 0 0 0 0 0
 5609 50 9 0 0 0 0 0 0 0 0 0 0 0 0 0 0 0