# Format <LP ID> <Terminal ID> <Job ID> <Local Rank> <Total sends> <Total Recvs> <Bytes sent> <Bytes recvd> <Send time> <Comm. time> <Compute time> <Avg msg time> <Max Msg Time>
 0 0 0 0 478 478 379712 374336 6992913.394899 14744185.675848 816695890.000000 0.000000 0.000000
 1 1 0 1 832 832 502384 506272 55762616.128079 64456280.538828 767042391.000000 0.000000 0.000000
 2 2 0 2 566 566 503792 501008 66429236.327417 72643697.331425 758872619.000000 0.000000 0.000000
 3 3 0 3 840 840 510816 505344 285468812.662601 157131310.097528 674363699.000000 0.000000 0.000000
 4 4 0 4 464 464 506304 496032 34538479.921636 66786900.618383 764652252.000000 0.000000 0.000000
 11 5 0 5 386 386 376528 373792 10367730.603463 66319891.742712 765071214.000000 0.000000 0.000000
 12 6 0 6 654 654 509232 503040 200863876.875632 117440711.087693 714060173.000000 0.000000 0.000000
 13 7 0 7 790 790 629648 623648 117737910.051377 70376452.467017 761131215.000000 0.000000 0.000000
 14 8 0 8 1194 1194 641632 640528 29747505.366985 68309143.275123 763194045.000000 0.000000 0.000000
 15 9 0 9 1010 1010 628592 629120 13788821.232217 66533943.090742 764960474.000000 0.000000 0.000000
 22 10 0 10 956 956 630464 627536 5446697.310420 59727275.980499 771801106.000000 0.000000 0.000000
 23 11 0 11 528 528 502080 502656 115689242.149737 117957373.656146 713495802.000000 0.000000 0.000000
 24 12 0 12 1026 1026 507040 511216 178881702.759394 74330954.960071 758145711.000000 0.000000 0.000000
 25 13 0 13 1004 1004 633712 637312 215742142.261292 118596036.123758 712912094.000000 0.000000 0.000000
 26 14 0 14 1066 1066 637216 633856 9412626.724110 63720540.814012 767783111.000000 0.000000 0.000000
 33 15 0 15 1042 1042 635520 632544 188573260.863422 117068269.363271 714392356.000000 0.000000 0.000000
 34 16 0 16 978 978 631728 633312 6269667.122597 60840196.355432 770608169.000000 0.000000 0.000000
 35 17 0 17 628 628 509008 502912 240417348.988679 159135925.849481 672336136.000000 0.000000 0.000000
 36 18 0 18 756 756 510544 505744 84331914.351732 62914952.701272 768560535.000000 0.000000 0.000000
 37 19 0 19 1224 1224 637680 635664 256803516.856527 118051295.609395 713454762.000000 0.000000 0.000000
 44 20 0 20 1058 1058 637728 632304 86445081.459594 60241855.433632 771238388.000000 0.000000 0.000000
 45 21 0 21 708 708 633792 628800 334992337.249329 158614527.103408 672831064.000000 0.000000 0.000000
 46 22 0 22 1132 1132 633472 636928 61348055.593220 74172446.547119 757269167.000000 0.000000 0.000000
 47 23 0 23 740 740 503136 503376 10190787.940479 65321504.475886 766109427.000000 0.000000 0.000000
 48 24 0 24 664 664 502160 501872 54825793.010150 36422718.472827 795023928.000000 0.000000 0.000000
 55 25 0 25 674 674 633744 636432 102975818.748072 125603141.132523 705883225.000000 0.000000 0.000000
 56 26 0 26 1028 1028 634352 630848 155854605.347847 118004373.122330 713451020.000000 0.000000 0.000000
 57 27 0 27 1236 1236 639520 637600 14692207.497434 50437156.786188 780946680.000000 0.000000 0.000000
 58 28 0 28 878 878 636640 630160 170579139.279677 123457157.126915 707976179.000000 0.000000 0.000000
 59 29 0 29 690 690 509184 505872 330705043.488844 227454422.632057 603902049.000000 0.000000 0.000000
 66 30 0 30 646 646 382720 379504 44140751.853002 72037559.618592 759209355.000000 0.000000 0.000000
 67 31 0 31 768 768 502352 507968 301548689.653096 158663056.153195 672645071.000000 0.000000 0.000000
 68 32 0 32 670 670 502448 501248 81087951.039128 121651403.636483 709736060.000000 0.000000 0.000000
 69 33 0 33 794 794 508528 506320 444164009.582459 226839819.910448 604497546.000000 0.000000 0.000000
 70 34 0 34 676 676 505280 507824 55751647.333692 73988025.798994 757365393.000000 0.000000 0.000000
 77 35 0 35 516 516 376432 378304 125791168.666781 184824257.979404 647057523.000000 0.000000 0.000000
 78 36 0 36 650 650 506832 500784 498417799.720377 223591892.975199 607997547.000000 0.000000 0.000000
 79 37 0 37 1008 1008 624176 633488 103157835.461979 74996743.476009 756644398.000000 0.000000 0.000000
 80 38 0 38 886 886 634528 627184 487758728.914219 186368932.149344 646090548.000000 0.000000 0.000000
 81 39 0 39 726 726 627344 625760 421633934.125257 180391775.974701 651129057.000000 0.000000 0.000000
 88 40 0 40 1080 1080 633088 627424 135696726.153256 114453869.280913 717076821.000000 0.000000 0.000000
 89 41 0 41 804 804 508528 507328 388929430.105528 225567309.052024 605888360.000000 0.000000 0.000000
 90 42 0 42 996 996 631104 633792 395643354.186192 159164487.854230 673316533.000000 0.000000 0.000000
 91 43 0 43 1044 1044 757920 762576 329623231.784792 123890821.856078 707812452.000000 0.000000 0.000000
 92 44 0 44 1010 1010 763248 761664 31432097.572873 72669540.360034 758853698.000000 0.000000 0.000000
 99 45 0 45 1952 1952 772496 774320 497979842.687445 223621982.792958 608106236.000000 0.000000 0.000000
 100 46 0 46 998 998 754928 759008 254371688.144937 178996546.947653 652706295.000000 0.000000 0.000000
 101 47 0 47 1016 1016 634240 635488 220263197.450215 159912711.789768 672233209.000000 0.000000 0.000000
 102 48 0 48 858 858 633072 629184 61524934.417641 61282470.510740 771205243.000000 0.000000 0.000000
 103 49 0 49 1852 1852 770576 771728 799685247.186017 239383066.237726 593100174.000000 0.000000 0.000000
 110 50 0 50 1036 1036 756224 760544 469919210.414191 231489750.569547 600243037.000000 0.000000 0.000000
 111 51 0 51 1096 1096 759184 767632 459386850.554131 242193213.082238 589437937.000000 0.000000 0.000000
 112 52 0 52 1508 1508 764976 769008 298827838.853717 227348429.966610 604362413.000000 0.000000 0.000000
 113 53 0 53 704 704 623760 625344 485182276.675043 182458328.423566 649109675.000000 0.000000 0.000000
 114 54 0 54 708 708 631088 630992 11945603.459736 14045323.757102 818440668.000000 0.000000 0.000000
 121 55 0 55 1344 1344 765184 764800 33856965.168244 35110960.375804 796594149.000000 0.000000 0.000000
 122 56 0 56 1614 1614 762800 774128 308111422.678825 183043653.152268 648604208.000000 0.000000 0.000000
 123 57 0 57 1642 1642 774336 767760 609132919.921733 184380251.287610 647085551.000000 0.000000 0.000000
 124 58 0 58 1346 1346 758496 760512 368251574.637670 243329829.577829 588195262.000000 0.000000 0.000000
 125 59 0 59 1214 1214 640496 637136 124590183.252286 180049876.291932 651468909.000000 0.000000 0.000000
 132 60 0 60 926 926 635488 636784 502903531.378577 237125429.709984 594362798.000000 0.000000 0.000000
 133 61 0 61 954 954 760448 760688 490253833.222309 235600767.547319 595896548.000000 0.000000 0.000000
 134 62 0 62 1460 1460 760976 761840 587746716.839427 236734598.549764 594755941.000000 0.000000 0.000000
 135 63 0 63 1066 1066 761504 762656 458253221.940618 235643481.196529 595813770.000000 0.000000 0.000000
 136 64 0 64 1752 1752 771520 770080 518534576.482459 226050817.420672 605386612.000000 0.000000 0.000000
 143 65 0 65 1130 1130 629584 637984 342131078.229185 242948715.739107 588934979.000000 0.000000 0.000000
 144 66 0 66 718 718 503712 504912 361064046.452301 229871003.534178 601548077.000000 0.000000 0.000000
 145 67 0 67 670 670 625856 634496 395961964.610691 234290289.211552 597204964.000000 0.000000 0.000000
 146 68 0 68 1562 1562 647200 639568 19667923.689091 45075175.823354 786384479.000000 0.000000 0.000000
 147 69 0 69 780 780 627696 630960 338398126.521257 228513779.850353 602841595.000000 0.000000 0.000000
 154 70 0 70 884 884 632112 631392 294438490.904976 242189685.792574 589696219.000000 0.000000 0.000000
 155 71 0 71 704 704 503200 503872 247438081.699429 226809688.795543 605078384.000000 0.000000 0.000000
 156 72 0 72 848 848 512208 506160 268357221.563106 157256211.896888 674390039.000000 0.000000 0.000000
 157 73 0 73 1212 1212 630768 630672 11765776.577973 28421265.423483 804040071.000000 0.000000 0.000000
 158 74 0 74 1194 1194 637120 634864 355007406.823124 151836745.210536 680632112.000000 0.000000 0.000000
 165 75 0 75 682 682 631424 621872 142746842.262855 161852030.179882 670611911.000000 0.000000 0.000000
 166 76 0 76 944 944 628368 629616 22420234.775002 43153246.366871 788551505.000000 0.000000 0.000000
 167 77 0 77 602 602 504448 501568 379176432.395114 233887314.600469 598260518.000000 0.000000 0.000000
 168 78 0 78 942 942 634640 632528 58557694.454875 50256032.634334 781769533.000000 0.000000 0.000000
 169 79 0 79 968 968 758752 756064 902650849.363804 227551123.465617 604163049.000000 0.000000 0.000000
 176 80 0 80 1024 1024 757440 759024 83714960.827353 55754752.996394 776711502.000000 0.000000 0.000000
 177 81 0 81 1454 1454 762912 764400 195676229.747583 181607188.103066 650131936.000000 0.000000 0.000000
 178 82 0 82 1544 1544 769936 772144 450733933.277786 224706316.033762 607443728.000000 0.000000 0.000000
 179 83 0 83 1078 1078 633808 634048 652019359.414359 230479189.991579 601675330.000000 0.000000 0.000000
 180 84 0 84 1054 1054 632272 636880 406345148.004043 189509891.975512 642978458.000000 0.000000 0.000000
 187 85 0 85 1702 1702 763456 764992 422748852.061298 117278418.497687 714458894.000000 0.000000 0.000000
 188 86 0 86 1096 1096 769744 758848 387832096.797238 224201300.438926 607542806.000000 0.000000 0.000000
 189 87 0 87 1548 1548 765776 767888 909205708.408208 227305969.124262 604435671.000000 0.000000 0.000000
 190 88 0 88 1014 1014 752480 756128 190405944.115806 220396049.593405 611326093.000000 0.000000 0.000000
 191 89 0 89 1390 1390 643456 643168 309919315.596602 241101845.929106 591050605.000000 0.000000 0.000000
 198 90 0 90 1628 1628 639792 643248 189026642.503222 185558805.852332 646148561.000000 0.000000 0.000000
 199 91 0 91 1666 1666 772480 776464 578224511.620012 228036958.435990 603679498.000000 0.000000 0.000000
 200 92 0 92 1722 1722 764720 766832 158613844.583977 176609882.451796 655132148.000000 0.000000 0.000000
 201 93 0 93 1458 1458 764800 769120 189773743.010311 189576969.262637 642073414.000000 0.000000 0.000000
 202 94 0 94 1538 1538 762832 763408 562432380.123068 239417798.436996 592299966.000000 0.000000 0.000000
 209 95 0 95 740 740 628560 629424 358584128.149946 231931137.540378 599639680.000000 0.000000 0.000000
 210 96 0 96 992 992 636784 632080 476488928.020398 177583260.686607 653838124.000000 0.000000 0.000000
 211 97 0 97 1456 1456 759536 767456 163910308.967034 116889212.403381 714825174.000000 0.000000 0.000000
 212 98 0 98 1050 1050 757648 756352 5398048.167020 37372984.315330 794279802.000000 0.000000 0.000000
 213 99 0 99 1584 1584 773504 767936 23146856.185164 50008090.703366 781391453.000000 0.000000 0.000000
 220 100 0 100 1012 1012 752656 757504 105864612.319303 126785640.362374 704744694.000000 0.000000 0.000000
 221 101 0 101 1028 1028 637200 636000 70372532.368866 118637793.087263 712886368.000000 0.000000 0.000000
 222 102 0 102 822 822 504432 505200 96058221.927396 163850256.080226 667511375.000000 0.000000 0.000000
 223 103 0 103 724 724 630896 630752 293229462.002579 120375348.725327 711045200.000000 0.000000 0.000000
 224 104 0 104 1170 1170 635392 630928 379142873.533031 163922958.372260 667463315.000000 0.000000 0.000000
 231 105 0 105 1080 1080 627600 634848 58863508.656924 72559674.336412 758838194.000000 0.000000 0.000000
 232 106 0 106 1034 1034 628688 630656 280814438.239889 181369253.632698 650005248.000000 0.000000 0.000000
 233 107 0 107 736 736 504896 505472 63140426.321073 124692208.413687 707196409.000000 0.000000 0.000000
 234 108 0 108 748 748 505968 506112 289132726.395949 226763847.503352 605263629.000000 0.000000 0.000000
 235 109 0 109 1266 1266 640096 637120 469936817.030468 224155052.891991 607495798.000000 0.000000 0.000000
 242 110 0 110 882 882 626944 630880 85724296.472112 59725072.264847 772744375.000000 0.000000 0.000000
 243 111 0 111 884 884 630400 625072 459725470.275856 230429277.491949 601125781.000000 0.000000 0.000000
 244 112 0 112 1132 1132 637584 634800 202805407.000126 117532700.369188 713952281.000000 0.000000 0.000000
 245 113 0 113 496 496 503952 498384 29764643.553674 51959300.327850 779481022.000000 0.000000 0.000000
 246 114 0 114 668 668 625664 621584 341031236.542727 220996711.174691 611037454.000000 0.000000 0.000000
 253 115 0 115 1482 1482 762320 770384 369429468.076952 125769045.213374 706682779.000000 0.000000 0.000000
 254 116 0 116 1732 1732 776432 773456 322568221.767130 171432843.090820 661025762.000000 0.000000 0.000000
 255 117 0 117 2020 2020 764192 770144 290827816.978695 179496155.551761 652957976.000000 0.000000 0.000000
 256 118 0 118 1038 1038 756176 758672 61437116.694288 78468351.563240 753241457.000000 0.000000 0.000000
 257 119 0 119 854 854 633344 631952 404228474.182139 185685962.353056 646469194.000000 0.000000 0.000000
 264 120 0 120 1318 1318 641840 636224 494986657.752479 183532663.388396 648499433.000000 0.000000 0.000000
 265 121 0 121 1494 1494 762304 756544 461178534.678772 237826661.553172 593871454.000000 0.000000 0.000000
 266 122 0 122 1114 1114 760736 755984 629344234.831805 188068790.114200 644387748.000000 0.000000 0.000000
 267 123 0 123 1504 1504 760528 758992 162811843.844614 187050421.772474 644587222.000000 0.000000 0.000000
 268 124 0 124 1284 1284 761312 759584 11660336.449121 41684721.729737 790035750.000000 0.000000 0.000000
 275 125 0 125 962 962 636848 631280 22082739.867111 56265617.881634 775307858.000000 0.000000 0.000000
 276 126 0 126 772 772 632336 628784 749137657.621624 242441467.405756 589054438.000000 0.000000 0.000000
 277 127 0 127 1444 1444 766352 761504 264561443.157825 239936703.143946 591780388.000000 0.000000 0.000000
 278 128 0 128 1086 1086 754992 754464 342671871.485906 242192011.813070 589463426.000000 0.000000 0.000000
 279 129 0 129 1474 1474 763632 759936 1018446878.094842 239240343.417673 592297471.000000 0.000000 0.000000
 286 130 0 130 1666 1666 765712 766912 208515836.965322 231787208.378597 599745434.000000 0.000000 0.000000
 287 131 0 131 1270 1270 636032 633968 213063537.516469 229136173.310588 602390332.000000 0.000000 0.000000
 288 132 0 132 1168 1168 634896 636192 428915866.940911 228092764.674367 603346439.000000 0.000000 0.000000
 289 133 0 133 1854 1854 761120 771488 68452437.771346 54503979.517057 776995561.000000 0.000000 0.000000
 290 134 0 134 1530 1530 769872 767184 22321073.458726 43526489.444497 787986704.000000 0.000000 0.000000
 297 135 0 135 1688 1688 763888 770032 418194472.598602 180537516.309160 650966543.000000 0.000000 0.000000
 298 136 0 136 1006 1006 760800 759840 624769446.750435 234911705.683587 596597563.000000 0.000000 0.000000
 299 137 0 137 1182 1182 634784 635504 176890776.970389 225224329.978699 606212316.000000 0.000000 0.000000
 300 138 0 138 774 774 507168 509328 502570002.945783 238664198.268638 592713543.000000 0.000000 0.000000
 301 139 0 139 1064 1064 636640 635920 478400353.019171 231031193.737734 600411601.000000 0.000000 0.000000
 308 140 0 140 676 676 622560 624000 315929794.494600 229392869.998129 602050026.000000 0.000000 0.000000
 309 141 0 141 1082 1082 628464 633840 451202880.296450 241626472.643615 589812591.000000 0.000000 0.000000
 310 142 0 142 958 958 630512 629792 518319423.288383 235317052.914344 596116442.000000 0.000000 0.000000
 311 143 0 143 544 544 503920 504304 163251891.737151 241906119.520018 589481718.000000 0.000000 0.000000
 312 144 0 144 942 942 510096 503760 13988925.887333 47949712.114008 783548375.000000 0.000000 0.000000
 319 145 0 145 754 754 622736 619376 286092700.435463 239934416.480065 591829365.000000 0.000000 0.000000
 320 146 0 146 1178 1178 634096 629584 241456440.852931 227716369.516495 603890369.000000 0.000000 0.000000
 321 147 0 147 682 682 628752 626448 308387571.915962 238503152.402542 593112403.000000 0.000000 0.000000
 322 148 0 148 930 930 627856 633328 418666727.841394 235257530.690075 596289517.000000 0.000000 0.000000
 323 149 0 149 748 748 505344 501600 253722460.930850 227449984.986554 604039512.000000 0.000000 0.000000
 330 150 0 150 904 904 632336 626816 288453874.432685 239527160.566455 592507592.000000 0.000000 0.000000
 331 151 0 151 1574 1574 765968 773168 475911654.909303 240979290.592432 590793095.000000 0.000000 0.000000
 332 152 0 152 1064 1064 754272 764784 349175000.996129 239661776.313946 592797465.000000 0.000000 0.000000
 333 153 0 153 1022 1022 759280 756832 7806066.912793 54395005.886278 777229183.000000 0.000000 0.000000
 334 154 0 154 1392 1392 762240 769488 427653792.460204 237470054.366073 594149660.000000 0.000000 0.000000
 341 155 0 155 732 732 634656 634608 659171003.173334 229586653.754208 601962336.000000 0.000000 0.000000
 342 156 0 156 1096 1096 634208 637280 301053642.343415 239091098.161031 592446573.000000 0.000000 0.000000
 343 157 0 157 1082 1082 768768 762288 250923375.575476 238701192.034985 593069125.000000 0.000000 0.000000
 344 158 0 158 1540 1540 765264 764496 697540850.606154 236253487.163027 595390790.000000 0.000000 0.000000
 345 159 0 159 1070 1070 763200 758112 344984346.027828 244319186.450513 587318306.000000 0.000000 0.000000
 352 160 0 160 1070 1070 762960 761328 202682154.052796 232578249.678015 598975361.000000 0.000000 0.000000
 353 161 0 161 1002 1002 632368 633280 350719901.673712 234646337.055792 596894113.000000 0.000000 0.000000
 354 162 0 162 736 736 629648 627632 266873657.324946 226394326.143342 605129250.000000 0.000000 0.000000
 355 163 0 163 972 972 751936 758272 755754823.271749 234082426.709684 597453030.000000 0.000000 0.000000
 356 164 0 164 1762 1762 769920 774192 372531795.944214 240582763.544664 591059447.000000 0.000000 0.000000
 363 165 0 165 1684 1684 764032 766672 325546864.241531 233549628.759707 597993650.000000 0.000000 0.000000
 364 166 0 166 1410 1410 760896 762960 518807908.550903 239123687.292122 592421474.000000 0.000000 0.000000
 365 167 0 167 948 948 629584 631648 260565424.259763 236649743.563637 594846172.000000 0.000000 0.000000
 366 168 0 168 954 954 636928 635248 6494581.383903 28958158.272416 802504146.000000 0.000000 0.000000
 367 169 0 169 1270 1270 764064 762480 734106532.635174 223635724.363547 607848660.000000 0.000000 0.000000
 374 170 0 170 1506 1506 759744 761376 25147739.113522 44573069.416045 786953171.000000 0.000000 0.000000
 375 171 0 171 980 980 753952 755872 6425251.497287 38056470.810628 793469188.000000 0.000000 0.000000
 376 172 0 172 1702 1702 767456 772976 100747224.972217 121026474.385462 710474154.000000 0.000000 0.000000
 377 173 0 173 846 846 628224 633456 243470382.347694 236475221.013483 594977703.000000 0.000000 0.000000
 378 174 0 174 644 644 504432 504480 451536205.937972 239665941.066011 591771534.000000 0.000000 0.000000
 385 175 0 175 898 898 629008 630592 173196619.121048 77633458.477774 753831248.000000 0.000000 0.000000
 386 176 0 176 1394 1394 646064 640832 395854383.126379 182054666.900694 649868608.000000 0.000000 0.000000
 387 177 0 177 1448 1448 639376 642640 150596296.335895 179544983.715960 651926151.000000 0.000000 0.000000
 388 178 0 178 1090 1090 632064 636576 250142283.006651 184422971.586842 647025429.000000 0.000000 0.000000
 389 179 0 179 964 964 511216 509680 237654200.938383 227073684.493881 604859591.000000 0.000000 0.000000
 396 180 0 180 654 654 386480 380576 305272783.019924 235895977.764393 595556320.000000 0.000000 0.000000
 397 181 0 181 654 654 503696 504848 407931734.201236 183004059.689870 648476104.000000 0.000000 0.000000
 398 182 0 182 734 734 505232 506288 162103787.377935 188517577.647625 643060515.000000 0.000000 0.000000
 399 183 0 183 1032 1032 513760 510208 217637007.489288 161160454.370870 670314894.000000 0.000000 0.000000
 400 184 0 184 778 778 507072 502992 188608970.073419 231440267.013480 600051984.000000 0.000000 0.000000
 407 185 0 185 726 726 379568 380288 155476538.810969 161506452.375445 669876580.000000 0.000000 0.000000
 408 186 0 186 784 784 508000 504880 148005327.408738 182718145.794984 648781901.000000 0.000000 0.000000
 409 187 0 187 1380 1380 636608 637856 408965314.258001 233213353.648041 598559271.000000 0.000000 0.000000
 410 188 0 188 690 690 625216 626992 390508377.798588 162771869.561083 668844185.000000 0.000000 0.000000
 411 189 0 189 682 682 624640 625600 321799426.006889 231003945.956253 600620482.000000 0.000000 0.000000
 418 190 0 190 1206 1206 640240 635248 633550977.004275 228447488.701119 603103811.000000 0.000000 0.000000
 419 191 0 191 728 728 501328 505264 184132593.613419 229833662.215452 601626445.000000 0.000000 0.000000
 420 192 0 192 722 722 504384 505824 6372572.317179 40212436.284798 791313461.000000 0.000000 0.000000
 421 193 0 193 1064 1064 630992 636752 40055728.539098 74235856.853463 757304220.000000 0.000000 0.000000
 422 194 0 194 972 972 633456 631440 364844593.131577 227921885.800084 603722631.000000 0.000000 0.000000
 429 195 0 195 1156 1156 639328 635680 331873007.012174 228738874.819934 602806714.000000 0.000000 0.000000
 430 196 0 196 788 788 623344 629008 237307437.987854 237490477.385641 594057012.000000 0.000000 0.000000
 431 197 0 197 884 884 509120 511712 72025197.425155 121735966.647425 709675798.000000 0.000000 0.000000
 432 198 0 198 950 950 506496 506832 195230655.948881 164851318.192817 666599174.000000 0.000000 0.000000
 433 199 0 199 1086 1086 637728 640224 202162747.935578 161434159.622926 670052538.000000 0.000000 0.000000
 440 200 0 200 1188 1188 639888 638736 292379611.100644 120898034.531516 710630907.000000 0.000000 0.000000
 441 201 0 201 1102 1102 635808 634752 128109041.779541 120541273.767907 710987086.000000 0.000000 0.000000
 442 202 0 202 1612 1612 640704 639600 416058014.833676 226784204.639738 604719130.000000 0.000000 0.000000
 443 203 0 203 694 694 506704 504256 5904769.866111 119756213.771715 711680562.000000 0.000000 0.000000
 444 204 0 204 934 934 504896 508400 98819639.051893 124177972.329916 707237879.000000 0.000000 0.000000
 451 205 0 205 896 896 633104 633152 484464377.434637 187467102.389202 644000311.000000 0.000000 0.000000
 452 206 0 206 1174 1174 626864 633632 457731335.716406 183311517.966047 648613665.000000 0.000000 0.000000
 453 207 0 207 804 804 630752 631856 43737721.899668 77510931.784080 753962904.000000 0.000000 0.000000
 454 208 0 208 970 970 635776 635968 125667855.808473 117883964.882986 713569390.000000 0.000000 0.000000
 455 209 0 209 606 606 507216 505296 270521441.636513 232073057.723152 599862227.000000 0.000000 0.000000
 462 210 0 210 464 464 377376 377184 295781895.705586 162385097.496538 668963302.000000 0.000000 0.000000
 463 211 0 211 736 736 501488 503840 272712649.576046 186981426.254081 644945966.000000 0.000000 0.000000
 464 212 0 212 866 866 503504 507824 18391953.531560 48438946.380649 783490615.000000 0.000000 0.000000
 465 213 0 213 776 776 501200 504656 443160175.395797 237542890.103514 594386814.000000 0.000000 0.000000
 466 214 0 214 576 576 500176 504832 274124816.273279 235391162.990417 596546427.000000 0.000000 0.000000
 473 215 0 215 468 468 375408 379872 262568112.896899 227079027.935323 604858323.000000 0.000000 0.000000