# Format <LP ID> <Group ID> <Router ID> <Link traffic per router port(s)># Router ports in the order: 8 local channels, 4 global channels
 8 0 0 0 30384520 19217172 17077836 4720812 18763364 9731348 5704776 6640912 6707160 6665888 6746044
 17 0 1 32281896 0 41767920 22594184 24028592 10105512 20466164 23894156 77182012 3865376 3839476 3903640
 26 0 2 24386780 41846340 0 38181320 19794560 13744004 16343584 16810844 69356880 4172184 4230324 4222456
 35 0 3 16955484 18532164 39203552 0 22089192 15077000 14868772 8229828 16511660 6235204 6310812 6241072
 44 0 4 5919956 25726656 18686472 20815572 0 25027356 11626760 17586488 6658712 6646248 6705940 6566296
 53 0 5 21125996 10380076 12356264 15138144 24176856 0 22816592 16825024 6598524 6723008 6632952 6660124
 62 0 6 12608960 18339940 14875424 12336076 12784312 23564344 0 33291116 6692692 6659720 6711780 6732872
 71 0 7 8073288 22894032 15657924 8102408 17736596 16833276 32546812 0 6761376 6645524 6690124 6723784
 80 1 0 0 48637824 42361704 25018448 17376780 8751344 8705656 8994636 75794480 4421204 4411376 4496776
 89 1 1 39568016 0 21898668 3860212 15551124 4267992 3554932 24307696 6714672 6779476 6679340 6766220
 98 1 2 44562116 21334416 0 26627680 10076120 17780252 43696560 25250480 74818092 3621292 3665952 3699592
 107 1 3 24376016 5933512 26629524 0 31352228 31758232 6777992 7025624 17254824 6322640 6283072 6351076
 116 1 4 16465604 15661520 9031744 32340676 0 22500132 10317152 16863524 6804208 6753664 6816516 6736116
 125 1 5 8427520 5588184 16399064 31124432 23162696 0 29898260 11962416 6730444 6663648 6712752 6713676
 134 1 6 8558164 5751016 40552980 6605472 9936528 28291172 0 24446156 6654556 6708004 6780972 6671284
 143 1 7 9399596 27127484 24615900 7374692 16033120 13222064 21071824 0 6833600 6752700 6757188 6834008
 152 2 0 0 55561560 26730812 16300596 25024416 25841608 15432288 17747276 71448168 4219952 4249568 4288256
 161 2 1 57375096 0 32289960 17641188 15877456 10750072 17386708 17254468 73608840 4668540 4649512 4663948
 170 2 2 22190340 28622352 0 24620256 7908456 9339232 6538164 4887500 7114612 7169196 7075560 7065152
 179 2 3 14637268 17325156 29224416 0 26558740 20450512 16297296 19980792 32809608 6267460 6320780 6274376
 188 2 4 23744616 15709548 8840416 24635764 0 23660548 11721188 21392664 7115660 7106876 7123340 7083672
 197 2 5 24359668 10246648 9193636 23058268 19514388 0 27526620 7219852 7161752 7050084 7118972 7214644
 206 2 6 16756392 16402184 9079732 16144844 12086028 23756172 0 31548276 7105100 7155840 7172560 7100040
 215 2 7 16454228 16110876 8505044 19454520 22462640 7121156 30432296 0 7122240 7134996 7154220 7157672
 224 3 0 0 18629160 32346720 8013880 8039972 7911024 8046272 8059464 15954472 2223868 2167540 2208892
 233 3 1 20161416 0 3002428 0 0 0 0 0 16857800 1586284 1588772 1574264
 242 3 2 35734328 2975440 0 0 0 0 0 0 32904524 822560 822716 796048
 251 3 3 2951920 0 0 0 0 0 0 0 1998244 2014140 1994760 2006096
 260 3 4 8060544 0 0 0 0 0 0 0 2003880 1991180 2017964 2032060
 269 3 5 8055296 0 0 0 0 0 0 0 1973364 1987784 1993760 1954248
 278 3 6 8047676 0 0 0 0 0 0 0 1981164 2005212 2017744 2034392
 287 3 7 8055428 0 0 0 0 0 0 0 1994196 1987404 2034752 2037900
 296 4 0 0 3253424 2976296 425900 0 0 0 0 6679412 0 0 0
 305 4 1 3315988 0 3048656 437284 0 0 0 0 6698124 0 0 0
 314 4 2 2945576 3030124 0 1141672 0 0 0 0 7198220 0 0 0
 323 4 3 420708 408576 1174944 0 0 0 0 0 2003864 0 0 0
 332 4 4 0 0 0 0 0 0 0 0 0 0 0 0
 341 4 5 0 0 0 0 0 0 0 0 0 0 0 0
 350 4 6 0 0 0 0 0 0 0 0 0 0 0 0
 359 4 7 0 0 0 0 0 0 0 0 0 0 0 0
 368 5 0 0 3249044 2930440 419452 0 0 0 0 6579624 0 0 0
 377 5 1 3230584 0 3086688 412952 0 0 0 0 6701976 0 0 0
 386 5 2 2933336 3056756 0 1169756 0 0 0 0 7179360 0 0 0
 395 5 3 415564 397308 1161188 0 0 0 0 0 2002424 0 0 0
 404 5 4 0 0 0 0 0 0 0 0 0 0 0 0
 413 5 5 0 0 0 0 0 0 0 0 0 0 0 0
 422 5 6 0 0 0 0 0 0 0 0 0 0 0 0
 431 5 7 0 0 0 0 0 0 0 0 0 0 0 0
 440 6 0 0 3261676 3007360 417744 0 0 0 0 6544708 0 0 0
 449 6 1 3204976 0 3039644 406336 0 0 0 0 6660284 0 0 0
 458 6 2 2934144 2995912 0 1171816 0 0 0 0 7224592 0 0 0
 467 6 3 403784 403388 1174956 0 0 0 0 0 1995492 0 0 0
 476 6 4 0 0 0 0 0 0 0 0 0 0 0 0
 485 6 5 0 0 0 0 0 0 0 0 0 0 0 0
 494 6 6 0 0 0 0 0 0 0 0 0 0 0 0
 503 6 7 0 0 0 0 0 0 0 0 0 0 0 0
 512 7 0 0 3375104 2975328 412704 0 0 0 0 6637936 0 0 0
 521 7 1 3298232 0 3120592 415976 0 0 0 0 6833484 0 0 0
 530 7 2 2926636 3027140 0 1169004 0 0 0 0 7245972 0 0 0
 539 7 3 412040 429704 1152764 0 0 0 0 0 1996704 0 0 0
 548 7 4 0 0 0 0 0 0 0 0 0 0 0 0
 557 7 5 0 0 0 0 0 0 0 0 0 0 0 0
 566 7 6 0 0 0 0 0 0 0 0 0 0 0 0
 575 7 7 0 0 0 0 0 0 0 0 0 0 0 0
 584 8 0 0 3268584 2973556 463996 0 0 0 0 1459076 0 0 0
 593 8 1 1001568 0 3021456 396192 0 0 0 0 6776084 0 0 0
 602 8 2 0 3030456 0 1185056 0 0 0 0 7282156 0 0 0
 611 8 3 459492 478896 1283908 0 0 0 0 0 2044488 0 0 0
 620 8 4 0 0 0 0 0 0 0 0 0 0 0 0
 629 8 5 0 0 0 0 0 0 0 0 0 0 0 0
 638 8 6 0 0 0 0 0 0 0 0 0 0 0 0
 647 8 7 0 0 0 0 0 0 0 0 0 0 0 0
 656 9 0 0 474780 2965352 425736 0 0 0 0 6673356 0 0 0
 665 9 1 3339348 0 3035448 403244 0 0 0 0 1071100 0 0 0
 674 9 2 2931596 596488 0 1140424 0 0 0 0 7180888 0 0 0
 683 9 3 402872 0 1181468 0 0 0 0 0 1969312 0 0 0
 692 9 4 0 0 0 0 0 0 0 0 0 0 0 0
 701 9 5 0 0 0 0 0 0 0 0 0 0 0 0
 710 9 6 0 0 0 0 0 0 0 0 0 0 0 0
 719 9 7 0 0 0 0 0 0 0 0 0 0 0 0
 728 10 0 0 3258816 505296 405056 0 0 0 0 6603852 0 0 0
 737 10 1 3243868 0 0 378812 0 0 0 0 6726596 0 0 0
 746 10 2 2957632 3045676 0 1163904 0 0 0 0 505684 0 0 0
 755 10 3 405072 417568 0 0 0 0 0 0 1948048 0 0 0
 764 10 4 0 0 0 0 0 0 0 0 0 0 0 0
 773 10 5 0 0 0 0 0 0 0 0 0 0 0 0
 782 10 6 0 0 0 0 0 0 0 0 0 0 0 0
 791 10 7 0 0 0 0 0 0 0 0 0 0 0 0
 800 11 0 0 3291976 2941876 0 0 0 0 0 6637344 0 0 0
 809 11 1 3294056 0 3024752 0 0 0 0 0 6743604 0 0 0
 818 11 2 2938216 3032768 0 295360 0 0 0 0 7168260 0 0 0
 827 11 3 406188 415720 1193404 0 0 0 0 0 295684 0 0 0
 836 11 4 0 0 0 0 0 0 0 0 0 0 0 0
 845 11 5 0 0 0 0 0 0 0 0 0 0 0 0
 854 11 6 0 0 0 0 0 0 0 0 0 0 0 0
 863 11 7 0 0 0 0 0 0 0 0 0 0 0 0
 872 12 0 0 3250296 2978508 415964 0 0 0 0 6655824 0 0 0
 881 12 1 3318088 0 3004340 429132 0 0 0 0 6663596 0 0 0
 890 12 2 2943976 2989780 0 1171012 0 0 0 0 7151768 0 0 0
 899 12 3 394912 423876 1170632 0 0 0 0 0 2015656 0 0 0
 908 12 4 0 0 0 0 0 0 0 0 0 0 0 0
 917 12 5 0 0 0 0 0 0 0 0 0 0 0 0
 926 12 6 0 0 0 0 0 0 0 0 0 0 0 0
 935 12 7 0 0 0 0 0 0 0 0 0 0 0 0
 944 13 0 0 3288016 3008848 424208 0 0 0 0 6513884 0 0 0
 953 13 1 3187328 0 3048156 423276 0 0 0 0 6687448 0 0 0
 962 13 2 2916224 2979092 0 1151260 0 0 0 0 7208076 0 0 0
 971 13 3 409276 422800 1153812 0 0 0 0 0 1998688 0 0 0
 980 13 4 0 0 0 0 0 0 0 0 0 0 0 0
 989 13 5 0 0 0 0 0 0 0 0 0 0 0 0
 998 13 6 0 0 0 0 0 0 0 0 0 0 0 0
 1007 13 7 0 0 0 0 0 0 0 0 0 0 0 0
 1016 14 0 0 3276148 2947788 435420 0 0 0 0 6547016 0 0 0
 1025 14 1 3206400 0 3098656 406644 0 0 0 0 6748644 0 0 0
 1034 14 2 2928980 3063460 0 1168528 0 0 0 0 7230124 0 0 0
 1043 14 3 409296 411320 1185572 0 0 0 0 0 2010508 0 0 0
 1052 14 4 0 0 0 0 0 0 0 0 0 0 0 0
 1061 14 5 0 0 0 0 0 0 0 0 0 0 0 0
 1070 14 6 0 0 0 0 0 0 0 0 0 0 0 0
 1079 14 7 0 0 0 0 0 0 0 0 0 0 0 0
 1088 15 0 0 3302508 2929348 415332 0 0 0 0 6542968 0 0 0
 1097 15 1 3231980 0 3099284 416232 0 0 0 0 6777584 0 0 0
 1106 15 2 2914192 3060964 0 1159296 0 0 0 0 7210424 0 0 0
 1115 15 3 397412 411364 1178640 0 0 0 0 0 1992136 0 0 0
 1124 15 4 0 0 0 0 0 0 0 0 0 0 0 0
 1133 15 5 0 0 0 0 0 0 0 0 0 0 0 0
 1142 15 6 0 0 0 0 0 0 0 0 0 0 0 0
 1151 15 7 0 0 0 0 0 0 0 0 0 0 0 0
 1160 16 0 0 3248268 2960424 453856 0 0 0 0 1441896 0 0 0
 1169 16 1 988752 0 3041708 382484 0 0 0 0 6802672 0 0 0
 1178 16 2 0 3104400 0 1144312 0 0 0 0 7267240 0 0 0
 1187 16 3 454172 448456 1262312 0 0 0 0 0 1978976 0 0 0
 1196 16 4 0 0 0 0 0 0 0 0 0 0 0 0
 1205 16 5 0 0 0 0 0 0 0 0 0 0 0 0
 1214 16 6 0 0 0 0 0 0 0 0 0 0 0 0
 1223 16 7 0 0 0 0 0 0 0 0 0 0 0 0
 1232 17 0 0 482920 2925096 429060 0 0 0 0 6645924 0 0 0
 1241 17 1 3317968 0 2955836 404932 0 0 0 0 1073196 0 0 0
 1250 17 2 2903504 589576 0 1153564 0 0 0 0 7045288 0 0 0
 1259 17 3 421884 0 1165508 0 0 0 0 0 1989248 0 0 0
 1268 17 4 0 0 0 0 0 0 0 0 0 0 0 0
 1277 17 5 0 0 0 0 0 0 0 0 0 0 0 0
 1286 17 6 0 0 0 0 0 0 0 0 0 0 0 0
 1295 17 7 0 0 0 0 0 0 0 0 0 0 0 0
 1304 18 0 0 3276256 509260 440680 0 0 0 0 6603920 0 0 0
 1313 18 1 3263892 0 0 403180 0 0 0 0 6688560 0 0 0
 1322 18 2 2926172 3005504 0 1147328 0 0 0 0 509460 0 0 0
 1331 18 3 413944 408500 0 0 0 0 0 0 1992212 0 0 0
 1340 18 4 0 0 0 0 0 0 0 0 0 0 0 0
 1349 18 5 0 0 0 0 0 0 0 0 0 0 0 0
 1358 18 6 0 0 0 0 0 0 0 0 0 0 0 0
 1367 18 7 0 0 0 0 0 0 0 0 0 0 0 0
 1376 19 0 0 3313436 2996800 0 0 0 0 0 6707000 0 0 0
 1385 19 1 3291932 0 2988696 0 0 0 0 0 6737728 0 0 0
 1394 19 2 2992472 3012316 0 313000 0 0 0 0 7153852 0 0 0
 1403 19 3 421348 410404 1164028 0 0 0 0 0 314432 0 0 0
 1412 19 4 0 0 0 0 0 0 0 0 0 0 0 0
 1421 19 5 0 0 0 0 0 0 0 0 0 0 0 0
 1430 19 6 0 0 0 0 0 0 0 0 0 0 0 0
 1439 19 7 0 0 0 0 0 0 0 0 0 0 0 0
 1448 20 0 0 3298844 3005288 401680 0 0 0 0 6662752 0 0 0
 1457 20 1 3321380 0 3055612 433908 0 0 0 0 6772468 0 0 0
 1466 20 2 2931404 3035628 0 1157300 0 0 0 0 7238304 0 0 0
 1475 20 3 409076 434176 1175288 0 0 0 0 0 1992368 0 0 0
 1484 20 4 0 0 0 0 0 0 0 0 0 0 0 0
 1493 20 5 0 0 0 0 0 0 0 0 0 0 0 0
 1502 20 6 0 0 0 0 0 0 0 0 0 0 0 0
 1511 20 7 0 0 0 0 0 0 0 0 0 0 0 0
 1520 21 0 0 3225132 2972912 432380 0 0 0 0 6557468 0 0 0
 1529 21 1 3221896 0 3059196 433096 0 0 0 0 6657608 0 0 0
 1538 21 2 2916356 3027888 0 1172296 0 0 0 0 7201848 0 0 0
 1547 21 3 418952 407600 1168440 0 0 0 0 0 2038564 0 0 0
 1556 21 4 0 0 0 0 0 0 0 0 0 0 0 0
 1565 21 5 0 0 0 0 0 0 0 0 0 0 0 0
 1574 21 6 0 0 0 0 0 0 0 0 0 0 0 0
 1583 21 7 0 0 0 0 0 0 0 0 0 0 0 0
 1592 22 0 0 3288244 2997668 418876 0 0 0 0 6617168 0 0 0
 1601 22 1 3285992 0 3069124 419484 0 0 0 0 6769520 0 0 0
 1610 22 2 2921796 3063592 0 1189384 0 0 0 0 7263840 0 0 0
 1619 22 3 406948 417260 1193488 0 0 0 0 0 2027800 0 0 0
 1628 22 4 0 0 0 0 0 0 0 0 0 0 0 0
 1637 22 5 0 0 0 0 0 0 0 0 0 0 0 0
 1646 22 6 0 0 0 0 0 0 0 0 0 0 0 0
 1655 22 7 0 0 0 0 0 0 0 0 0 0 0 0
 1664 23 0 0 3314364 2950632 422008 0 0 0 0 6542408 0 0 0
 1673 23 1 3210628 0 3151364 396224 0 0 0 0 6763576 0 0 0
 1682 23 2 2921956 3025504 0 1202772 0 0 0 0 7304784 0 0 0
 1691 23 3 408172 425464 1202036 0 0 0 0 0 2021804 0 0 0
 1700 23 4 0 0 0 0 0 0 0 0 0 0 0 0
 1709 23 5 0 0 0 0 0 0 0 0 0 0 0 0
 1718 23 6 0 0 0 0 0 0 0 0 0 0 0 0
 1727 23 7 0 0 0 0 0 0 0 0 0 0 0 0
 1736 24 0 0 3289484 3008100 447080 0 0 0 0 1468248 0 0 0
 1745 24 1 1010328 0 3095964 390756 0 0 0 0 6861648 0 0 0
 1754 24 2 0 3118832 0 1165896 0 0 0 0 7399940 0 0 0
 1763 24 3 458396 449012 1302048 0 0 0 0 0 2004744 0 0 0
 1772 24 4 0 0 0 0 0 0 0 0 0 0 0 0
 1781 24 5 0 0 0 0 0 0 0 0 0 0 0 0
 1790 24 6 0 0 0 0 0 0 0 0 0 0 0 0
 1799 24 7 0 0 0 0 0 0 0 0 0 0 0 0
 1808 25 0 0 493176 2986900 422432 0 0 0 0 6695272 0 0 0
 1817 25 1 3345832 0 3010012 406732 0 0 0 0 1089344 0 0 0
 1826 25 2 2942648 595716 0 1128804 0 0 0 0 7161712 0 0 0
 1835 25 3 409960 0 1161732 0 0 0 0 0 1959908 0 0 0
 1844 25 4 0 0 0 0 0 0 0 0 0 0 0 0
 1853 25 5 0 0 0 0 0 0 0 0 0 0 0 0
 1862 25 6 0 0 0 0 0 0 0 0 0 0 0 0
 1871 25 7 0 0 0 0 0 0 0 0 0 0 0 0
 1880 26 0 0 3289756 516100 414640 0 0 0 0 6679752 0 0 0
 1889 26 1 3308672 0 0 391188 0 0 0 0 6620816 0 0 0
 1898 26 2 2970516 2935084 0 1159268 0 0 0 0 516044 0 0 0
 1907 26 3 399576 396144 0 0 0 0 0 0 1965784 0 0 0
 1916 26 4 0 0 0 0 0 0 0 0 0 0 0 0
 1925 26 5 0 0 0 0 0 0 0 0 0 0 0 0
 1934 26 6 0 0 0 0 0 0 0 0 0 0 0 0
 1943 26 7 0 0 0 0 0 0 0 0 0 0 0 0
 1952 27 0 0 3326308 2913088 0 0 0 0 0 6742748 0 0 0
 1961 27 1 3369980 0 2977020 0 0 0 0 0 6772184 0 0 0
 1970 27 2 2948880 3014500 0 310008 0 0 0 0 7046724 0 0 0
 1979 27 3 422868 428136 1155632 0 0 0 0 0 310284 0 0 0
 1988 27 4 0 0 0 0 0 0 0 0 0 0 0 0
 1997 27 5 0 0 0 0 0 0 0 0 0 0 0 0
 2006 27 6 0 0 0 0 0 0 0 0 0 0 0 0
 2015 27 7 0 0 0 0 0 0 0 0 0 0 0 0
 2024 28 0 0 3255276 2873400 435352 0 0 0 0 6607264 0 0 0
 2033 28 1 3283708 0 3042540 412492 0 0 0 0 6651460 0 0 0
 2042 28 2 2899516 2986564 0 1193860 0 0 0 0 7114848 0 0 0
 2051 28 3 423340 407448 1201128 0 0 0 0 0 2040200 0 0 0
 2060 28 4 0 0 0 0 0 0 0 0 0 0 0 0
 2069 28 5 0 0 0 0 0 0 0 0 0 0 0 0
 2078 28 6 0 0 0 0 0 0 0 0 0 0 0 0
 2087 28 7 0 0 0 0 0 0 0 0 0 0 0 0
 2096 29 0 0 3301164 2941612 415996 0 0 0 0 6637560 0 0 0
 2105 29 1 3239708 0 3053320 419500 0 0 0 0 6731920 0 0 0
 2114 29 2 3001668 3026780 0 1183960 0 0 0 0 7147676 0 0 0
 2123 29 3 398556 402900 1151568 0 0 0 0 0 2018992 0 0 0
 2132 29 4 0 0 0 0 0 0 0 0 0 0 0 0
 2141 29 5 0 0 0 0 0 0 0 0 0 0 0 0
 2150 29 6 0 0 0 0 0 0 0 0 0 0 0 0
 2159 29 7 0 0 0 0 0 0 0 0 0 0 0 0
 2168 30 0 0 3296640 2994240 442024 0 0 0 0 6497476 0 0 0
 2177 30 1 3181784 0 3077684 407736 0 0 0 0 6753544 0 0 0
 2186 30 2 2899736 3031280 0 1170084 0 0 0 0 7276640 0 0 0
 2195 30 3 410888 422820 1202748 0 0 0 0 0 2017188 0 0 0
 2204 30 4 0 0 0 0 0 0 0 0 0 0 0 0
 2213 30 5 0 0 0 0 0 0 0 0 0 0 0 0
 2222 30 6 0 0 0 0 0 0 0 0 0 0 0 0
 2231 30 7 0 0 0 0 0 0 0 0 0 0 0 0
 2240 31 0 0 3319144 2971352 431428 0 0 0 0 6610648 0 0 0
 2249 31 1 3285292 0 3131716 417452 0 0 0 0 6811704 0 0 0
 2258 31 2 2902720 3062976 0 1193108 0 0 0 0 7291400 0 0 0
 2267 31 3 420748 429628 1187668 0 0 0 0 0 2040992 0 0 0
 2276 31 4 0 0 0 0 0 0 0 0 0 0 0 0
 2285 31 5 0 0 0 0 0 0 0 0 0 0 0 0
 2294 31 6 0 0 0 0 0 0 0 0 0 0 0 0
 2303 31 7 0 0 0 0 0 0 0 0 0 0 0 0
 2312 32 0 0 3238812 2947532 452984 0 0 0 0 6646500 0 0 0
 2321 32 1 3320080 0 2972916 411692 0 0 0 0 6662064 0 0 0
 2330 32 2 2922972 3024768 0 1167064 0 0 0 0 7119324 0 0 0
 2339 32 3 403708 399112 1195648 0 0 0 0 0 2031880 0 0 0
 2348 32 4 0 0 0 0 0 0 0 0 0 0 0 0
 2357 32 5 0 0 0 0 0 0 0 0 0 0 0 0
 2366 32 6 0 0 0 0 0 0 0 0 0 0 0 0
 2375 32 7 0 0 0 0 0 0 0 0 0 0 0 0