# Format <LP ID> <Terminal ID> <Job ID> <Local Rank> <Total sends> <Total Recvs> <Bytes sent> <Bytes recvd> <Send time> <Comm. time> <Compute time> <Avg msg time> <Max Msg Time>
 0 0 0 0 28000 28000 32064632 32064632 127483396.036627 139114164.731906 221281641.000000 0.000000 0.000000
 1 1 0 1 28000 28000 38753880 38753880 132463737.763704 147698314.059755 212697416.000000 0.000000 0.000000
 2 2 0 2 28000 28000 38747532 38747532 132458811.925057 142599197.552215 217796347.000000 0.000000 0.000000
 3 3 0 3 28000 24000 32501596 32493596 127856673.025697 157981587.445016 202414089.000000 0.000000 0.000000
 9 4 0 4 28000 32000 39170140 39178140 132804482.464145 137284347.015338 223112292.000000 0.000000 0.000000
 10 5 0 5 28000 24000 33759788 33751788 128579979.187698 153268463.430822 207128263.000000 0.000000 0.000000
 11 6 0 6 24000 24000 27933140 27933140 109765983.307467 175213855.723523 185164753.000000 0.000000 0.000000
 12 7 0 7 28000 32000 39588272 39596272 133368710.533338 137814831.467883 222578617.000000 0.000000 0.000000
 18 8 0 8 28000 24000 32924208 32916208 128208996.071087 153650714.424881 206742940.000000 0.000000 0.000000
 19 9 0 9 24000 28000 32912828 32920828 113699488.392471 166399972.383655 193975712.000000 0.000000 0.000000
 20 10 0 10 28000 28000 36667572 36667572 131010113.706824 145717634.461363 214673135.000000 0.000000 0.000000
 21 11 0 11 28000 24000 32918660 32910660 128288490.876924 153196590.104245 207194322.000000 0.000000 0.000000
 27 12 0 12 24000 24000 29573788 29573788 111343697.259833 153202194.303259 207171666.000000 0.000000 0.000000
 28 13 0 13 28000 32000 40403528 40411528 133804473.074139 117928406.736136 242476255.000000 0.000000 0.000000
 29 14 0 14 28000 24000 32512728 32504728 127933636.223442 128312566.550647 232092238.000000 0.000000 0.000000
 30 15 0 15 24000 28000 32515708 32523708 113446633.911317 144714540.121029 215673868.000000 0.000000 0.000000
 36 16 0 16 28000 28000 36259468 36259468 130633195.199678 126400886.805121 233999395.000000 0.000000 0.000000
 37 17 0 17 28000 24000 32512832 32504832 127969437.789975 131962851.835523 228437534.000000 0.000000 0.000000
 38 18 0 18 24000 28000 33333032 33341032 112916605.789998 146014136.133737 214370975.000000 0.000000 0.000000
 39 19 0 19 28000 28000 36672956 36672956 130377510.222010 127933521.018509 232472337.000000 0.000000 0.000000
 45 20 0 20 28000 24000 32510664 32502664 127043658.346070 132076452.275796 228329607.000000 0.000000 0.000000
 46 21 0 21 24000 28000 32493036 32501036 112658986.584984 144051657.917782 216339161.000000 0.000000 0.000000
 47 22 0 22 28000 28000 36248328 36248328 129835212.726511 128069375.291552 232327608.000000 0.000000 0.000000
 48 23 0 23 28000 24000 32512220 32504220 127116853.945711 132682920.482721 227714205.000000 0.000000 0.000000
 54 24 0 24 24000 28000 34574828 34582828 114085984.807649 149800777.081966 210581177.000000 0.000000 0.000000
 55 25 0 25 28000 28000 32086876 32086876 128580477.334020 151407406.951822 208992324.000000 0.000000 0.000000
 56 26 0 26 28000 28000 38747032 38747032 133499628.692520 142595373.089083 217804276.000000 0.000000 0.000000
 57 27 0 27 28000 28000 38731736 38731736 133638537.365890 142894571.917528 217504609.000000 0.000000 0.000000
 63 28 0 28 28000 24000 32499384 32491384 129094042.521187 155364637.982906 205034763.000000 0.000000 0.000000
 64 29 0 29 28000 32000 39165636 39173636 133709503.836893 136563700.882438 223833299.000000 0.000000 0.000000
 65 30 0 30 28000 24000 33762344 33754344 129750379.677181 152194101.240229 208203034.000000 0.000000 0.000000
 66 31 0 31 24000 24000 27919224 27919224 110961275.822716 174049075.970258 186331504.000000 0.000000 0.000000
 72 32 0 32 28000 32000 39589368 39597368 133955803.104646 137281853.427072 223121860.000000 0.000000 0.000000
 73 33 0 33 28000 24000 32931868 32923868 129108651.090523 153891391.753251 206512422.000000 0.000000 0.000000
 74 34 0 34 24000 28000 32917724 32925724 114285263.951312 165045886.969242 195339573.000000 0.000000 0.000000
 75 35 0 35 28000 28000 36670540 36670540 132031010.728566 145879933.889127 214527185.000000 0.000000 0.000000
 81 36 0 36 28000 24000 32926448 32918448 128299565.779571 124603518.173990 235803630.000000 0.000000 0.000000
 82 37 0 37 24000 24000 29578180 29578180 111370945.494469 149155874.118979 211233941.000000 0.000000 0.000000
 83 38 0 38 28000 32000 40395288 40403288 132890040.996318 108032595.476979 252373566.000000 0.000000 0.000000
 84 39 0 39 28000 24000 32509204 32501204 127420568.520476 126088242.525992 234318056.000000 0.000000 0.000000
 90 40 0 40 24000 28000 32489604 32497604 112698584.758210 138472410.696440 221916890.000000 0.000000 0.000000
 91 41 0 41 28000 28000 36249024 36249024 129669008.130962 120631816.656915 239774973.000000 0.000000 0.000000
 92 42 0 42 28000 24000 32512212 32504212 127167795.250907 126683223.190881 233723661.000000 0.000000 0.000000
 93 43 0 43 24000 28000 33330416 33338416 114131925.812059 139046227.229984 221345589.000000 0.000000 0.000000
 99 44 0 44 28000 28000 36664632 36664632 131078524.083228 120437266.540574 239964819.000000 0.000000 0.000000
 100 45 0 45 28000 24000 32512460 32504460 128053864.090940 126058871.143144 234343357.000000 0.000000 0.000000
 101 46 0 46 24000 28000 32504656 32512656 113402847.324984 135944543.901620 224442540.000000 0.000000 0.000000
 102 47 0 47 28000 28000 36240660 36240660 131141673.655830 120420067.471047 239979491.000000 0.000000 0.000000
 108 48 0 48 28000 24000 32497448 32489448 127943703.716700 140099292.386337 220300506.000000 0.000000 0.000000
 109 49 0 49 24000 28000 34559788 34567788 115043703.049877 162767862.475674 197616771.000000 0.000000 0.000000
 110 50 0 50 28000 28000 32073480 32073480 127569571.534168 149899938.105885 210498245.000000 0.000000 0.000000
 111 51 0 51 28000 28000 38736336 38736336 132450038.584260 141842958.802712 218555148.000000 0.000000 0.000000
 117 52 0 52 28000 28000 38740296 38740296 132602344.186221 140491756.483117 219905173.000000 0.000000 0.000000
 118 53 0 53 28000 24000 32496240 32488240 127933999.118896 154009045.423403 206387759.000000 0.000000 0.000000
 119 54 0 54 28000 32000 39172064 39180064 132898199.185646 134584909.978036 225812989.000000 0.000000 0.000000
 120 55 0 55 28000 24000 33734884 33726884 129235062.402585 150318752.823302 210079277.000000 0.000000 0.000000
 126 56 0 56 24000 24000 27921168 27921168 110081348.466373 171791143.109117 188587885.000000 0.000000 0.000000
 127 57 0 57 28000 32000 39571236 39579236 133289773.709477 135834016.245816 224567343.000000 0.000000 0.000000
 128 58 0 58 28000 24000 32913348 32905348 128455327.783068 151487983.206547 208913513.000000 0.000000 0.000000
 129 59 0 59 24000 28000 32901292 32909292 113922543.935833 162919972.922780 197464719.000000 0.000000 0.000000
 135 60 0 60 28000 28000 36652636 36652636 131064260.718737 111333577.662209 249068822.000000 0.000000 0.000000
 136 61 0 61 28000 24000 32903816 32895816 127117123.935015 122182388.715195 238220139.000000 0.000000 0.000000
 137 62 0 62 24000 24000 29578936 29578936 110147816.096978 140545568.045873 219840684.000000 0.000000 0.000000
 138 63 0 63 28000 32000 40420396 40428396 136658373.854986 106788801.757957 253610329.000000 0.000000 0.000000
 144 64 0 64 28000 24000 32511148 32503148 128826020.544457 121422468.994577 238977243.000000 0.000000 0.000000
 145 65 0 65 24000 28000 32486276 32494276 114426733.636575 133153049.523054 227230596.000000 0.000000 0.000000
 146 66 0 66 28000 28000 36263460 36263460 130732616.309766 117146494.672513 243258798.000000 0.000000 0.000000
 147 67 0 67 28000 24000 32516192 32508192 128006135.337104 121543682.214858 238861752.000000 0.000000 0.000000
 153 68 0 68 24000 28000 33328608 33336608 114818166.472080 133967678.441845 226422680.000000 0.000000 0.000000
 154 69 0 69 28000 28000 36652080 36652080 130668578.015773 116859775.584535 243539895.000000 0.000000 0.000000
 155 70 0 70 28000 24000 32513128 32505128 128013607.773508 120856141.120769 239543657.000000 0.000000 0.000000
 156 71 0 71 24000 28000 32502492 32510492 113571100.993658 130614714.242265 229770034.000000 0.000000 0.000000
 162 72 0 72 28000 28000 36243032 36243032 130788064.866230 131239252.647503 229163078.000000 0.000000 0.000000
 163 73 0 73 28000 24000 32513740 32505740 128070778.693804 151905045.120718 208497423.000000 0.000000 0.000000
 164 74 0 74 24000 28000 34580544 34588544 115687595.010990 159650911.674957 200734882.000000 0.000000 0.000000
 165 75 0 75 28000 28000 32073304 32073304 127895842.268564 147627466.353276 212769334.000000 0.000000 0.000000
 171 76 0 76 28000 28000 38745076 38745076 132768209.071105 140127478.532713 220269253.000000 0.000000 0.000000
 172 77 0 77 28000 28000 38745084 38745084 132178545.220092 139664905.155291 220731289.000000 0.000000 0.000000
 173 78 0 78 28000 24000 32506812 32498812 127848348.521580 153242123.756672 207154213.000000 0.000000 0.000000
 174 79 0 79 28000 32000 39157496 39165496 132188075.061768 134887676.722815 225512260.000000 0.000000 0.000000
 180 80 0 80 28000 24000 33753704 33745704 127966007.206281 150231933.885070 210168233.000000 0.000000 0.000000
 181 81 0 81 24000 24000 27913272 27913272 109207540.578651 171429952.747620 188949207.000000 0.000000 0.000000
 182 82 0 82 28000 32000 39590796 39598796 132328111.019042 137240979.390826 223159730.000000 0.000000 0.000000
 183 83 0 83 28000 24000 32925712 32917712 127753071.437365 152167087.435145 208233754.000000 0.000000 0.000000
 189 84 0 84 24000 28000 32915360 32923360 112887149.798448 137388040.263246 222996887.000000 0.000000 0.000000
 190 85 0 85 28000 28000 36667220 36667220 129844443.702714 120460794.787392 239942113.000000 0.000000 0.000000
 191 86 0 86 28000 24000 32913384 32905384 128360764.301548 127784029.626449 232618993.000000 0.000000 0.000000
 192 87 0 87 24000 24000 29579992 29579992 111379830.336581 149786117.432531 210598094.000000 0.000000 0.000000
 198 88 0 88 28000 32000 40408496 40416496 134589296.787383 113717614.757726 246685767.000000 0.000000 0.000000
 199 89 0 89 28000 24000 32501152 32493152 128811336.128977 128166810.864070 232236686.000000 0.000000 0.000000
 200 90 0 90 24000 28000 32488836 32496836 113969104.385250 142171532.939059 218214517.000000 0.000000 0.000000
 201 91 0 91 28000 28000 36249616 36249616 131776252.434254 122585246.316576 237821715.000000 0.000000 0.000000
 207 92 0 92 28000 24000 32511208 32503208 128036408.559459 128913425.968148 231493775.000000 0.000000 0.000000
 208 93 0 93 24000 28000 33332156 33340156 114106695.566430 142977851.121697 217412151.000000 0.000000 0.000000
 209 94 0 94 28000 28000 36649744 36649744 132833278.885221 121471525.931700 238929658.000000 0.000000 0.000000
 210 95 0 95 28000 24000 32494248 32486248 129763595.843171 128184466.164501 232216835.000000 0.000000 0.000000
 216 96 0 96 24000 28000 32497608 32505608 116045390.649541 201326183.712145 159058924.000000 0.000000 0.000000
 217 97 0 97 28000 28000 36236440 36236440 131950228.606692 204685037.175084 155710913.000000 0.000000 0.000000
 218 98 0 98 28000 24000 32480632 32472632 130421462.865699 208809172.608335 151586885.000000 0.000000 0.000000
 219 99 0 99 24000 28000 34541172 34549172 117642194.148895 212541146.822019 147840461.000000 0.000000 0.000000