# Format <LP ID> <Terminal ID> <Job ID> <Local Rank> <Total sends> <Total Recvs> <Bytes sent> <Bytes recvd> <Send time> <Comm. time> <Compute time> <Avg msg time> <Max Msg Time>
 0 0 0 0 386 386 375504 372576 34101170.047803 95303911.893926 421445414.000000 0.000000 0.000000
 1 1 0 1 436 436 499744 496960 91953583.866610 116096099.099034 400680969.000000 0.000000 0.000000
 2 2 0 2 432 432 380560 378304 21105563.770912 110709513.117369 406014323.000000 0.000000 0.000000
 3 3 0 3 438 438 501776 497360 2264159.359449 62912184.317302 453870765.000000 0.000000 0.000000
 4 4 0 4 798 798 634624 632464 59234947.426391 105656053.728608 411178033.000000 0.000000 0.000000
 5 5 0 5 566 566 505488 501888 73342829.642584 110560715.979286 406217948.000000 0.000000 0.000000
 6 6 0 6 378 378 377264 374768 111395298.278248 111199804.697473 405552232.000000 0.000000 0.000000
 7 7 0 7 636 636 503376 505680 208930810.650289 110163256.127432 406617530.000000 0.000000 0.000000
 8 8 0 8 430 430 377664 378480 112298144.484470 113731838.651512 403005036.000000 0.000000 0.000000
 9 9 0 9 648 648 505520 505424 73414898.975692 107099661.263996 409691593.000000 0.000000 0.000000
 10 10 0 10 646 646 628512 629376 58854587.012278 113716524.475518 403118618.000000 0.000000 0.000000
 11 11 0 11 618 618 504176 505712 51556754.258243 114108078.544092 402669890.000000 0.000000 0.000000
 12 12 0 12 764 764 628688 628640 186849953.373020 107911726.704068 408924470.000000 0.000000 0.000000
 13 13 0 13 1060 1060 760240 756640 261873669.048108 95783610.291237 421055583.000000 0.000000 0.000000
 14 14 0 14 640 640 627024 628944 215403870.393613 112157315.677437 404679939.000000 0.000000 0.000000
 15 15 0 15 496 496 498080 501104 117679926.987274 112315557.548338 404476753.000000 0.000000 0.000000
 16 16 0 16 818 818 629824 638080 132680019.750984 108181593.148423 408656717.000000 0.000000 0.000000
 17 17 0 17 562 562 503296 504928 104088985.764291 105047248.146517 411724256.000000 0.000000 0.000000
 18 18 0 18 420 420 375680 371408 115186773.834593 110192468.346725 406548900.000000 0.000000 0.000000
 19 19 0 19 500 500 499920 499536 103312371.394212 96811055.253985 419973314.000000 0.000000 0.000000
 20 20 0 20 446 446 377088 375792 111947046.150081 111264031.809593 405490972.000000 0.000000 0.000000
 21 21 0 21 562 562 503040 505680 121724868.009141 112498025.933972 404295339.000000 0.000000 0.000000
 22 22 0 22 842 842 635616 640320 147250946.922362 109862026.325535 406977339.000000 0.000000 0.000000
 23 23 0 23 556 556 500432 500288 117890200.126025 111397313.327445 405389169.000000 0.000000 0.000000
 24 24 0 24 458 458 377408 377984 15456247.913620 13756704.267654 502964206.000000 0.000000 0.000000
 25 25 0 25 568 568 500112 503712 15297932.167491 14205751.912125 502581788.000000 0.000000 0.000000
 26 26 0 26 420 420 373712 372320 13171635.512981 14411868.733986 502344323.000000 0.000000 0.000000