# Format <LP ID> <Rail ID> <Level ID> <Switch ID> <Busy time per switch port(s)># Switch ports: 8

 58 0 0 0 1473310.264195 2798129.442178 1459862.859251 2772366.087862 2334617.975640 2313381.596214 2160188.443880 1833261.854280
 59 0 1 32 164620.721655 469833.219089 875076.186003 343894.932271 4400919.003164 4132704.667045 4218305.282998 4282001.673188
 60 0 2 64 0.000000 1909348.860430 244221.515374 1632375.291173 2411413.513456 12432041.900249 6971910.824786 159488.362015
 119 0 0 1 1401467.842652 3114603.327198 821793.554975 1362862.881108 2900450.092011 2885122.450737 2792177.896067 2534958.433567
 120 0 1 33 161192.259621 457269.809877 873929.200065 333145.902315 4162181.426052 4200275.781415 4161079.276023 4443207.539027
 121 0 2 65 0.000000 1880818.201586 237112.161628 1665456.964737 2425518.180621 12536917.382677 7020897.350148 165221.674706
 180 0 0 2 1311404.437490 915405.887669 3415515.349716 2862963.028228 3434614.935105 3282741.278530 3224250.730835 3047880.329297
 181 0 1 34 155156.868361 447708.179233 882486.562802 351790.296347 4213651.430345 4219556.029813 4357981.302303 4072373.372754
 182 0 2 66 0.000000 1892620.242091 217255.833639 1577651.955918 2354211.973035 12475463.702177 6890601.134110 128629.103364
 241 0 0 3 2739111.460791 1717390.526193 1009397.886476 1087886.668058 2201218.208337 2237537.220825 2035354.620015 2036529.679055
 242 0 1 35 146956.456030 454961.765401 911329.941635 349158.007548 4499122.725050 4476711.105176 4376540.186187 4177136.403783
 243 0 2 67 0.000000 1915690.049075 215172.619529 1593892.813551 2089321.943717 12429836.103195 6967112.977839 135166.654593
 302 0 0 4 1351318.306841 3992862.192331 1272663.648587 3549680.183168 7938780.096616 7969400.009741 7726252.181459 7487616.483264
 303 0 1 36 596062.122913 13658.025604 3000982.118826 963580.693205 7583040.461440 8321586.028091 7963729.247185 7997299.667252
 304 0 2 68 0.000000 1820450.236344 227523.501035 1626384.800725 2229256.002111 12226557.867977 6885712.099988 140160.335681
 363 0 0 5 1170188.680926 1718108.177162 963956.637990 2210797.280048 6112562.931043 6113625.733066 6104731.000039 5947490.101782
 364 0 1 37 597461.719236 12227.020515 2921900.516129 952022.824090 7869125.539243 7615104.441477 7986730.348980 7842686.393047
 365 0 2 69 0.000000 1812020.754494 209232.076616 1662367.260664 2197240.386202 12269446.563406 6972490.176185 143803.995657
 424 0 0 6 4772983.661252 4712422.353589 4210400.453848 4211415.075000 5715776.720915 5639789.815568 5496496.285056 5291302.327044
 425 0 1 38 588262.291985 13439.361801 2915741.549913 979323.325389 8505326.398064 8079227.185889 8130292.953013 7743372.417064
 426 0 2 70 0.000000 1866318.792144 210293.861858 1687323.481629 2279366.982557 12218821.431619 6757598.920231 152454.248695
 485 0 0 7 3274836.089933 2209168.714512 3302178.438888 1715739.258847 5960622.454706 6040768.808658 5941893.963131 5714865.359052
 486 0 1 39 605072.614465 13458.183615 2829937.257841 927012.505457 7871288.882093 7854248.200412 7370085.147198 7462090.746948
 487 0 2 71 0.000000 1744250.663811 232239.420987 1614848.696116 2313218.601330 12159226.356941 6688776.165060 198753.931805
 546 0 0 8 3442509.739411 2295019.265214 2010459.187572 1263239.629159 4477483.669892 4510704.139241 4454542.475203 4268778.004891
 547 0 1 40 580475.445414 344080.132978 287884.976372 526542.473475 7502937.404634 7069341.011219 6849239.270597 7054325.911658
 548 0 2 72 0.000000 1806083.527218 218089.063929 1692064.018416 2236617.390985 12234889.626339 6951119.066711 97257.727568
 607 0 0 9 1463351.610894 1714879.553914 2529569.881960 2256348.851005 3272876.343402 3206479.399080 3105295.797531 2898051.719415
 608 0 1 41 576867.925359 347674.142817 290382.101708 520056.739228 7167311.275334 7112135.089315 7193008.087073 6886023.086672
 609 0 2 73 0.000000 1837260.024958 240521.399843 1679582.441180 2227371.490008 12259566.693704 6983272.495172 100515.230475
 668 0 0 10 2065344.730728 957648.796368 973449.924149 841419.473108 4202394.242122 4344891.604355 4156395.208749 3821294.546323
 669 0 1 42 577036.224351 359105.578667 284808.325152 539727.861559 7381687.761704 7392859.649844 7161966.936841 7269770.832240
 670 0 2 74 0.000000 1763560.534440 190372.560737 1643477.956174 2273621.240290 11953085.829404 6934156.864862 68864.561069
 729 0 0 11 995313.405094 6567195.965503 1123084.776432 1392514.205681 1763454.214493 1850330.779515 1867189.209544 1767173.467933
 730 0 1 43 558362.227747 357223.376292 282053.412217 540121.031082 7067315.075854 6656562.682732 7232471.966207 6775817.841123
 731 0 2 75 0.000000 1763085.239475 199294.262464 1641091.726740 2327021.033625 12091641.549603 6759948.392465 63149.030841
 790 0 0 12 1193611.850537 1629637.686442 1130913.096591 2803445.149141 7990234.620306 7870033.942381 7712318.412787 7452862.857430
 791 0 1 44 13405.883823 1746348.382660 2209743.408068 1329796.774595 7801612.113880 7515716.216893 7581395.636032 7333338.578157
 792 0 2 76 0.000000 1720678.089650 219798.568470 1776895.592405 2249380.238516 11637410.162762 6779277.149192 142709.382474
 851 0 0 13 7021983.364351 7167905.605033 1129445.055011 1032841.734042 3685451.974466 3561390.032810 3431187.591132 3357287.774266
 852 0 1 45 12939.613800 1718835.153661 2144398.666145 1272107.522734 7934956.993833 7742681.164243 8071172.615863 7661627.843765
 853 0 2 77 0.000000 1755433.770358 229946.184026 1707137.106901 2191441.069676 11717162.438782 6701200.320777 100352.146415
 912 0 0 14 1321122.733679 1192583.764425 7061132.350493 4403254.911585 4847634.047775 4846231.044987 4781301.517554 4528872.792653
 913 0 1 46 10935.714561 1670374.689330 2167377.495430 1310601.936253 7931810.418817 7331201.692489 7692941.481749 7328175.979381
 914 0 2 78 0.000000 1695669.750373 221038.133548 1673452.921842 2214755.710574 11707464.798774 6640391.722942 112050.691535
 973 0 0 15 5762873.686910 3390728.290581 1073459.399067 934532.388490 7836049.478221 7645650.010446 7443232.506300 7201069.994925
 974 0 1 47 9100.979908 1733715.638333 2174542.876256 1325261.498540 7431757.440558 7952759.569673 7585127.049445 7239064.134654
 975 0 2 79 0.000000 1590541.124344 196502.338102 1755035.283592 2214076.527124 11660113.590162 6767648.417352 136836.488949
 1034 0 0 16 1184604.813031 976766.635948 2518085.334394 1161934.532739 5006065.406686 4862262.743106 4852154.968022 4721293.716785
 1035 0 1 48 298051.896338 455510.743891 3572645.047247 435030.547854 7677994.187985 7367984.580709 7286938.185997 7339885.178857
 1095 0 0 17 1425460.942338 2139393.094180 985605.317146 1807932.222186 5728570.902642 5719844.339061 5906374.822001 5430065.974527
 1096 0 1 49 305647.368394 425295.145432 3540090.413912 458175.691737 7582441.362287 7263806.318774 7332383.156011 7305410.357033
 1156 0 0 18 1063799.886615 9032050.175609 888588.370834 8999159.772969 2724099.397697 2756134.873789 2649085.103361 2724900.048961
 1157 0 1 50 308904.578893 391298.624075 3666921.079345 480386.577754 7805930.511692 7635608.241806 7511078.048259 7663837.035441
 1217 0 0 19 848199.170058 1413482.284861 940515.835191 5468317.846766 5766388.027761 5695133.903132 5517324.924539 5352946.734418
 1218 0 1 51 307279.563854 374288.835041 3652450.043214 468744.415508 7368778.078099 6971674.164040 7466452.883793 7337621.603181
 1278 0 0 20 1078141.708230 3431983.897974 882719.708715 3297582.471720 7660144.490358 7518797.746125 7347888.102303 7267493.680028
 1279 0 1 52 888547.494813 512488.747998 5059954.732628 11683628.707983 2689367.369497 2791354.489203 2728708.524496 2715028.073181
 1339 0 0 21 1934341.241572 2926746.980548 1066935.257654 3610512.041326 6490614.968603 6399971.347382 6221562.362518 6057181.963234
 1340 0 1 53 903515.552475 495457.635015 5062946.615826 11437205.574257 2805800.340882 2707296.090391 2736071.923497 2631884.128474
 1400 0 0 22 6896133.668645 6645227.506727 5332010.373737 5177221.333512 2942216.156857 2926305.548355 2781052.506181 2655048.946621
 1401 0 1 54 923498.562867 514675.347993 4912563.542668 11316860.311866 2691493.355226 2750103.278916 2643771.073452 2727877.951226
 1461 0 0 23 11643436.264344 8786978.872529 10225720.214953 7438001.219115 797491.997398 806076.890289 783349.977344 746282.638226
 1462 0 1 55 906957.350497 517611.282841 4879141.063994 10811280.057133 2770956.710253 2750998.291740 2733552.583360 2714447.444991
 1522 0 0 24 10022146.394423 3266221.435157 7652762.405469 1308268.964715 4821316.590579 4621909.143981 4578994.284035 4483340.554026
 1523 0 1 56 4175779.838830 2906618.198589 1010716.734094 4075050.688685 7968096.247392 8029818.408186 7994510.712353 7754510.995231
 1583 0 0 25 1179273.999484 1459031.995701 7475307.917481 7805074.141360 5707760.606359 5678023.838570 5448782.851654 5309636.010629
 1584 0 1 57 4152880.465552 2801534.293746 936325.217544 4033137.112219 8394804.426036 8048907.948804 8058056.695449 7837395.245954
 1644 0 0 26 6148720.451781 1091871.108017 1326406.902340 955016.529394 7852675.851382 7756895.321687 7529870.623281 7177482.980026
 1645 0 1 58 4152853.091951 2809524.002566 987615.456131 4047524.893365 8148655.387338 8141433.805632 8004757.388506 7804374.544776
 1705 0 0 27 4956105.938403 4923779.003247 4769071.215721 4472691.557977 8981662.879436 8803202.504438 8645472.826085 8488623.912233
 1706 0 1 59 4122892.519889 2779277.222893 1058319.268172 3962237.001046 7926140.824898 7974495.283725 7911433.276912 7868974.547017
 1766 0 0 28 3977752.709069 1940646.271912 4219200.652974 1518675.200594 7514435.488646 7471122.802487 7420712.670029 7278956.122127
 1767 0 1 60 1211065.667601 1281238.599012 445239.983235 23011.627562 9901350.404503 9926518.891750 9776130.771842 9644004.373228
 1827 0 0 29 2129792.915893 1629256.440260 4101525.028490 3488850.735776 8707985.611016 8499677.624119 8335358.702892 8057456.283389
 1828 0 1 61 1220113.077346 1334283.744702 431378.969068 22743.329546 9934976.253229 9809958.314372 9566757.604603 9464698.744567
 1888 0 0 30 3402703.748263 2151209.864713 1254515.006946 1111021.875028 8156219.525840 7959776.613740 7748687.057166 7561084.020679
 1889 0 1 62 1265807.378660 1360905.949412 439027.380859 27368.889629 9760135.368388 9741712.223515 9544834.382129 9453433.262513
 1949 0 0 31 918143.966842 833891.625437 1543557.610191 921648.887998 7689850.149115 7512107.068901 7244382.625617 6847343.101513
 1950 0 1 63 1259009.740917 1362861.911518 442445.277842 23742.018187 9780026.992995 9754696.941679 9500987.617624 9436391.557613