# Format <LP ID> <Group ID> <Router ID> <Link traffic per router port(s)># Router ports in the order: 8 local channels, 4 global channels
 8 0 0 0 63755160 68683104 449560 0 0 0 0 0 0 0 0
 17 0 1 71701400 0 67982052 59867520 0 0 0 0 0 0 0 0
 26 0 2 68681520 74789556 0 121607624 0 0 0 0 0 0 0 0
 35 0 3 500728 60165064 129727240 0 92539348 0 0 0 0 0 0 0
 44 0 4 0 0 0 92343548 0 0 0 0 0 0 0 0
 53 0 5 0 0 0 0 0 0 0 0 0 0 0 0
 62 0 6 0 0 0 0 0 0 0 0 0 0 0 0
 71 0 7 0 0 0 0 0 0 0 0 0 0 0 0
 80 1 0 0 0 0 0 0 0 0 0 0 0 0 0
 89 1 1 0 0 0 0 0 0 0 0 0 0 0 0
 98 1 2 0 0 0 0 0 0 0 0 0 0 0 0
 107 1 3 0 0 0 0 0 0 0 0 0 0 0 0
 116 1 4 0 0 0 0 0 0 0 0 0 0 0 0
 125 1 5 0 0 0 0 0 0 0 0 0 0 0 0
 134 1 6 0 0 0 0 0 0 0 0 0 0 0 0
 143 1 7 0 0 0 0 0 0 0 0 0 0 0 0
 152 2 0 0 0 0 0 0 0 0 0 0 0 0 0
 161 2 1 0 0 0 0 0 0 0 0 0 0 0 0
 170 2 2 0 0 0 0 0 0 0 0 0 0 0 0
 179 2 3 0 0 0 0 0 0 0 0 0 0 0 0
 188 2 4 0 0 0 0 0 0 0 0 0 0 0 0
 197 2 5 0 0 0 0 0 0 0 0 0 0 0 0
 206 2 6 0 0 0 0 0 0 0 0 0 0 0 0
 215 2 7 0 0 0 0 0 0 0 0 0 0 0 0
 224 3 0 0 0 0 0 0 0 0 0 0 0 0 0
 233 3 1 0 0 0 0 0 0 0 0 0 0 0 0
 242 3 2 0 0 0 0 0 0 0 0 0 0 0 0
 251 3 3 0 0 0 0 0 0 0 0 0 0 0 0
 260 3 4 0 0 0 0 0 0 0 0 0 0 0 0
 269 3 5 0 0 0 0 0 0 0 0 0 0 0 0
 278 3 6 0 0 0 0 0 0 0 0 0 0 0 0
 287 3 7 0 0 0 0 0 0 0 0 0 0 0 0
 296 4 0 0 0 0 0 0 0 0 0 0 0 0 0
 305 4 1 0 0 0 0 0 0 0 0 0 0 0 0
 314 4 2 0 0 0 0 0 0 0 0 0 0 0 0
 323 4 3 0 0 0 0 0 0 0 0 0 0 0 0
 332 4 4 0 0 0 0 0 0 0 0 0 0 0 0
 341 4 5 0 0 0 0 0 0 0 0 0 0 0 0
 350 4 6 0 0 0 0 0 0 0 0 0 0 0 0
 359 4 7 0 0 0 0 0 0 0 0 0 0 0 0
 368 5 0 0 0 0 0 0 0 0 0 0 0 0 0
 377 5 1 0 0 0 0 0 0 0 0 0 0 0 0
 386 5 2 0 0 0 0 0 0 0 0 0 0 0 0
 395 5 3 0 0 0 0 0 0 0 0 0 0 0 0
 404 5 4 0 0 0 0 0 0 0 0 0 0 0 0
 413 5 5 0 0 0 0 0 0 0 0 0 0 0 0
 422 5 6 0 0 0 0 0 0 0 0 0 0 0 0
 431 5 7 0 0 0 0 0 0 0 0 0 0 0 0
 440 6 0 0 0 0 0 0 0 0 0 0 0 0 0
 449 6 1 0 0 0 0 0 0 0 0 0 0 0 0
 458 6 2 0 0 0 0 0 0 0 0 0 0 0 0
 467 6 3 0 0 0 0 0 0 0 0 0 0 0 0
 476 6 4 0 0 0 0 0 0 0 0 0 0 0 0
 485 6 5 0 0 0 0 0 0 0 0 0 0 0 0
 494 6 6 0 0 0 0 0 0 0 0 0 0 0 0
 503 6 7 0 0 0 0 0 0 0 0 0 0 0 0
 512 7 0 0 0 0 0 0 0 0 0 0 0 0 0
 521 7 1 0 0 0 0 0 0 0 0 0 0 0 0
 530 7 2 0 0 0 0 0 0 0 0 0 0 0 0
 539 7 3 0 0 0 0 0 0 0 0 0 0 0 0
 548 7 4 0 0 0 0 0 0 0 0 0 0 0 0
 557 7 5 0 0 0 0 0 0 0 0 0 0 0 0
 566 7 6 0 0 0 0 0 0 0 0 0 0 0 0
 575 7 7 0 0 0 0 0 0 0 0 0 0 0 0
 584 8 0 0 0 0 0 0 0 0 0 0 0 0 0
 593 8 1 0 0 0 0 0 0 0 0 0 0 0 0
 602 8 2 0 0 0 0 0 0 0 0 0 0 0 0
 611 8 3 0 0 0 0 0 0 0 0 0 0 0 0
 620 8 4 0 0 0 0 0 0 0 0 0 0 0 0
 629 8 5 0 0 0 0 0 0 0 0 0 0 0 0
 638 8 6 0 0 0 0 0 0 0 0 0 0 0 0
 647 8 7 0 0 0 0 0 0 0 0 0 0 0 0
 656 9 0 0 0 0 0 0 0 0 0 0 0 0 0
 665 9 1 0 0 0 0 0 0 0 0 0 0 0 0
 674 9 2 0 0 0 0 0 0 0 0 0 0 0 0
 683 9 3 0 0 0 0 0 0 0 0 0 0 0 0
 692 9 4 0 0 0 0 0 0 0 0 0 0 0 0
 701 9 5 0 0 0 0 0 0 0 0 0 0 0 0
 710 9 6 0 0 0 0 0 0 0 0 0 0 0 0
 719 9 7 0 0 0 0 0 0 0 0 0 0 0 0
 728 10 0 0 0 0 0 0 0 0 0 0 0 0 0
 737 10 1 0 0 0 0 0 0 0 0 0 0 0 0
 746 10 2 0 0 0 0 0 0 0 0 0 0 0 0
 755 10 3 0 0 0 0 0 0 0 0 0 0 0 0
 764 10 4 0 0 0 0 0 0 0 0 0 0 0 0
 773 10 5 0 0 0 0 0 0 0 0 0 0 0 0
 782 10 6 0 0 0 0 0 0 0 0 0 0 0 0
 791 10 7 0 0 0 0 0 0 0 0 0 0 0 0
 800 11 0 0 0 0 0 0 0 0 0 0 0 0 0
 809 11 1 0 0 0 0 0 0 0 0 0 0 0 0
 818 11 2 0 0 0 0 0 0 0 0 0 0 0 0
 827 11 3 0 0 0 0 0 0 0 0 0 0 0 0
 836 11 4 0 0 0 0 0 0 0 0 0 0 0 0
 845 11 5 0 0 0 0 0 0 0 0 0 0 0 0
 854 11 6 0 0 0 0 0 0 0 0 0 0 0 0
 863 11 7 0 0 0 0 0 0 0 0 0 0 0 0
 872 12 0 0 0 0 0 0 0 0 0 0 0 0 0
 881 12 1 0 0 0 0 0 0 0 0 0 0 0 0
 890 12 2 0 0 0 0 0 0 0 0 0 0 0 0
 899 12 3 0 0 0 0 0 0 0 0 0 0 0 0
 908 12 4 0 0 0 0 0 0 0 0 0 0 0 0
 917 12 5 0 0 0 0 0 0 0 0 0 0 0 0
 926 12 6 0 0 0 0 0 0 0 0 0 0 0 0
 935 12 7 0 0 0 0 0 0 0 0 0 0 0 0
 944 13 0 0 0 0 0 0 0 0 0 0 0 0 0
 953 13 1 0 0 0 0 0 0 0 0 0 0 0 0
 962 13 2 0 0 0 0 0 0 0 0 0 0 0 0
 971 13 3 0 0 0 0 0 0 0 0 0 0 0 0
 980 13 4 0 0 0 0 0 0 0 0 0 0 0 0
 989 13 5 0 0 0 0 0 0 0 0 0 0 0 0
 998 13 6 0 0 0 0 0 0 0 0 0 0 0 0
 1007 13 7 0 0 0 0 0 0 0 0 0 0 0 0
 1016 14 0 0 0 0 0 0 0 0 0 0 0 0 0
 1025 14 1 0 0 0 0 0 0 0 0 0 0 0 0
 1034 14 2 0 0 0 0 0 0 0 0 0 0 0 0
 1043 14 3 0 0 0 0 0 0 0 0 0 0 0 0
 1052 14 4 0 0 0 0 0 0 0 0 0 0 0 0
 1061 14 5 0 0 0 0 0 0 0 0 0 0 0 0
 1070 14 6 0 0 0 0 0 0 0 0 0 0 0 0
 1079 14 7 0 0 0 0 0 0 0 0 0 0 0 0
 1088 15 0 0 0 0 0 0 0 0 0 0 0 0 0
 1097 15 1 0 0 0 0 0 0 0 0 0 0 0 0
 1106 15 2 0 0 0 0 0 0 0 0 0 0 0 0
 1115 15 3 0 0 0 0 0 0 0 0 0 0 0 0
 1124 15 4 0 0 0 0 0 0 0 0 0 0 0 0
 1133 15 5 0 0 0 0 0 0 0 0 0 0 0 0
 1142 15 6 0 0 0 0 0 0 0 0 0 0 0 0
 1151 15 7 0 0 0 0 0 0 0 0 0 0 0 0
 1160 16 0 0 0 0 0 0 0 0 0 0 0 0 0
 1169 16 1 0 0 0 0 0 0 0 0 0 0 0 0
 1178 16 2 0 0 0 0 0 0 0 0 0 0 0 0
 1187 16 3 0 0 0 0 0 0 0 0 0 0 0 0
 1196 16 4 0 0 0 0 0 0 0 0 0 0 0 0
 1205 16 5 0 0 0 0 0 0 0 0 0 0 0 0
 1214 16 6 0 0 0 0 0 0 0 0 0 0 0 0
 1223 16 7 0 0 0 0 0 0 0 0 0 0 0 0
 1232 17 0 0 0 0 0 0 0 0 0 0 0 0 0
 1241 17 1 0 0 0 0 0 0 0 0 0 0 0 0
 1250 17 2 0 0 0 0 0 0 0 0 0 0 0 0
 1259 17 3 0 0 0 0 0 0 0 0 0 0 0 0
 1268 17 4 0 0 0 0 0 0 0 0 0 0 0 0
 1277 17 5 0 0 0 0 0 0 0 0 0 0 0 0
 1286 17 6 0 0 0 0 0 0 0 0 0 0 0 0
 1295 17 7 0 0 0 0 0 0 0 0 0 0 0 0
 1304 18 0 0 0 0 0 0 0 0 0 0 0 0 0
 1313 18 1 0 0 0 0 0 0 0 0 0 0 0 0
 1322 18 2 0 0 0 0 0 0 0 0 0 0 0 0
 1331 18 3 0 0 0 0 0 0 0 0 0 0 0 0
 1340 18 4 0 0 0 0 0 0 0 0 0 0 0 0
 1349 18 5 0 0 0 0 0 0 0 0 0 0 0 0
 1358 18 6 0 0 0 0 0 0 0 0 0 0 0 0
 1367 18 7 0 0 0 0 0 0 0 0 0 0 0 0
 1376 19 0 0 0 0 0 0 0 0 0 0 0 0 0
 1385 19 1 0 0 0 0 0 0 0 0 0 0 0 0
 1394 19 2 0 0 0 0 0 0 0 0 0 0 0 0
 1403 19 3 0 0 0 0 0 0 0 0 0 0 0 0
 1412 19 4 0 0 0 0 0 0 0 0 0 0 0 0
 1421 19 5 0 0 0 0 0 0 0 0 0 0 0 0
 1430 19 6 0 0 0 0 0 0 0 0 0 0 0 0
 1439 19 7 0 0 0 0 0 0 0 0 0 0 0 0
 1448 20 0 0 0 0 0 0 0 0 0 0 0 0 0
 1457 20 1 0 0 0 0 0 0 0 0 0 0 0 0
 1466 20 2 0 0 0 0 0 0 0 0 0 0 0 0
 1475 20 3 0 0 0 0 0 0 0 0 0 0 0 0
 1484 20 4 0 0 0 0 0 0 0 0 0 0 0 0
 1493 20 5 0 0 0 0 0 0 0 0 0 0 0 0
 1502 20 6 0 0 0 0 0 0 0 0 0 0 0 0
 1511 20 7 0 0 0 0 0 0 0 0 0 0 0 0
 1520 21 0 0 0 0 0 0 0 0 0 0 0 0 0
 1529 21 1 0 0 0 0 0 0 0 0 0 0 0 0
 1538 21 2 0 0 0 0 0 0 0 0 0 0 0 0
 1547 21 3 0 0 0 0 0 0 0 0 0 0 0 0
 1556 21 4 0 0 0 0 0 0 0 0 0 0 0 0
 1565 21 5 0 0 0 0 0 0 0 0 0 0 0 0
 1574 21 6 0 0 0 0 0 0 0 0 0 0 0 0
 1583 21 7 0 0 0 0 0 0 0 0 0 0 0 0
 1592 22 0 0 0 0 0 0 0 0 0 0 0 0 0
 1601 22 1 0 0 0 0 0 0 0 0 0 0 0 0
 1610 22 2 0 0 0 0 0 0 0 0 0 0 0 0
 1619 22 3 0 0 0 0 0 0 0 0 0 0 0 0
 1628 22 4 0 0 0 0 0 0 0 0 0 0 0 0
 1637 22 5 0 0 0 0 0 0 0 0 0 0 0 0
 1646 22 6 0 0 0 0 0 0 0 0 0 0 0 0
 1655 22 7 0 0 0 0 0 0 0 0 0 0 0 0
 1664 23 0 0 0 0 0 0 0 0 0 0 0 0 0
 1673 23 1 0 0 0 0 0 0 0 0 0 0 0 0
 1682 23 2 0 0 0 0 0 0 0 0 0 0 0 0
 1691 23 3 0 0 0 0 0 0 0 0 0 0 0 0
 1700 23 4 0 0 0 0 0 0 0 0 0 0 0 0
 1709 23 5 0 0 0 0 0 0 0 0 0 0 0 0
 1718 23 6 0 0 0 0 0 0 0 0 0 0 0 0
 1727 23 7 0 0 0 0 0 0 0 0 0 0 0 0
 1736 24 0 0 0 0 0 0 0 0 0 0 0 0 0
 1745 24 1 0 0 0 0 0 0 0 0 0 0 0 0
 1754 24 2 0 0 0 0 0 0 0 0 0 0 0 0
 1763 24 3 0 0 0 0 0 0 0 0 0 0 0 0
 1772 24 4 0 0 0 0 0 0 0 0 0 0 0 0
 1781 24 5 0 0 0 0 0 0 0 0 0 0 0 0
 1790 24 6 0 0 0 0 0 0 0 0 0 0 0 0
 1799 24 7 0 0 0 0 0 0 0 0 0 0 0 0
 1808 25 0 0 0 0 0 0 0 0 0 0 0 0 0
 1817 25 1 0 0 0 0 0 0 0 0 0 0 0 0
 1826 25 2 0 0 0 0 0 0 0 0 0 0 0 0
 1835 25 3 0 0 0 0 0 0 0 0 0 0 0 0
 1844 25 4 0 0 0 0 0 0 0 0 0 0 0 0
 1853 25 5 0 0 0 0 0 0 0 0 0 0 0 0
 1862 25 6 0 0 0 0 0 0 0 0 0 0 0 0
 1871 25 7 0 0 0 0 0 0 0 0 0 0 0 0
 1880 26 0 0 0 0 0 0 0 0 0 0 0 0 0
 1889 26 1 0 0 0 0 0 0 0 0 0 0 0 0
 1898 26 2 0 0 0 0 0 0 0 0 0 0 0 0
 1907 26 3 0 0 0 0 0 0 0 0 0 0 0 0
 1916 26 4 0 0 0 0 0 0 0 0 0 0 0 0
 1925 26 5 0 0 0 0 0 0 0 0 0 0 0 0
 1934 26 6 0 0 0 0 0 0 0 0 0 0 0 0
 1943 26 7 0 0 0 0 0 0 0 0 0 0 0 0
 1952 27 0 0 0 0 0 0 0 0 0 0 0 0 0
 1961 27 1 0 0 0 0 0 0 0 0 0 0 0 0
 1970 27 2 0 0 0 0 0 0 0 0 0 0 0 0
 1979 27 3 0 0 0 0 0 0 0 0 0 0 0 0
 1988 27 4 0 0 0 0 0 0 0 0 0 0 0 0
 1997 27 5 0 0 0 0 0 0 0 0 0 0 0 0
 2006 27 6 0 0 0 0 0 0 0 0 0 0 0 0
 2015 27 7 0 0 0 0 0 0 0 0 0 0 0 0
 2024 28 0 0 0 0 0 0 0 0 0 0 0 0 0
 2033 28 1 0 0 0 0 0 0 0 0 0 0 0 0
 2042 28 2 0 0 0 0 0 0 0 0 0 0 0 0
 2051 28 3 0 0 0 0 0 0 0 0 0 0 0 0
 2060 28 4 0 0 0 0 0 0 0 0 0 0 0 0
 2069 28 5 0 0 0 0 0 0 0 0 0 0 0 0
 2078 28 6 0 0 0 0 0 0 0 0 0 0 0 0
 2087 28 7 0 0 0 0 0 0 0 0 0 0 0 0
 2096 29 0 0 0 0 0 0 0 0 0 0 0 0 0
 2105 29 1 0 0 0 0 0 0 0 0 0 0 0 0
 2114 29 2 0 0 0 0 0 0 0 0 0 0 0 0
 2123 29 3 0 0 0 0 0 0 0 0 0 0 0 0
 2132 29 4 0 0 0 0 0 0 0 0 0 0 0 0
 2141 29 5 0 0 0 0 0 0 0 0 0 0 0 0
 2150 29 6 0 0 0 0 0 0 0 0 0 0 0 0
 2159 29 7 0 0 0 0 0 0 0 0 0 0 0 0
 2168 30 0 0 0 0 0 0 0 0 0 0 0 0 0
 2177 30 1 0 0 0 0 0 0 0 0 0 0 0 0
 2186 30 2 0 0 0 0 0 0 0 0 0 0 0 0
 2195 30 3 0 0 0 0 0 0 0 0 0 0 0 0
 2204 30 4 0 0 0 0 0 0 0 0 0 0 0 0
 2213 30 5 0 0 0 0 0 0 0 0 0 0 0 0
 2222 30 6 0 0 0 0 0 0 0 0 0 0 0 0
 2231 30 7 0 0 0 0 0 0 0 0 0 0 0 0
 2240 31 0 0 0 0 0 0 0 0 0 0 0 0 0
 2249 31 1 0 0 0 0 0 0 0 0 0 0 0 0
 2258 31 2 0 0 0 0 0 0 0 0 0 0 0 0
 2267 31 3 0 0 0 0 0 0 0 0 0 0 0 0
 2276 31 4 0 0 0 0 0 0 0 0 0 0 0 0
 2285 31 5 0 0 0 0 0 0 0 0 0 0 0 0
 2294 31 6 0 0 0 0 0 0 0 0 0 0 0 0
 2303 31 7 0 0 0 0 0 0 0 0 0 0 0 0
 2312 32 0 0 0 0 0 0 0 0 0 0 0 0 0
 2321 32 1 0 0 0 0 0 0 0 0 0 0 0 0
 2330 32 2 0 0 0 0 0 0 0 0 0 0 0 0
 2339 32 3 0 0 0 0 0 0 0 0 0 0 0 0
 2348 32 4 0 0 0 0 0 0 0 0 0 0 0 0
 2357 32 5 0 0 0 0 0 0 0 0 0 0 0 0
 2366 32 6 0 0 0 0 0 0 0 0 0 0 0 0
 2375 32 7 0 0 0 0 0 0 0 0 0 0 0 0