# Format <LP ID> <Terminal ID> <Job ID> <Local Rank> <Total sends> <Total Recvs> <Bytes sent> <Bytes recvd> <Send time> <Comm. time> <Compute time> <Avg msg time> <Max Msg Time>
 0 0 0 0 1020 1020 67012300 70881100 24575778.070103 1756463543.209282 57406436991.000000 0.000000 0.000000
 1 1 0 1 1632 1632 101528728 105447128 168155679.230316 1827830447.721008 57323291980.000000 0.000000 0.000000
 2 2 0 2 816 816 64553208 64638008 198659383.796709 1255853399.709900 57899727488.000000 0.000000 0.000000
 3 3 0 3 1428 1428 105341284 105466084 33401856.157612 1106598799.222328 58050943880.000000 0.000000 0.000000
 9 4 0 4 816 816 68151920 64011120 216594412.520546 2134398269.942650 57022544870.000000 0.000000 0.000000
 10 5 0 5 1632 1632 109551896 105659096 35054900.175617 1225641723.026268 57924820320.000000 0.000000 0.000000
 11 6 0 6 816 816 79113784 78958584 158654491.765205 159461418.401764 58999340864.000000 0.000000 0.000000
 12 7 0 7 1428 1428 112033708 119382508 277322182.549074 2542277594.217041 56603730388.000000 0.000000 0.000000
 18 8 0 8 1020 1020 100114004 93552404 97436865.758938 1007034960.985550 58147133946.000000 0.000000 0.000000
 19 9 0 9 1632 1632 101528728 105447128 78050820.271999 2067374661.009628 57086378198.000000 0.000000 0.000000
 20 10 0 10 1020 1020 67012300 70881100 60017956.135063 2217527991.199135 56924030378.000000 0.000000 0.000000
 21 11 0 11 1428 1428 98869004 98953804 31819080.236423 1233924096.473869 57922016563.000000 0.000000 0.000000
 27 12 0 12 816 816 70776616 70899816 22642629182.536423 23737644125.200195 35257015751.000000 0.000000 0.000000
 28 13 0 13 1632 1632 102394744 98201144 22546960148.478882 24161199021.500046 34827608262.000000 0.000000 0.000000
 29 14 0 14 1020 1020 75035964 71192764 22511749404.494251 24154948590.539940 34832504007.000000 0.000000 0.000000
 30 15 0 15 1632 1632 130830952 130083752 22530176282.234711 23356813775.072586 35638382612.000000 0.000000 0.000000
 36 16 0 16 816 816 86534816 93885216 268416766.232674 23934732913.681946 35053935882.000000 0.000000 0.000000
 37 17 0 17 612 612 74862620 67705820 25530774.885740 22539458254.333450 36453416056.000000 0.000000 0.000000