# Format <LP ID> <Group ID> <Router ID> <Link traffic per router port(s)># Router ports in the order: 10 local channels, 5 global channels
 10 0 0 0 250544 720256 557056 50320 49848 60872 263992 108248 105312 99424 136048 120496 127096 104352
 21 0 1 229960 0 348704 745136 582896 82152 87976 203792 604520 482896 947424 277336 270472 239184 83440
 32 0 2 734608 332480 0 544192 492624 543752 79088 98552 116696 332872 581208 287360 262584 216456 87448
 43 0 3 387680 740464 562912 0 597528 822200 864680 415472 446376 439888 3023632 241256 218392 162040 37384
 54 0 4 85128 577008 484176 572544 0 266960 503456 549616 130664 145096 325216 292592 279256 156656 96912
 65 0 5 92480 82304 544688 789456 262104 0 256600 506632 581576 119624 302448 295696 293352 94776 92272
 76 0 6 81264 84336 83152 845968 491088 243352 0 274992 543600 599536 320464 297912 284064 108304 102608
 87 0 7 92360 201424 93160 384024 543968 505040 279792 0 304680 558184 293568 301352 291792 98448 98360
 98 0 8 149520 580992 115304 427136 122472 585720 528264 302648 0 344512 297368 302872 302856 98176 101488
 109 0 9 118720 458608 324096 394912 149792 122216 588992 562848 347064 0 301064 290024 283304 107688 97528
 120 1 0 0 573392 680440 938824 162888 116872 129752 341768 180592 222888 913376 309520 278192 289864 113048
 131 1 1 527232 0 164840 586312 740856 88104 87896 86944 327152 142856 120520 148432 135208 140704 118656
 142 1 2 664328 157368 0 303432 784552 567232 98112 221944 414032 663872 981544 302880 258136 201264 100664
 153 1 3 965264 583312 288120 0 575696 491704 543432 101240 122328 126984 731856 309464 306248 235440 100360
 164 1 4 153952 630184 787440 593560 0 579016 811448 883512 452880 411752 3047832 252536 245736 124976 63272
 175 1 5 119848 126304 550584 488704 551928 0 246624 511248 589208 145512 337608 319536 302888 123328 117880
 186 1 6 119640 117928 108008 543104 775432 254584 0 277168 540696 568800 333448 305760 309904 118776 115328
 197 1 7 342360 131944 224416 105224 848544 508608 285392 0 316712 565608 341456 303896 301824 111488 115200
 208 1 8 188864 183456 386536 126656 405328 582720 526512 309416 0 345936 328064 311600 322792 122712 119088
 219 1 9 233416 168184 647336 125056 402360 147440 585656 553368 349448 0 319784 310280 301008 122808 105008
 230 2 0 0 674016 533440 672152 400656 150816 122136 338936 224968 572456 567144 297816 300968 305168 110648
 241 2 1 701544 0 373440 536016 686848 341752 126128 110520 343552 226528 944464 298984 307848 269848 111248
 252 2 2 478672 357720 0 255904 495920 725992 62656 71568 71680 287904 117312 134864 144600 129744 123464
 263 2 3 654664 549976 223512 0 188456 773304 543184 80568 152952 490008 696248 315992 283864 233680 95720
 274 2 4 431192 687920 510752 176824 0 560088 489936 544848 93944 161608 739608 292560 302688 171384 110640
 285 2 5 158880 369072 667216 766472 576216 0 557968 816856 859392 449272 2963048 258064 241728 64360 62560
 296 2 6 135216 118552 99752 547504 480784 526864 0 264312 389616 387000 335144 324288 297472 116008 121192
 307 2 7 337744 116176 94824 85784 535176 779568 259080 0 271680 198424 340368 303480 329192 120328 113040
 318 2 8 219104 321648 112128 155336 100552 838536 394904 280880 0 362184 355096 312856 310264 114872 105112
 329 2 9 536752 234704 197400 459704 169128 431952 390472 189384 355368 0 302472 301536 301992 122296 127744
 340 3 0 0 691352 945008 794184 504520 749512 508280 682464 481320 287832 2996384 326216 320768 318584 126352
 351 3 1 678776 0 599384 571096 700400 252120 428488 225960 517728 568360 754848 369256 363376 338152 178880
 362 3 2 934608 632896 0 285752 594056 656976 458832 187472 220280 411784 662144 387448 363832 277704 177328
 373 3 3 846488 499576 285592 0 278864 517968 752864 99112 101408 99544 181432 202392 220584 198496 196576
 384 3 4 453552 678920 580952 276200 0 340432 862520 756544 467400 529520 1106920 360280 365392 224720 166872
 395 3 5 740248 264648 647256 544096 343384 0 509416 588400 646240 210704 760872 368056 361224 182376 171656
 406 3 6 469712 452736 466824 726896 857080 520560 0 667056 917592 972464 3099128 318304 299376 128712 129872
 417 3 7 650544 228424 179112 173592 732272 574232 652592 0 383504 672384 411216 379472 380592 182328 188888
 428 3 8 454112 513584 212520 196104 443704 632816 872712 383320 0 415488 401168 381536 383928 180256 182968
 439 3 9 303816 551240 428792 198664 513648 206360 935352 642776 413208 0 415968 373352 370064 186232 195776
 450 4 0 0 713184 641024 1001344 196768 216920 472872 455976 265768 301472 325792 414576 381048 393312 189744
 461 4 1 746280 0 734088 1147448 806192 524936 588728 739344 693608 299104 3019736 337456 328672 290488 135224
 472 4 2 640624 710288 0 439528 557840 617232 208872 498840 286688 722784 726888 374144 376832 286184 176400
 483 4 3 1052032 1179304 454552 0 289928 566808 623792 448816 193168 211528 1099552 379264 336624 279040 169472
 494 4 4 109040 844672 497656 307560 0 280128 506232 789520 96072 103752 196504 207808 216504 198264 202584
 505 4 5 206616 492920 614728 562584 269080 0 335264 987704 919680 529888 1117208 378936 355576 168472 163776
 516 4 6 510648 553064 220056 615368 543672 326464 0 645856 602928 667512 789432 386896 383208 193896 180616
 527 4 7 440752 722400 524856 489432 760416 968576 673832 0 589136 942200 3129752 326944 329088 137232 134856
 538 4 8 283248 658200 287440 197416 192248 891776 601392 557160 0 425400 422824 376256 394144 195048 192408
 549 4 9 297488 298232 681312 192584 206664 496288 659856 901216 439056 0 396160 384632 379232 205440 195912
 560 5 0 0 461888 910808 740528 495016 206960 196304 676832 300680 302944 294864 413928 366168 375024 198056
 571 5 1 466264 0 723968 616672 953624 188984 197528 287712 662416 247464 347144 396296 397648 353016 189752
 582 5 2 933328 718928 0 669112 979312 748104 480072 512968 734152 427040 2948200 324944 323968 265912 141520
 593 5 3 706064 605808 642024 0 348840 536584 623584 193080 558656 500200 772336 388304 356176 306496 195632
 604 5 4 525464 989192 981824 353560 0 270448 584144 625600 494400 197296 1078896 376304 379128 241232 179256
 615 5 5 108168 108176 758488 495544 284880 0 263600 250512 517016 108328 198464 208680 216144 186296 190408
 626 5 6 204784 199504 446536 607928 567200 284800 0 469320 782792 675432 1058200 355360 359736 165384 176400
 637 5 7 723752 305648 476928 198992 631760 297656 441856 0 660728 230424 821400 363232 381408 174760 192560
 648 5 8 303600 685112 720168 589864 525256 518176 765064 675560 0 691176 3038448 320240 336832 135168 137608
 659 5 9 295528 259632 412608 468896 201016 199608 637120 251336 667120 0 420376 374408 402664 193672 190488
 670 6 0 0 434032 663232 999504 197056 446208 199192 406864 532832 343216 337784 435512 377304 380512 200008
 681 6 1 442576 0 416104 890600 694912 454288 193640 202600 521480 491568 315104 411344 377040 360496 197728
 692 6 2 668880 416480 0 635424 577024 728000 165904 201488 229376 693632 336584 406224 366448 329368 195376
 703 6 3 1051720 930000 666696 0 668632 863760 751008 471904 469656 509936 3036408 306304 310136 255080 131088
 714 6 4 187584 699136 572224 638312 0 354008 553672 638256 274280 796016 811880 382856 369384 225992 186232
 725 6 5 473272 483480 735176 847368 328656 0 285400 573256 650400 505568 1057792 374664 362904 185280 173296
 736 6 6 100672 99432 101096 756640 518456 266944 0 283296 510168 785984 198080 210384 210304 189312 200224
 747 6 7 425952 207936 187784 449016 630752 581888 294944 0 665640 1257992 1086920 357848 360760 182544 171280
 758 6 8 562584 530184 229096 433488 267280 651128 569112 641512 0 702552 800816 377168 387040 188704 187288
 769 6 9 359376 527680 739088 537056 794416 519136 788216 1199808 727152 0 3126272 324512 328640 117992 135176
 780 7 0 0 709392 933520 1071120 808856 529368 801736 558320 570464 870024 215888 3154920 318664 306816 130040
 791 7 1 648072 0 281504 636784 986576 195496 440208 206640 443056 372248 350576 442192 400440 370720 188856
 802 7 2 894336 303968 0 355720 874496 634464 267112 190984 221360 451944 321504 411624 363472 309208 190736
 813 7 3 1034664 614232 359176 0 644632 563968 624208 174592 201224 218832 421432 429472 367792 318008 193184
 824 7 4 819536 1028440 889896 677752 0 670296 849928 759048 441800 228016 3097256 341176 324968 191848 141368
 835 7 5 512032 186600 626408 560248 633072 0 335448 577920 744512 497672 798744 391192 350656 183752 191360
 846 7 6 815976 482432 284912 618712 835872 334776 0 293264 598464 668792 1101064 377864 343216 175648 163912
 857 7 7 565872 118456 111792 110328 770744 541016 295080 0 404888 534664 192160 216144 204416 198576 189808
 868 7 8 558328 435160 218504 201056 433024 719008 595864 434896 0 749096 1103192 368384 369968 190280 176536
 879 7 9 872968 376616 441576 215168 214808 465288 670248 595952 706200 0 818152 392896 383664 185880 184960
 890 8 0 0 522456 647328 743032 251984 476232 196032 703064 257288 307880 303128 808280 380424 379392 203112
 901 8 1 549704 0 713000 926360 994392 800344 495056 755952 563176 555032 245576 3035592 323728 287600 140736
 912 8 2 662400 677144 0 354616 590776 924784 179768 297792 198024 441480 350000 443624 370352 320520 198224
 923 8 3 750824 892624 366096 0 244048 848320 627632 181544 194584 209984 402168 410592 371800 307704 188760
 934 8 4 227352 965984 584728 239600 0 629208 181576 391624 199808 200568 421648 423048 399760 257624 196960
 945 8 5 514104 788912 961472 899856 658032 0 621552 459344 434504 226800 3002864 332880 305784 134464 145664
 956 8 6 195752 469304 170880 621584 188968 578112 0 375976 400600 966848 811800 384504 358320 188912 179736
 967 8 7 765472 771072 310048 171944 389136 453888 375432 0 357632 742760 1095824 379880 366544 172856 180648
 978 8 8 180264 573728 141928 135640 131600 467304 349824 332160 0 559264 187624 220992 226352 189816 195312
 989 8 9 307136 548024 447720 205968 198336 231280 917976 744536 612688 0 1074136 365944 383712 183240 189448
 1000 9 0 0 734376 659272 733360 202256 226272 480944 523128 823072 566496 271304 1092176 358800 368896 180416
 1011 9 1 713912 0 655944 621840 689912 201288 474784 222160 668872 256008 315320 793152 389240 349064 191440
 1022 9 2 653816 668600 0 657904 910856 954848 796768 516448 630536 514000 249984 3111640 309896 256384 135184
 1033 9 3 727536 617112 614952 0 364104 575952 905408 178280 205664 225136 426976 414880 364544 320504 199352
 1044 9 4 196496 701952 870216 354464 0 345584 864712 620248 191016 202976 408864 390712 383416 259976 203728
 1055 9 5 227264 195784 939400 578256 335984 0 499824 585000 645296 214784 409648 426152 373240 192184 191016
 1066 9 6 510280 506808 805968 957152 910000 527928 0 663864 834280 498272 3090816 319088 309136 121792 136736
 1077 9 7 514696 223952 484744 165968 627096 587032 631888 0 473432 916984 803080 366304 390960 195768 181440
 1088 9 8 832168 697592 609360 201088 200080 650512 820432 469432 0 387032 1103200 372264 367104 170408 171976
 1099 9 9 510952 189328 579320 168216 145200 141448 543912 821760 337768 0 186208 220832 240576 201312 187656
 1110 10 0 0 350232 829096 616216 147208 129968 162288 557144 200960 498816 210584 188504 223696 240832 199056
 1121 10 1 392552 0 469520 845984 688480 198440 210240 597880 708128 837568 296376 1117800 364880 353888 175816
 1132 10 2 895752 481288 0 629992 584096 626168 171912 483056 202880 514256 306856 786304 373712 300736 173768
 1143 10 3 508616 834696 650520 0 661736 895664 936600 804056 515600 501256 314232 3146432 322640 243416 138064
 1154 10 4 200648 692448 575240 672192 0 337656 567216 918824 191248 232992 425136 398544 384176 247960 202456
 1165 10 5 198720 204832 629856 854448 348288 0 330576 874376 656896 202104 388656 408296 355080 193928 197496
 1176 10 6 220840 199568 172544 909368 573352 325592 0 644032 630216 655616 424528 416384 392384 193688 198400
 1187 10 7 518736 627832 510160 812480 964504 906752 674136 0 542912 655320 3108712 323472 325040 127376 140416
 1198 10 8 254608 703512 213064 485784 205384 654456 623264 511568 0 711080 778872 395864 379112 192440 187224
 1209 10 9 580080 862576 536368 481544 227240 201760 676704 653000 678592 0 1083608 368840 361848 179312 179072
 1220 11 0 0 654536 754536 1011344 241032 199192 201256 462448 530968 284960 296512 1061280 389736 381000 188032
 1231 11 1 606088 0 346704 616248 780984 138664 128536 155408 583096 184216 213320 193680 220048 227872 191560
 1242 11 2 730976 359504 0 368872 841672 518096 173712 297896 765600 675176 291000 1049056 364568 300608 174120
 1253 11 3 1036888 657704 368328 0 624920 186984 350584 176352 475616 189440 386864 797488 371008 306744 184664
 1264 11 4 237456 712880 859408 651672 0 647944 492304 689440 807304 481712 340704 2979880 321592 203032 143760
 1275 11 5 201280 188216 482352 199656 604936 0 321832 463848 932856 213576 414624 442896 374672 191824 188872
 1286 11 6 190488 206384 174176 368136 472456 325792 0 347992 887912 678016 380800 400384 378728 186952 177472
 1297 11 7 451280 216224 284280 181432 662312 445960 370192 0 651136 633296 428928 418560 399576 205496 193816
 1308 11 8 540864 573232 787256 502496 805552 965544 893952 684000 0 515096 3039832 326128 323040 126704 134000
 1319 11 9 300304 242744 668368 195696 457536 226200 652752 639592 505496 0 772296 387872 366040 190952 185264
 1330 12 0 0 669376 592304 729760 460184 220952 215128 435744 372024 868992 290456 807056 370624 372400 195984
 1341 12 1 726056 0 428264 622184 773120 415920 198208 223832 429776 546696 298288 1030984 380120 337648 176376
 1352 12 2 521480 413296 0 286528 531984 754848 114456 110416 120600 547696 202592 190096 215080 197000 195136
 1363 12 3 723216 619616 302840 0 374816 854448 616432 274112 477248 824760 379672 1111536 346064 282768 175528
 1374 12 4 502064 776680 558672 371944 0 633704 574832 621944 202312 489832 384328 821984 381184 241576 176752
 1385 12 5 225536 439032 746112 849976 647888 0 652064 914832 977448 811840 323120 3110088 313136 144448 129072
 1396 12 6 211704 202352 168384 615888 569072 631136 0 357144 624680 965648 417056 421640 375800 195320 194456
 1407 12 7 448936 202152 187168 276880 635168 865776 363448 0 393392 895592 400624 405048 387992 201360 194728
 1418 12 8 356680 446456 213368 446984 209104 959808 612680 400168 0 648808 428080 423144 388512 185960 196024
 1429 12 9 856216 560496 556896 827552 523080 801376 1010928 922792 671960 0 3130816 303944 314296 125680 120440
 1440 13 0 0 753992 1232224 820808 533624 828720 540304 746952 528744 365008 233792 3075240 326000 330640 137104
 1451 13 1 723752 0 534152 573760 720832 277144 442024 236464 508976 560880 301040 802088 380600 346816 183624
 1462 13 2 1241328 569936 0 283440 590744 654440 454168 197032 216600 430056 302728 1073776 361328 296536 174016
 1473 13 3 854800 506264 270192 0 303360 514424 773272 105472 101160 104672 198488 202216 225392 203376 197872
 1484 13 4 490064 689384 576192 273960 0 339480 856904 752560 470104 526376 380408 1101696 390576 224608 171632
 1495 13 5 806264 286048 651328 545272 337888 0 613440 591936 659320 207896 381368 817248 374632 180448 188424
 1506 13 6 507872 442112 481304 741512 849072 644904 0 682152 929656 938192 334536 3126456 305776 133376 134824
 1517 13 7 696848 239624 198136 171456 721408 585688 658576 0 384152 661336 426144 432520 408488 183320 195840
 1528 13 8 483752 519128 220576 203712 447728 638784 903600 389200 0 410856 408184 431296 365832 192736 194984
 1539 13 9 352704 544336 413816 207544 492240 199968 914288 643448 410120 0 418592 411992 371280 194120 202576
 1550 14 0 0 696272 634024 1011040 197752 199712 464352 445368 285408 305192 292240 413680 417456 386920 200584
 1561 14 1 729696 0 703456 1125480 532152 513584 570392 733832 679200 297392 244736 2999592 333880 308464 137792
 1572 14 2 642576 698784 0 432520 173344 379848 217040 476336 281232 727464 304720 811456 361872 310048 173944
 1583 14 3 1055960 1156976 453752 0 162112 178304 382120 439104 197536 208824 366360 1077648 349304 279944 171664
 1594 14 4 109416 557488 122656 180976 0 279880 492928 769248 100048 103536 218784 197616 207200 206896 185056
 1605 14 5 198832 476392 381256 199056 281064 0 327872 983064 939192 525896 355600 1097056 347576 182080 168864
 1616 14 6 509224 537664 207840 373256 532496 314656 0 628616 608024 657456 376816 802784 364576 193824 184440
 1627 14 7 443864 722576 497488 471216 738400 956464 662400 0 715320 933104 341712 3038936 327912 139008 134392
 1638 14 8 277848 655984 286320 195400 198488 907464 603888 685264 0 449168 420968 419024 408664 192072 197936
 1649 14 9 301392 302440 705152 192672 201472 503752 637992 895016 454864 0 403464 396032 380728 207288 185928
 1660 15 0 0 474216 917536 739992 504160 193376 198800 697976 289872 315376 304680 399184 397096 391720 195984
 1671 15 1 471000 0 704280 623392 943680 185984 191544 290216 676992 276096 312144 411632 420584 363064 202096
 1682 15 2 939200 699024 0 669880 990104 762152 483944 516992 737768 449688 247152 3112424 319912 250104 128176
 1693 15 3 729704 604432 631728 0 366736 528512 622232 208944 548888 509464 391320 811024 377016 305296 200408
 1704 15 4 531336 977720 979504 360416 0 279088 570792 628424 494816 215360 374416 1092088 372840 241520 172776
 1715 15 5 107672 101056 785264 496464 277624 0 142336 510736 780624 106728 212064 187128 204576 200392 184168
 1726 15 6 202528 198568 451488 626552 562152 160952 0 459224 1169648 994816 359848 1105288 375672 167992 177024
 1737 15 7 718936 294120 481368 207680 619688 552848 454312 0 694136 630736 385408 811376 372856 181912 191280
 1748 15 8 299824 677136 735752 586192 515064 775192 1141944 702064 0 719776 347576 3120360 324568 128480 130512
 1759 15 9 309600 284368 462040 480208 216496 195840 968896 617104 706000 0 427072 412968 374888 191600 192152
 1770 16 0 0 437856 672496 971688 199016 497664 199448 417968 566752 358640 288080 412208 406696 393024 197304
 1781 16 1 443752 0 417944 907184 700736 453488 186208 220176 517896 489352 312120 397856 401928 359528 196368
 1792 16 2 663248 416048 0 655416 584192 730624 173888 190152 240232 709232 321320 424808 425312 310000 200400
 1803 16 3 1021312 940432 697512 0 665984 851640 753632 468200 461728 512696 330232 3080120 306440 247128 144656
 1814 16 4 199400 699712 584304 641152 0 345496 541760 652440 276480 812328 394016 803440 382360 236600 180480
 1825 16 5 527336 491256 732912 846560 337088 0 281288 583312 645184 497144 369496 1082984 372904 176160 177752
 1836 16 6 109392 105384 107752 769936 510792 266832 0 289632 507888 770408 210592 183432 219376 186728 189528
 1847 16 7 429592 206704 196336 441656 660208 574648 291008 0 556656 1253952 375280 1065224 378128 174232 180056
 1858 16 8 575440 521784 229752 440856 266984 640224 566672 520352 0 709816 380440 823776 380288 187312 186632
 1869 16 9 349864 518168 742912 546680 817536 534384 800000 1204056 716648 0 328256 3115760 321424 135224 130776
 1880 17 0 0 673496 800936 811968 773392 524504 801064 562864 564208 857000 231400 333360 3071720 312888 135048
 1891 17 1 659144 0 410656 239344 707024 185520 457016 205096 448176 366688 303904 409800 430040 375032 195432
 1902 17 2 747744 420096 0 360880 484616 509192 282592 185456 208544 440448 301464 396488 374112 293456 179424
 1913 17 3 789488 236656 350464 0 634024 578216 639216 174088 208456 199744 375272 426640 408264 307384 169544
 1924 17 4 767008 764312 507960 674624 0 648072 863160 745072 448088 213808 325280 3003968 330992 205312 126368
 1935 17 5 494832 186608 475440 563544 631056 0 344160 565944 728624 496624 382104 797088 370264 190792 189480
 1946 17 6 817584 475336 282176 599408 854912 337664 0 302320 597864 658656 355328 1103136 375904 175544 178216
 1957 17 7 563384 129504 105872 105136 762608 533680 297744 0 398336 512888 207280 185352 222880 180208 208624
 1968 17 8 577976 449616 217128 199544 417408 712864 608464 436312 0 685432 389112 1036048 386944 182104 175872
 1979 17 9 872808 370224 418864 188880 219032 467032 643128 582320 672040 0 376416 789784 368920 190600 175704
 1990 18 0 0 549088 662224 744960 230120 462544 182200 676128 243752 296688 289864 412448 771288 385712 186352
 2001 18 1 533448 0 708960 930352 1024328 820216 531184 783328 574408 545304 251272 346584 3111736 317864 138864
 2012 18 2 645744 671224 0 347816 577936 932112 182840 287392 222520 440512 313600 424968 403656 312224 197808
 2023 18 3 746264 907272 361744 0 372008 868352 615416 182312 186464 201688 355272 404904 386016 321776 175504
 2034 18 4 220880 992872 581856 348464 0 628976 573080 635568 192168 203872 389336 436272 417616 250744 194736
 2045 18 5 509216 822056 948856 896624 662048 0 621848 852496 725824 232664 331520 3067632 305544 131944 141304
 2056 18 6 204928 498752 158072 617464 571616 613776 0 359504 659968 984056 371888 809248 360104 175768 186416
 2067 18 7 679104 782032 311184 178248 622232 836672 385360 0 345080 717792 364992 1053320 362992 187296 177368
 2078 18 8 189112 607376 145024 133600 134832 733608 605696 316256 0 578184 222856 192792 217856 194312 190936
 2089 18 9 284688 522496 455992 198360 214696 214544 919704 723808 629848 0 385824 1081152 380112 183032 177624
 2100 19 0 0 701824 657880 729032 199272 234256 481032 520352 834920 332752 267504 377688 890512 366856 172984
 2111 19 1 743648 0 536264 625040 711152 205448 486016 205744 661048 218224 298648 382904 807824 355664 175480
 2122 19 2 650976 560904 0 674136 896480 961296 793072 523912 634200 485112 240088 329864 3093856 240384 121568
 2133 19 3 730048 631616 636888 0 350280 580080 911952 163432 202208 182208 389968 408904 382176 325016 185784
 2144 19 4 208008 686400 863240 361296 0 345968 862328 642648 195920 161056 376056 381296 375376 262192 187288
 2155 19 5 218464 200624 919712 579040 332328 0 632976 591728 664528 155984 390104 412368 411400 196560 182408
 2166 19 6 513152 538664 795128 947944 880488 647680 0 665896 825256 461552 317680 3118128 318248 136936 128488
 2177 19 7 519280 217120 483120 177176 622608 591840 629832 0 466040 868888 377008 757040 386432 181632 187240
 2188 19 8 850976 699216 614352 214712 202288 652520 829640 465456 0 352680 359576 1062976 349336 173264 169368
 2199 19 9 278744 162400 530960 119608 102872 111960 515288 767664 298136 0 205880 189344 223152 185832 188296
 2210 20 0 0 366872 452520 358424 149552 142088 159448 538544 186608 519624 223144 202712 196840 220592 188504
 2221 20 1 373424 0 437912 435624 686976 190104 187728 564408 674320 742296 287344 377736 1122128 331296 164896
 2232 20 2 508760 451736 0 606104 577672 614792 161696 471960 192840 400960 294384 377008 759896 283960 178512
 2243 20 3 231256 426624 646896 0 546640 907520 925280 776152 501672 512432 314096 340448 3054008 257824 137552
 2254 20 4 199576 686360 564736 535328 0 324592 570568 923872 212040 234264 377008 405760 427608 251512 179376
 2265 20 5 202680 182544 607744 868136 338024 0 324752 865128 646776 213688 385200 400536 371264 186040 177568
 2276 20 6 234272 176056 159224 892360 571016 329464 0 635088 615784 639168 377688 415048 397104 183320 181576
 2287 20 7 500448 607152 488968 784200 953688 903064 666320 0 664880 658632 321720 3020648 329600 130560 131776
 2298 20 8 273032 674280 199432 477544 198320 637464 616712 622080 0 704176 374176 782136 374528 179824 178584
 2309 20 9 593416 717480 400864 488104 235344 208440 653512 653944 684280 0 365832 867880 365560 189128 185568
 2320 21 0 0 638928 758280 997528 233648 209272 204560 452560 553176 299008 275480 382536 1073424 398480 189208
 2331 21 1 600120 0 340552 622912 786000 130304 130544 144848 575840 192080 207000 223952 184840 234616 199008
 2342 21 2 743800 354672 0 364904 865144 629056 178456 307856 763256 736336 285752 375840 1090568 305184 162616
 2353 21 3 1026880 653520 378872 0 616952 565936 599672 168896 489824 194072 366840 389984 794408 299824 186872
 2364 21 4 226248 717136 857352 650128 0 668784 903752 964832 818944 500408 332208 330360 3112496 190920 131352
 2375 21 5 204648 190344 631576 560016 642264 0 214160 590904 957072 223536 384264 422416 402016 180088 191048
 2386 21 6 198320 192736 166336 608240 867408 200632 0 360664 881192 684680 384840 405464 393664 193248 203760
 2397 21 7 471168 218528 297720 177168 928704 584232 349736 0 669024 650504 376776 415952 435792 195560 203416
 2408 21 8 546944 566088 780768 523088 822864 962720 925296 698600 0 511928 319664 3113264 331928 130280 138872
 2419 21 9 301752 254720 707376 207632 479280 226416 684336 654824 530408 0 374008 784128 389424 183384 193592
 2430 22 0 0 726640 614872 729872 466720 228616 213160 462840 309040 809880 272136 354272 767696 360368 162392
 2441 22 1 765152 0 436424 613400 779856 417048 203544 201528 398080 513720 290984 363056 1043864 333672 170344
 2452 22 2 525280 419512 0 300352 539144 780744 114952 114552 116464 544440 190024 197472 184112 191568 191040
 2463 22 3 726248 608768 290808 0 368864 836368 627272 287120 163712 508264 356800 377432 507776 289952 173968
 2474 22 4 498960 757376 564872 369784 0 637928 583552 636424 152496 477616 359688 368344 768080 228760 170272
 2485 22 5 227768 456224 747064 833512 643808 0 653960 907352 927488 755368 318656 305800 3107552 122656 112128
 2496 22 6 222744 197336 184272 612064 573728 632504 0 352272 570832 918928 389080 408008 353504 163960 182712
 2507 22 7 452984 208368 182784 280664 620080 871352 351392 0 234240 863272 377560 402528 379976 179424 179784
 2518 22 8 303688 402456 169544 161320 160496 885760 564080 232984 0 573320 373040 408256 409872 187168 179672
 2529 22 9 812136 533792 523600 521840 494864 774592 928552 897696 601896 0 299064 3131960 297664 111888 112040
 2540 23 0 0 678120 755552 802464 504272 774808 507856 707104 507672 297664 217104 321216 3044000 315904 125192
 2551 23 1 680280 0 354504 543096 658616 209192 415392 208560 477704 520256 274208 366664 788392 320552 173392
 2562 23 2 778024 344048 0 271168 568832 606504 428904 184112 187328 408264 302360 366968 513688 295496 169208
 2573 23 3 842752 507640 299024 0 309064 520128 768704 102240 109280 104144 194320 206672 188072 192224 184160
 2584 23 4 471928 657032 551976 271112 0 323568 855008 735648 464776 474192 369776 361920 1062784 218272 171704
 2595 23 5 761904 215440 603664 538864 347536 0 612072 589664 653432 192848 361192 359392 709920 165152 176944
 2606 23 6 478576 426368 454216 744224 874584 626968 0 666560 924520 969752 310064 314952 3043400 115456 112976
 2617 23 7 668328 210584 175552 176720 736592 574992 642784 0 390920 646760 361352 418072 421120 180968 175736
 2628 23 8 468864 461288 202216 203856 449640 649224 879088 403152 0 407576 382504 370296 373768 184072 185072
 2639 23 9 300584 479168 413160 205232 461576 199248 916520 644848 411952 0 364040 375968 397152 183840 178016
 2650 24 0 0 712176 628920 952568 204160 198824 472272 444024 278792 308976 293920 386312 401784 418208 200800
 2661 24 1 735936 0 733376 1170936 800632 522464 577592 738680 678136 285568 247104 335544 3111992 303768 142688
 2672 24 2 623992 698280 0 444560 551312 638552 208528 476064 296656 707792 307296 384192 759816 300112 186128
 2683 24 3 1021736 1192896 451856 0 266440 574424 624592 480416 211648 211024 352136 361816 1027840 296064 171464
 2694 24 4 98568 828608 491640 287424 0 275352 507272 784264 108184 109520 212496 213424 187272 197336 184064
 2705 24 5 202328 492032 615312 568848 272792 0 327336 987168 939120 535360 366640 373416 1073016 169536 176800
 2716 24 6 494088 565280 204080 620616 520376 327112 0 656696 599320 669784 365008 378384 800448 185688 171752
 2727 24 7 447232 732616 505128 488584 758040 966552 663800 0 706728 922912 328888 328216 3126512 130960 133672
 2738 24 8 271640 669344 296408 190000 196936 896720 600960 672080 0 451192 381368 425112 411768 192416 200576
 2749 24 9 291056 298696 690448 204920 202440 489648 642760 878544 442976 0 377000 406224 396384 210392 201152
 2760 25 0 0 454040 920232 730072 493408 219480 208000 668632 246432 292560 283432 384480 375192 389984 188512
 2771 25 1 474880 0 577408 612192 962592 202152 199912 264688 622856 257720 295528 363592 396992 375800 187648
 2782 25 2 944672 610712 0 680096 993136 767544 467432 514104 709520 427352 244912 312552 3060888 237448 125656
 2793 25 3 728848 598080 630248 0 355368 540120 631944 169808 498144 500152 354944 354936 712608 295016 177920
 2804 25 4 537360 984608 965768 348176 0 272744 554728 619800 451800 200064 352968 361504 1078736 242176 156848
 2815 25 5 100184 109160 785088 496448 266208 0 272152 499440 772432 105600 207432 204376 179048 179864 178432
 2826 25 6 207696 196104 445936 614056 565992 279456 0 335576 852800 800712 368904 369968 632648 183648 172288
 2837 25 7 710624 279000 478576 167608 624792 531992 335608 0 628808 213928 350872 376560 802776 175976 162648
 2848 25 8 260016 631912 696120 516232 481304 751488 855600 634840 0 671920 311872 320224 3056752 123600 123632
 2859 25 9 298632 272032 416888 458976 190424 179048 776000 224824 630840 0 370112 401640 412240 187584 167136
 2870 26 0 0 375368 616368 982144 172464 212856 168120 390184 483112 293032 279640 376272 386536 419952 177424
 2881 26 1 373392 0 392056 878160 662216 271512 173320 183912 493184 475080 293120 366488 397232 361304 175560
 2892 26 2 598656 379112 0 652904 575016 732520 170144 181248 241856 713768 303064 373552 365176 333824 184864
 2903 26 3 1003992 895632 661768 0 551952 865360 731312 474720 455616 510960 310216 331016 3078912 232496 128264
 2914 26 4 168136 679712 569312 547528 0 336424 550600 656488 280296 820368 363080 350640 801640 240272 171432
 2925 26 5 219320 281904 763912 855328 330936 0 265216 589624 650960 494288 357472 375408 625208 183136 176608
 2936 26 6 104568 98232 102200 767432 513248 266592 0 272800 519072 792904 200088 196696 175168 183336 176072
 2947 26 7 391472 189576 197184 450816 657656 583960 282208 0 659944 1243896 360256 364816 1081048 157280 166616
 2958 26 8 495544 472656 239936 433992 269688 647808 568248 627832 0 715264 377680 377408 763720 175744 182040
 2969 26 9 320400 492552 705320 539568 811120 529056 809560 1216016 717488 0 320464 323600 3102024 121056 113416
 2980 27 0 0 690032 934520 1060960 811808 512432 838856 557528 554432 871336 219936 332984 326088 3156072 123280
 2991 27 1 662456 0 412920 618616 997960 193528 444904 210192 449368 372056 308152 385264 417304 410600 195960
 3002 27 2 915944 414936 0 345448 879184 630448 279632 184064 213152 450704 320608 407344 394120 337792 198600
 3013 27 3 1037264 615080 353240 0 651312 563992 617888 172504 198608 216456 389824 372072 407728 340288 194040
 3024 27 4 820584 1016352 923816 689320 0 666656 869648 747032 427592 227848 330840 328472 3082728 193224 130208
 3035 27 5 498048 199480 626936 553720 618936 0 222280 569112 737568 520560 376072 370024 809112 182792 176728
 3046 27 6 819712 484128 283408 619456 843512 214312 0 292888 606456 653632 367560 389808 1103176 171624 163672
 3057 27 7 568392 118760 128504 113384 778632 530168 302752 0 384144 523392 209832 208888 185080 192784 191896
 3068 27 8 555832 437680 223920 195096 410208 712232 597000 445184 0 730216 388552 382408 1072240 178392 176976
 3079 27 9 880312 367168 459600 213816 215576 491200 645440 605800 716920 0 381744 360856 807808 189592 185312
 3090 28 0 0 545104 668904 747264 219872 486976 212696 691680 236272 292504 289224 370232 374312 777176 193440
 3101 28 1 536904 0 712752 918496 1037976 796496 509496 743664 546896 542496 248280 344536 311624 3017496 138440
 3112 28 2 660904 677984 0 355312 587528 928768 171024 285160 212688 461224 312568 391776 401648 342112 192864
 3123 28 3 717752 896024 356568 0 363040 855424 607144 169992 196552 194320 372160 381832 390384 330280 192664
 3134 28 4 232216 999536 585080 368560 0 645784 575072 623056 186000 193896 386824 386696 414680 274416 171720
 3145 28 5 502072 807424 973280 885136 662760 0 641784 853672 439480 202184 337752 326504 3045048 128760 129936
 3156 28 6 192576 477200 187088 606840 566032 602456 0 355864 270824 733440 384464 375392 756984 181368 195064
 3167 28 7 714840 748104 285216 164400 603688 839992 346384 0 211312 230552 371984 366456 1121400 166560 184328
 3178 28 8 188696 556016 139528 131248 132224 486272 243360 199128 0 576144 203328 218448 201904 187424 182696
 3189 28 9 312352 533944 439480 209048 192952 194832 674688 234600 643832 0 377528 385320 956864 184616 187856
 3200 29 0 0 693720 644280 703408 192000 208464 460936 500984 732104 508696 275904 391968 356920 1046760 168600
 3211 29 1 684528 0 660336 631520 687360 195224 489136 201792 669360 240592 304800 376392 385552 772664 192792
 3222 29 2 640624 674616 0 659736 897808 954072 800808 507848 618624 507368 236800 304480 322368 3033632 133960
 3233 29 3 707024 621304 625088 0 344032 568280 905296 165896 211536 230792 373176 373448 396984 358648 191048
 3244 29 4 191248 687128 869600 360736 0 333752 860888 629888 196152 193504 368888 388016 383960 254872 199072
 3255 29 5 206200 209168 905400 567312 344464 0 623992 577912 670040 204752 383608 403752 372200 188816 183688
 3266 29 6 489728 528656 803928 942232 899456 642064 0 670296 814208 494368 335232 311640 3086496 128056 122688
 3277 29 7 513464 212128 479512 173768 628608 554040 629976 0 480664 890776 369936 364776 791200 181032 188112
 3288 29 8 729112 701384 609848 212856 202512 652208 809168 468352 0 371560 384936 351792 993200 172712 180488
 3299 29 9 465184 193296 555512 158200 127328 137696 552952 808416 327080 0 221832 219488 183592 197264 195736
 3310 30 0 0 345008 828208 622712 133872 131600 153464 557640 185992 457680 205672 210432 231088 202592 202032
 3321 30 1 393056 0 488192 858272 701896 192848 201512 615952 698456 836256 292880 370776 375976 1088408 173520
 3332 30 2 880128 487064 0 640400 576784 624968 182056 482720 209240 515064 311648 379000 360640 739784 190224
 3343 30 3 492368 845256 671992 0 673624 902256 937328 788248 515496 504008 320976 337200 313304 3027840 123224
 3354 30 4 201608 702968 574240 648312 0 335136 579288 908448 198600 227048 362240 377152 415104 295616 197464
 3365 30 5 194280 184720 636672 853880 345272 0 328528 882744 657792 198496 389416 388768 387896 185128 181024
 3376 30 6 211616 213488 171312 912424 560080 327336 0 642840 616952 652080 385200 400616 394288 183440 192472
 3387 30 7 525200 644504 515048 790640 921952 907616 658984 0 644184 656312 340032 332144 3100296 143048 128800
 3398 30 8 246544 699048 202464 483872 192544 659896 620304 631048 0 695768 366160 392472 788328 172248 184088
 3409 30 9 519560 857504 537184 467376 234400 202840 642536 637928 691864 0 375384 346864 1050368 172832 173752
 3420 31 0 0 644752 748344 974784 230192 207672 188200 409736 505544 269704 272128 344184 351752 1059768 157080
 3431 31 1 604736 0 209320 613608 812184 137624 134728 142184 586608 168160 185832 201672 201632 174040 175648
 3442 31 2 729504 236400 0 368448 861504 623320 168144 257712 741920 676160 263920 337384 332920 1020912 153168
 3453 31 3 1038096 655040 359576 0 639864 563648 600512 135544 448088 148824 337840 346576 330744 700144 162992
 3464 31 4 229408 709712 863664 665528 0 641480 677736 330400 439216 167128 327304 345344 328544 1939728 127920
 3475 31 5 207592 193224 619560 559920 618304 0 311296 157344 630760 158168 363752 366152 373432 170584 173288
 3486 31 6 182416 189504 160720 608888 644592 327080 0 315536 438960 480864 365912 360104 366392 164560 163760
 3497 31 7 423792 180184 263384 134496 335040 181312 310616 0 560856 578616 355000 368416 397656 177224 173784
 3508 31 8 509920 529832 764440 490736 472384 656992 480664 599992 0 433080 297304 308168 2993952 108992 116848
 3519 31 9 264248 214888 687864 159960 165616 159120 494944 580912 438408 0 347416 356792 730712 156968 160040
 3530 32 0 0 662768 521760 660064 127360 132568 140032 363920 288912 802792 194656 298184 296896 739976 113064
 3541 32 1 706840 0 362888 537136 623392 120480 125192 132088 360448 478320 227880 291480 308464 978696 109080
 3552 32 2 492728 384080 0 211864 476592 524208 64568 69000 78784 523496 125464 128448 136728 111744 109048
 3563 32 3 646632 530576 222728 0 164568 492400 551184 217952 385144 750472 289528 273048 273200 967176 94816
 3574 32 4 124064 618832 476224 155208 0 256632 504240 555848 118552 415192 301376 314200 333224 186168 118656
 3585 32 5 141536 110768 373600 486648 256624 0 245544 522512 589024 423440 330256 301680 313384 116656 119672
 3596 32 6 136664 117304 103624 542616 477656 250896 0 286136 531168 863024 307200 312840 339544 110016 120904
 3607 32 7 372336 130712 117008 204896 556800 513184 269864 0 319120 825880 318496 329544 328288 108224 121072
 3618 32 8 284112 368776 129072 373176 119224 586192 520920 311168 0 559992 300816 298624 347240 116168 126440
 3629 32 9 808640 488784 488048 743664 456768 462840 889888 862592 579864 0 241264 240552 3055048 50504 58696
 3640 33 0 0 680296 1166864 739048 445976 451176 435408 651968 443352 280152 159632 248120 244824 3035640 54144
 3651 33 1 638600 0 585288 513352 607672 123824 134264 159832 436544 499552 215688 296936 318112 727264 102160
 3662 33 2 1196712 614624 0 215200 515944 566760 91392 114440 138112 336176 229344 308840 285048 954264 99872
 3673 33 3 818328 466152 238776 0 231152 462328 504216 58064 53896 56832 125920 135272 130240 120896 129544
 3684 33 4 428848 610464 520328 200384 0 252904 494456 662056 390688 466784 290880 287568 295856 925488 90400
 3695 33 5 422824 118432 549864 456304 265248 0 126296 509488 573016 116040 318944 315584 300328 121112 117144
 3706 33 6 402888 128032 86360 354280 494352 123632 0 284112 522664 589064 309016 308616 306600 119184 118704
 3717 33 7 616440 161480 122504 93752 673632 506520 269416 0 311856 556168 312120 307264 325272 121144 127880
 3728 33 8 412024 454056 133128 120568 371992 570528 526560 311400 0 338904 314584 319816 319776 106816 112728
 3739 33 9 290808 479136 367760 127744 431488 127560 589976 552376 343992 0 297568 308072 344344 115064 113752
 3750 34 0 0 643368 570928 925944 125568 107152 80080 290808 116616 133448 157936 250304 259184 291136 63720
 3761 34 1 665640 0 663504 1089488 724840 281096 79712 76000 280216 107928 139576 213880 219152 1943088 23824
 3772 34 2 563888 635184 0 377512 477872 537048 52024 57536 63272 261664 179456 257256 250760 197096 69400
 3783 34 3 979704 1117928 390600 0 199728 216056 243392 37872 50088 40888 199552 238064 207176 900560 40640
 3794 34 4 62672 793080 471648 254104 0 217392 68928 252720 42696 37528 77632 88896 84160 64480 61784
 3805 34 5 110312 265872 546456 213784 187320 0 70632 46840 231976 28720 251488 253808 254336 55464 51728
 3816 34 6 78600 76864 53632 224256 40064 69592 0 56760 30008 203184 269568 253328 249288 62368 60744
 3827 34 7 283248 71672 60888 35864 69376 55008 63960 0 59720 25672 258240 253392 255184 62528 60776
 3838 34 8 129032 286048 55800 50064 42440 221904 25552 47416 0 57552 259272 260448 289744 57944 64384
 3849 34 9 138432 101288 264096 39720 43024 19312 207976 23320 55040 0 257704 245104 256632 67016 69840
 3860 35 0 0 72080 37448 271768 288 0 16 191960 30176 57592 100424 193992 191104 195584 0
 3871 35 1 84792 0 73944 35424 244352 0 0 784 211384 23440 114592 202880 193752 166536 0
 3882 35 2 37608 76464 0 65896 34544 30800 8 0 560 205680 113776 205192 179024 117712 0
 3893 35 3 271016 37584 59120 0 80960 0 208232 792 48 280 194832 208824 183256 109688 0
 3904 35 4 280 250360 29344 71616 0 0 32928 198056 400 0 214336 201848 187464 64144 0
 3915 35 5 0 88 203904 32368 61768 0 43208 31336 202528 88 18288 18840 15656 0 0
 3926 35 6 280 8 8 218648 31464 0 0 60416 26072 215216 195488 198008 177624 0 0
 3937 35 7 213392 392 0 80 213992 0 55776 0 51400 29552 182904 188624 198360 0 0
 3948 35 8 27440 210800 32 8 16 21760 24976 57424 0 57424 191160 198760 189360 0 0
 3959 35 9 53264 29176 211296 32 24 0 205704 29104 58088 0 200136 185024 206000 0 0
 3970 36 0 0 81232 39696 271712 136 8 16 204824 30136 47872 100576 190864 194816 193752 0
 3981 36 1 82088 0 78312 37392 248736 8 8 528 194520 28312 121664 208000 186992 169184 0
 3992 36 2 32680 75272 0 51832 30632 202496 16 8 0 200104 119632 188168 194560 117576 0
 4003 36 3 277512 34072 60408 0 73816 31232 24096 304 8 72 191824 186032 180456 111152 0
 4014 36 4 1040 260384 28928 73256 0 62464 0 218360 800 16 189152 205472 188232 61504 0
 4025 36 5 0 288 203944 27952 60816 0 0 24968 204704 264 200264 199576 182872 0 0
 4036 36 6 32 8 320 205760 23376 48152 0 63520 24592 203440 16384 16496 21104 0 0
 4047 36 7 215536 120 24 576 206776 31000 0 0 48952 27952 202984 197064 195568 0 0
 4058 36 8 28032 200024 280 8 808 206224 24 61264 0 52792 184288 184256 193496 0 0
 4069 36 9 42272 33592 207520 32 8 336 29744 20600 56856 0 197968 178928 183904 0 0
 4080 37 0 0 90048 36408 269696 488 0 528 26096 31136 51152 98720 196240 189624 192624 0
 4091 37 1 78736 0 84056 44912 251448 256 8 0 211152 27376 123744 194032 202360 166808 0
 4102 37 2 35976 86696 0 54288 27808 204736 40 0 8 205344 120952 193960 181496 124584 0
 4113 37 3 279008 36432 55376 0 72896 32992 197376 8 0 8 191400 194920 181768 123888 0
 4124 37 4 1040 249712 28144 80992 0 58360 30768 23192 552 16 192072 199688 190688 61424 0
 4135 37 5 8 296 207696 23608 59864 0 45112 0 202336 0 197016 196320 189720 0 0
 4146 37 6 376 0 16 218256 25992 40632 0 6688 25512 205312 203512 187952 189720 0 0
 4157 37 7 198128 472 16 304 204904 31320 56688 0 59040 26152 17800 20048 18120 0 0
 4168 37 8 25064 199784 400 8 24 215040 30536 0 0 63568 189976 191824 201872 0 0
 4179 37 9 57800 25856 209344 312 0 0 219296 8 52352 0 200992 197000 179888 0 0
 4190 38 0 0 82136 38984 273544 1040 16 560 200152 4384 49792 91888 201112 200544 194056 0
 4201 38 1 76560 0 79320 36456 255984 432 48 328 19168 27736 115936 180208 205032 163864 0
 4212 38 2 40384 73184 0 56168 25520 204360 544 0 0 213008 117936 207424 188544 109448 0
 4223 38 3 264584 35312 52784 0 83536 25584 209408 720 0 288 192056 198528 181976 119936 0
 4234 38 4 336 240752 27248 85088 0 58792 31512 201280 0 0 206640 193696 183472 62688 0
 4245 38 5 32 384 212688 26520 52432 0 47336 25656 26224 48 190784 193560 178840 0 0
 4256 38 6 280 8 296 215496 25000 50264 0 64808 0 203848 191288 192712 188056 0 0
 4267 38 7 215352 360 16 112 203856 24120 61560 0 24272 27400 198280 199728 176768 0 0
 4278 38 8 31440 202888 512 16 48 200328 26960 54872 0 60648 25856 24576 23744 0 0
 4289 38 9 58184 29824 210432 520 0 488 194328 27536 8 0 194064 191080 196552 0 0
 4300 39 0 0 90008 38096 284536 560 8 48 208352 34808 0 102856 200448 190184 197456 0
 4311 39 1 81816 0 79784 43304 244776 48 48 448 188824 21896 125592 195752 196168 176064 0
 4322 39 2 38800 73312 0 63728 31464 207264 296 8 312 200 130880 190768 180288 130328 0
 4333 39 3 278704 32576 56720 0 79200 27368 210688 88 8 8 192688 198792 184080 119416 0
 4344 39 4 624 264928 30352 75088 0 67360 31184 226448 512 0 189488 207680 197704 59176 0
 4355 39 5 8 264 207888 28272 60504 0 47200 30968 203808 256 197512 197312 189992 0 0
 4366 39 6 0 0 264 202592 28400 40760 0 59416 23712 23744 202288 199352 181056 0 0
 4377 39 7 216704 32 8 80 209960 27944 54752 0 62360 0 197600 214704 199120 0 0
 4388 39 8 20472 205936 304 72 576 215776 28456 56720 0 29384 185248 190056 193216 0 0
 4399 39 9 52896 27832 217128 32 16 488 209560 29968 54304 0 25280 23016 26984 0 0
 4410 40 0 0 79760 36896 288008 1072 0 8 217992 25256 52840 19616 33760 25840 27992 0
 4421 40 1 48224 0 78200 43032 251368 16 16 336 207552 26304 123264 203760 204168 168856 0
 4432 40 2 0 76984 0 59576 30152 210976 304 16 336 213232 119048 190512 182656 116496 0
 4443 40 3 35824 33464 52008 0 84296 34200 209392 288 32 64 197672 209704 179400 124032 0
 4454 40 4 1040 265080 27312 78200 0 65272 29576 195488 512 0 200736 204320 196424 66096 0
 4465 40 5 8 568 206368 30152 61272 0 44096 25608 222464 80 201640 207048 190504 0 0
 4476 40 6 0 8 8 212264 27704 49504 0 59088 30904 202448 200760 189152 183664 0 0
 4487 40 7 144 72 16 560 211160 28296 59032 0 62528 30432 193392 195720 198512 0 0
 4498 40 8 21808 212784 40 8 248 211024 28288 59920 0 55952 206440 202256 197016 0 0
 4509 40 9 0 30664 207400 24 8 40 203112 29256 56440 0 204840 187128 189376 0 0
 4520 41 0 0 8 36440 282016 528 8 16 199368 30000 58752 102032 204160 192688 196088 0
 4531 41 1 83880 0 81064 34640 263312 288 40 296 199728 28840 18272 24624 30640 23136 0
 4542 41 2 34472 30992 0 54632 27880 213624 56 8 576 210088 121848 191616 181080 120600 0
 4553 41 3 281776 0 63536 0 73072 25288 202256 520 16 24 200168 203488 177544 110016 0
 4564 41 4 544 36728 27472 87152 0 58024 23576 210328 16 8 195424 196800 207704 64640 0
 4575 41 5 0 512 198376 22296 66232 0 48256 29920 218392 40 195856 195952 185720 0 0
 4586 41 6 48 0 312 210840 25392 45744 0 61600 26872 206728 188992 201952 188472 0 0
 4597 41 7 204608 16 8 320 206536 24776 61912 0 63568 26856 196248 191712 207336 0 0
 4608 41 8 32008 22048 88 8 544 209936 32672 63360 0 64896 188952 199896 205576 0 0
 4619 41 9 57528 6456 207976 8 0 8 210048 29936 54816 0 208168 186744 201048 0 0
 4630 42 0 0 74664 0 276968 480 32 296 199528 35320 51776 101456 198992 176840 195792 0
 4641 42 1 81032 0 0 34848 253816 24 48 8 199648 29480 113176 194208 200096 176368 0
 4652 42 2 36984 77664 0 53232 33240 217528 16 16 296 208824 10048 16528 20536 12936 0
 4663 42 3 261480 43096 6160 0 90488 27768 198848 256 16 112 175896 187264 188152 120160 0
 4674 42 4 272 243584 0 79160 0 59864 25024 203824 392 0 198504 202328 194160 74912 0
 4685 42 5 48 544 24216 23144 59360 0 46872 28408 217224 256 205824 201216 190512 0 0
 4696 42 6 160 16 16 202696 30760 53688 0 62528 29464 210896 196496 186768 180416 0 0
 4707 42 7 203632 304 16 360 202192 23920 63368 0 61872 25056 194808 186856 195584 0 0
 4718 42 8 30344 216744 0 16 16 214600 24896 57264 0 52176 203248 197912 192088 0 0
 4729 42 9 59648 27208 29720 16 0 336 204192 26168 49480 0 188064 199952 190728 0 0
 4740 43 0 0 80456 37928 29296 280 24 88 213544 29208 51344 111688 181976 188168 189392 0
 4751 43 1 78240 0 83288 8 253816 552 8 536 202504 23528 116232 196928 185000 164944 0
 4762 43 2 33184 76880 0 0 25048 207808 48 8 264 201968 114544 200648 188688 128008 0
 4773 43 3 289592 38824 57528 0 84656 28136 216784 320 48 312 13928 13528 18064 6200 0
 4784 43 4 528 246808 28120 0 0 59200 26544 198792 256 8 189768 194400 194864 72712 0
 4795 43 5 0 40 211368 0 64872 0 49272 29360 224264 16 183448 185840 194248 0 0
 4806 43 6 832 48 96 22624 26720 46880 0 64496 29688 218160 198760 198736 200296 0 0
 4817 43 7 199248 280 24 8 196056 23296 57360 0 59960 27456 193864 202184 197720 0 0
 4828 43 8 18432 197592 576 0 280 197440 32304 57160 0 61144 207096 208984 188672 0 0
 4839 43 9 50328 20680 212776 24 8 48 213896 28936 57160 0 207896 186872 188432 0 0
 4850 44 0 0 75496 42448 273104 0 16 0 213968 25752 54184 102888 194296 190328 192464 0
 4861 44 1 74656 0 83232 39848 36576 304 16 528 209048 28880 117864 192304 182304 168072 0
 4872 44 2 46496 78328 0 55296 0 214752 304 0 48 187016 122856 196904 172752 122216 0
 4883 44 3 271280 37320 46632 0 0 33144 217032 560 0 240 195024 201296 171280 118496 0
 4894 44 4 256 241128 26400 80256 0 61656 26224 205296 80 0 18832 17496 17696 9992 0
 4905 44 5 8 512 206096 27320 0 0 51272 29096 202632 304 200520 196840 182312 0 0
 4916 44 6 560 16 0 209496 0 40048 0 66232 27880 200680 201792 189008 200200 0 0
 4927 44 7 205592 424 24 232 27520 30296 52984 0 57752 26808 210248 184912 205136 0 0
 4938 44 8 28880 197424 272 0 0 199024 28072 58552 0 56432 209624 193360 180968 0 0
 4949 44 9 52152 29520 210552 552 0 40 214952 27456 60640 0 188552 187424 179408 0 0
 4960 45 0 0 81712 34448 266800 0 0 264 198792 26920 48800 97264 190168 190880 188424 0
 4971 45 1 71520 0 79744 34992 246344 0 24 576 219520 27512 115488 192064 212200 159632 0
 4982 45 2 36696 81616 0 58688 29248 23232 8 8 32 200728 118400 189920 175848 117984 0
 4993 45 3 278640 35848 58176 0 76424 0 216296 16 8 48 181384 206728 180112 115264 0
 5004 45 4 16 238280 27896 76824 0 0 24760 199624 16 0 200848 196752 189192 61712 0
 5015 45 5 24 296 198592 28456 57192 0 48344 21928 204328 256 18168 17992 15544 0 0
 5026 45 6 288 24 16 218912 25536 0 0 54720 25992 210064 194096 197200 180536 0 0
 5037 45 7 204696 680 16 792 213600 0 55560 0 64576 27184 194296 182040 194416 0 0
 5048 45 8 28784 215328 272 16 272 28040 28448 61032 0 59080 202072 202712 196184 0 0
 5059 45 9 45256 25272 203032 16 8 0 198032 33064 60264 0 198488 185480 189472 0 0
 5070 46 0 0 70272 40288 287096 32 0 24 203080 28560 53608 99296 182424 190752 196672 0
 5081 46 1 78776 0 73536 34272 245960 704 16 296 208448 28408 115040 192704 197952 171664 0
 5092 46 2 35992 79776 0 54728 29568 213024 8 8 256 214568 120632 202928 179584 110336 0
 5103 46 3 272640 39368 50040 0 86928 27536 27352 40 0 40 193832 194912 167360 117208 0
 5114 46 4 304 244248 30696 71152 0 60736 0 197480 8 40 196680 193512 190296 67960 0
 5125 46 5 40 520 213792 27384 57504 0 0 29136 203960 40 194216 192232 195576 0 0
 5136 46 6 0 8 80 198328 29248 45576 0 59296 27464 213056 18776 15768 17552 0 0
 5147 46 7 203152 48 8 840 199392 25024 0 0 60168 25408 197568 197288 186128 0 0
 5158 46 8 25720 209512 56 24 40 208352 0 61200 0 59272 193008 194672 190088 0 0
 5169 46 9 50928 33976 204520 24 8 40 24088 30072 49344 0 209216 192168 192232 0 0
 5180 47 0 0 88472 39760 277392 312 16 184 25784 25760 47720 97264 193976 202336 197720 0
 5191 47 1 80824 0 83592 34536 267536 8 24 8 200864 29040 119416 208928 193608 181424 0
 5202 47 2 38136 80128 0 51888 26848 203424 24 16 288 216904 116912 207000 183568 127640 0
 5213 47 3 288048 37088 59160 0 76368 24208 213504 0 32 584 178400 195136 179656 116328 0
 5224 47 4 632 247272 28608 71352 0 61472 24208 33240 768 0 193168 199072 195912 72880 0
 5235 47 5 24 280 206384 30176 54936 0 47712 0 209824 16 187976 199192 184792 0 0
 5246 47 6 16 48 680 202392 26728 44592 0 12160 29312 209552 202496 203832 180880 0 0
 5257 47 7 203256 32 0 336 208424 29696 62680 0 59304 33400 26072 22624 23544 0 0
 5268 47 8 27800 228288 80 8 8 208328 28184 0 0 56504 200944 205056 180576 0 0
 5279 47 9 54520 21992 216704 32 8 360 209704 528 58792 0 197128 190560 203896 0 0
 5290 48 0 0 74136 38568 279064 288 24 432 205984 4984 55160 89560 195616 183848 192416 0
 5301 48 1 74336 0 88008 42744 258744 272 8 264 20736 30136 109816 191032 191280 171800 0
 5312 48 2 39880 74648 0 58608 32536 197872 336 16 0 211280 126168 197184 184440 119160 0
 5323 48 3 267608 35576 59592 0 84704 26808 208224 168 16 272 198272 193096 175008 119048 0
 5334 48 4 264 247440 26320 71696 0 68544 30864 216904 16 8 201752 197112 196792 70416 0
 5345 48 5 32 16 210976 29752 61888 0 44856 27432 21928 48 191472 193904 191104 0 0
 5356 48 6 104 8 8 202704 28048 50808 0 60608 0 223080 188784 194280 198048 0 0
 5367 48 7 196000 792 0 576 201920 29280 58464 0 22576 28152 201264 202112 201096 0 0
 5378 48 8 30088 206760 280 24 0 200488 23648 61656 0 51048 18304 29312 23432 0 0
 5389 48 9 53344 24840 205744 72 0 0 215128 30296 0 0 200192 192728 206576 0 0
 5400 49 0 0 84248 40200 279664 288 8 296 204848 33472 0 98792 201968 179480 200528 0
 5411 49 1 68640 0 79976 40392 240320 528 32 560 199104 24128 126448 188800 203000 178256 0
 5422 49 2 43928 83712 0 58456 31328 203624 592 32 104 632 109504 196760 174384 120512 0
 5433 49 3 273992 43152 56672 0 74072 31056 219424 376 0 0 185608 193776 183880 127224 0
 5444 49 4 552 255200 27376 88072 0 63712 24344 201728 264 0 193728 190752 188248 55304 0
 5455 49 5 8 304 191512 29856 55816 0 47016 28680 203048 0 205272 183128 181296 0 0
 5466 49 6 320 24 8 193544 28176 44160 0 64088 29568 23872 200008 204288 188096 0 0
 5477 49 7 212152 120 0 16 199616 29608 56312 0 55888 0 196432 203016 193608 0 0
 5488 49 8 27800 204344 272 16 320 198088 35456 63848 0 31224 189248 200096 189248 0 0
 5499 49 9 53296 24856 204304 304 8 296 207728 29584 57392 0 32568 23352 24128 0 0
 5510 50 0 0 88144 35832 291928 48 0 272 193944 30080 55304 98824 195200 202448 189680 0
 5521 50 1 79280 0 79960 36096 258888 312 8 56 197128 29144 118984 190304 201088 185912 0
 5532 50 2 36080 83384 0 53912 26000 209888 552 0 264 199728 117504 193592 179752 125144 0
 5543 50 3 282664 38352 58792 0 79584 29368 214096 72 8 24 188176 188048 191456 117992 0
 5554 50 4 264 259568 25960 76512 0 55536 25536 207952 792 0 201112 188224 180688 67368 0
 5565 50 5 0 0 208864 27728 57240 0 46600 28144 204280 256 196280 200440 190688 0 0
 5576 50 6 8 32 8 199504 23752 51504 0 51712 27216 211056 187432 203696 181480 0 0
 5587 50 7 206064 576 56 288 190264 27096 57792 0 66320 23320 198472 187248 181992 0 0
 5598 50 8 29552 200088 80 0 536 212144 26056 60736 0 58992 187920 196072 195464 0 0
 5609 50 9 53744 24680 206872 40 16 32 201856 25352 53856 0 201736 188560 187432 0 0