# Format <LP ID> <Group ID> <Router ID> <Link traffic per router port(s)># Router ports in the order: 10 local channels, 5 global channels
 10 0 0 0 251656 715920 549680 45176 51536 51992 265984 103552 119064 93224 126648 125440 126056 98040
 21 0 1 229432 0 327936 741088 584888 79968 88048 200256 594616 491240 945296 275872 286840 246112 87224
 32 0 2 734824 342880 0 559952 498120 534456 78232 97880 113720 333632 572568 274064 255368 208888 86192
 43 0 3 381416 736128 558744 0 595848 826504 861376 427208 445712 419880 3037368 247128 222968 155096 40648
 54 0 4 78144 571896 482760 568872 0 265960 502128 559960 123952 150080 328168 274040 284904 171992 95792
 65 0 5 86240 81392 539496 791424 254888 0 250368 507144 572672 123664 288696 283936 285984 97760 99416
 76 0 6 78040 86064 86408 845576 491944 238416 0 280056 541656 597376 335728 297104 278168 99064 99304
 87 0 7 94152 197024 89032 387848 550520 508312 276264 0 324944 557560 295216 304504 290288 97848 116744
 98 0 8 132832 595304 117552 420096 128880 574936 536728 309128 0 336824 315656 285512 297272 101888 100800
 109 0 9 127832 466240 321392 385928 146416 122768 600944 555072 350296 0 301440 289312 301512 98152 92672
 120 1 0 0 573944 679064 933656 156720 118632 121200 347480 198184 233176 908080 311224 287424 308448 103728
 131 1 1 540224 0 162616 581008 754080 85184 93192 98560 305352 139272 117864 142480 139960 136032 123104
 142 1 2 656408 155896 0 300376 781304 560632 105400 228496 412152 661736 981520 289560 269688 197416 96384
 153 1 3 968960 587272 291816 0 578504 502664 543488 96744 120240 129000 719536 306824 284480 222432 99192
 164 1 4 159336 639272 783728 580352 0 576568 818856 881824 452760 417632 3069616 260456 252688 123160 62184
 175 1 5 120960 121136 549144 490480 552280 0 248096 512376 590568 144608 345024 306736 295176 120448 116216
 186 1 6 121632 115256 102000 534912 775200 238552 0 267312 542992 598680 314760 329696 298688 126968 111432
 197 1 7 348424 137488 220952 95736 869000 508880 279608 0 324424 566768 349640 301528 318152 118968 110320
 208 1 8 188272 171048 390944 117384 412096 585048 530672 315344 0 347208 331336 324048 320968 121896 116552
 219 1 9 228920 166968 644776 120936 401560 144888 579200 566400 352192 0 331592 326184 307784 118344 118528
 230 2 0 0 657208 528952 658864 398536 164352 131392 324120 235288 578832 578000 315584 288536 324856 105416
 241 2 1 700312 0 373144 529952 691632 337216 121384 123224 342480 237304 949536 304568 308152 265720 104608
 252 2 2 487664 346112 0 258136 498984 730800 67600 66152 78992 286496 122080 142680 133016 119856 116656
 263 2 3 660888 547352 218008 0 182536 778144 543368 84920 154048 481232 691168 296312 277480 229248 105760
 274 2 4 429632 692152 499432 171664 0 569736 489448 538464 96160 157864 736360 299272 305496 169272 109352
 285 2 5 147872 364408 673704 771096 575816 0 555560 813304 863024 446664 2976272 266824 236448 53624 62128
 296 2 6 127800 131008 102160 534040 486656 526216 0 257824 390720 408808 326744 315480 302296 125408 116168
 307 2 7 363152 109616 97696 80360 545640 779424 260176 0 279720 190768 332920 299312 316744 115728 120744
 318 2 8 233488 342568 112408 150592 103336 833024 380016 278376 0 360504 364472 313448 320296 112736 118576
 329 2 9 532880 243560 198184 464224 162272 425992 384264 184456 358688 0 317040 316720 317488 123128 123880
 340 3 0 0 705208 943752 771032 501024 760152 520376 669488 496408 290008 3016528 311768 313656 330792 120648
 351 3 1 686776 0 604096 573048 687392 252272 437776 215328 534592 554864 734968 354192 377272 354416 179432
 362 3 2 945640 626968 0 288496 589328 669800 452232 185984 202432 407160 668576 372328 351072 291480 176056
 373 3 3 834952 503728 289496 0 294400 517296 751848 97584 97232 109928 186344 208200 208880 195688 191384
 384 3 4 462512 677840 575656 269288 0 330632 866640 751272 465112 537152 1100504 369712 352448 234464 158256
 395 3 5 739960 257536 648112 546544 344072 0 514368 578880 649568 209264 778336 374896 351312 187224 173288
 406 3 6 475328 442160 467296 731568 849936 516632 0 673184 915864 952376 3111216 313576 303736 123400 125064
 417 3 7 655560 225224 196576 165848 734520 582312 653728 0 382760 670304 416160 379464 365736 178888 195640
 428 3 8 452696 517944 214088 204216 451144 636104 861912 406048 0 420824 394408 374144 384152 189888 176928
 439 3 9 297264 554760 400744 210104 509792 207216 916088 653424 409648 0 419448 373336 360536 193536 181936
 450 4 0 0 702672 640872 996128 198504 211912 479320 448520 253560 294680 336560 423760 383120 391320 207264
 461 4 1 741824 0 723304 1166592 800216 517136 585800 740896 698776 296664 3005728 337720 330056 290248 136896
 472 4 2 637144 686408 0 443856 557808 621384 208856 497216 287680 718776 741720 393960 370088 291216 185224
 483 4 3 1059800 1176608 456776 0 283008 569048 606816 441648 196632 205384 1099992 366968 342992 286112 187848
 494 4 4 109784 837808 502264 308560 0 287520 501544 797752 98744 97736 204144 210768 200864 197040 203400
 505 4 5 203488 476672 636888 551392 274176 0 333992 988216 935152 517784 1079576 352032 361152 172456 173600
 516 4 6 503240 561888 225416 623256 534352 313056 0 655632 596896 660240 782848 389968 377152 176480 177544
 527 4 7 473232 738984 523976 482312 766928 959104 668552 0 595936 946344 3124056 325344 331560 133968 143016
 538 4 8 273752 651272 285296 194632 198120 868928 600144 558336 0 432008 430488 389784 390096 197912 182184
 549 4 9 306296 303928 708744 205832 207960 502064 657400 893288 443680 0 391792 392368 372656 191248 189344
 560 5 0 0 448960 908072 734544 496880 207272 208280 682736 294536 297984 292968 388016 387048 379848 205568
 571 5 1 464976 0 725736 605136 956520 200928 205040 289928 667096 268840 350640 417048 373712 352336 191560
 582 5 2 937104 728544 0 667256 978784 745872 475728 522560 719640 424232 2955104 332584 314856 263368 140760
 593 5 3 711232 615280 642072 0 357856 543184 614552 181328 568688 490328 774736 370768 361624 307144 196712
 604 5 4 523424 981992 980576 355344 0 283288 572160 626152 499424 187792 1095056 364872 370888 229088 171592
 615 5 5 110808 104432 764728 502328 274584 0 265768 254336 514416 105104 197328 215792 211240 188760 190288
 626 5 6 206712 197208 457928 614536 564480 273104 0 457528 787192 676840 1048784 363480 362152 175520 177256
 637 5 7 707688 300088 480568 189312 639424 299984 445280 0 658536 236984 794784 379168 390248 181144 193376
 648 5 8 296304 699576 712512 582984 514464 515264 769416 678712 0 702600 3054384 316520 335408 138720 138400
 659 5 9 308000 261904 413384 472680 192064 194160 636224 250632 672280 0 431024 376456 392392 194992 187616
 670 6 0 0 450264 660256 992128 201520 435080 195352 424712 551472 338040 330216 415632 368192 397400 203840
 681 6 1 436480 0 411152 894376 698544 451992 199128 210696 499520 491792 314200 399952 388768 379872 194840
 692 6 2 646672 422680 0 637176 572672 718552 161424 197008 230856 684184 344760 427280 374096 307936 188160
 703 6 3 1054648 940152 676064 0 671312 860000 739824 468832 455328 506160 3045528 318960 316824 256560 124336
 714 6 4 206272 670848 571264 644400 0 336184 554896 648768 279432 795032 800536 385848 387168 248824 184488
 725 6 5 480160 491432 746912 853408 338968 0 280936 583352 655392 497800 1037840 368440 355816 186280 176264
 736 6 6 102616 98944 104056 753160 512360 267952 0 287112 509312 788624 190936 217584 204736 194464 200704
 747 6 7 412760 197480 193680 436424 637136 592272 298112 0 663456 1246160 1090184 380472 370216 168360 177144
 758 6 8 559992 536064 232072 446008 278576 641952 571136 649728 0 699160 803680 375264 364208 189792 181552
 769 6 9 356088 525008 726264 544872 792760 535040 799056 1197320 717512 0 3102904 327784 308640 127688 139080
 780 7 0 0 680672 948848 1073016 818112 524048 808128 571288 572144 877024 235192 3147112 312464 311200 116328
 791 7 1 662672 0 296520 626440 990480 190768 461800 211912 434544 363936 354800 427664 388080 366736 196232
 802 7 2 892680 287208 0 353768 874008 644056 274624 202424 210048 450088 326328 398488 378112 310376 187128
 813 7 3 1047864 619088 353448 0 660128 571112 606168 174176 203336 212432 414128 437472 375456 323120 201704
 824 7 4 810000 1038088 899288 688400 0 662824 840024 754424 432424 216816 3111480 338488 330032 202904 130984
 835 7 5 507856 194848 613096 559688 636072 0 322400 579712 760328 506896 800608 377008 371896 172848 187192
 846 7 6 813336 485672 280336 611344 838072 339936 0 296696 602624 657704 1084512 368072 355888 175480 169544
 857 7 7 563968 124288 113656 121640 763040 533960 302432 0 404064 530552 204848 230456 213288 194832 187592
 868 7 8 545856 437344 205656 209496 419328 726520 602752 438776 0 730088 1086976 384536 378016 180656 183016
 879 7 9 874720 372840 448792 223408 210024 465688 652960 594408 714320 0 815320 383896 364944 184424 183576
 890 8 0 0 538984 664512 751960 226008 470408 199624 709944 252984 306752 303312 795176 376752 384384 190584
 901 8 1 539920 0 711392 928632 1003440 808560 499720 768336 546832 547912 252928 3036408 326592 288328 126824
 912 8 2 665456 669416 0 349608 583936 951608 182704 296608 204848 433592 352744 405576 371376 305856 210960
 923 8 3 731696 888584 354528 0 246280 853168 637416 180728 191280 199512 401192 419808 376928 294184 198344
 934 8 4 232888 964312 574808 249544 0 627168 194096 361120 192752 213456 413088 412424 378672 258648 195136
 945 8 5 511624 789840 963760 896848 652112 0 610368 456872 435696 226752 3007008 329448 324784 144072 144376
 956 8 6 198152 473192 171136 625680 183456 580000 0 385112 390408 973392 827176 384328 368024 189336 192272
 967 8 7 762224 785976 306480 178120 368936 452536 379968 0 362944 738920 1090896 377472 353968 167384 173064
 978 8 8 195344 569664 147152 138072 133256 476040 352544 320688 0 566384 191448 227048 220168 182864 185648
 989 8 9 302880 528944 444088 200328 204376 222880 929120 726616 624600 0 1079384 367504 377160 191536 186968
 1000 9 0 0 717624 652656 733520 193504 227896 483200 530552 831392 560408 298952 1107376 354832 376328 178536
 1011 9 1 725840 0 646192 626144 697984 207448 471872 208096 686064 246048 303176 797432 383792 356992 189472
 1022 9 2 656224 675136 0 652720 913000 957928 809152 516208 632640 518336 259496 3106880 305296 240776 130464
 1033 9 3 737816 622672 624976 0 363584 568696 921792 172304 207136 216328 413296 418416 364168 306984 189992
 1044 9 4 206736 694496 857744 361760 0 337784 868816 635240 195216 220936 417664 387296 385704 252344 184224
 1055 9 5 230528 206400 928136 563792 329912 0 517336 587576 653800 201280 414216 420128 372240 197592 189544
 1066 9 6 500744 504424 807248 926840 905760 532720 0 671792 829288 495096 3123104 337376 315880 126216 135384
 1077 9 7 518520 211712 480904 166408 624872 577464 633096 0 471016 913904 818632 380976 382608 191712 181304
 1088 9 8 841688 702096 606144 207416 203432 651936 827696 460392 0 381360 1109160 379824 367600 176592 166872
 1099 9 9 517040 196936 568808 165896 135544 147672 542096 830984 329640 0 193296 224808 225368 184704 184000
 1110 10 0 0 358528 833656 624616 148320 145080 174480 541752 194840 517136 210192 193744 221344 213224 195184
 1121 10 1 394696 0 477152 845560 699344 202864 215104 613496 701096 835904 291328 1119648 360744 340928 172392
 1132 10 2 899808 485752 0 634624 593920 639064 175200 483520 208760 526264 297088 805440 369824 308344 186584
 1143 10 3 504864 819832 647416 0 684640 897632 942456 813464 509472 493776 319456 3134296 314976 251272 133336
 1154 10 4 206480 697064 578568 663848 0 342424 567856 922480 193960 219744 411632 405888 399240 257776 199184
 1165 10 5 203376 205272 633864 851776 330088 0 327152 867584 645176 205912 400568 426800 379400 196440 208384
 1176 10 6 207112 207144 173000 908384 565952 333464 0 641600 623496 646800 433552 409680 390496 185008 197664
 1187 10 7 518768 629648 518040 794744 960928 910344 671152 0 535312 652320 3113320 326360 316160 128904 138184
 1198 10 8 248896 677600 225152 481152 205840 663720 609304 507248 0 706808 761776 395568 368384 186224 195432
 1209 10 9 567640 852944 537144 484176 224192 207120 664136 650736 696328 0 1089616 368032 359416 176864 168440
 1220 11 0 0 639984 751856 1020464 226800 198072 208112 469320 533480 293872 270896 1061888 387440 382824 180272
 1231 11 1 603080 0 348640 615296 780968 144896 134192 147496 583992 178696 213856 186208 216816 232712 193424
 1242 11 2 728904 357696 0 365624 849824 509144 170264 304896 777384 671192 292888 1058688 357032 298544 171248
 1253 11 3 1025944 658760 359696 0 626224 188224 343608 177728 479696 201664 386720 785520 372688 306992 196144
 1264 11 4 229424 724160 868600 649952 0 655576 486728 687792 799912 488552 329440 3012944 320824 204904 130840
 1275 11 5 211696 205944 498008 192112 627192 0 334720 451864 945632 212024 433896 433040 383416 191912 190688
 1286 11 6 203968 201040 174824 370248 467768 323880 0 342904 886424 667784 387160 387688 380560 198512 188248
 1297 11 7 449128 202720 288576 180184 665544 452992 366064 0 643240 644704 423416 423312 375936 190896 210624
 1308 11 8 549264 575568 782232 494976 803176 982360 899776 680016 0 500288 3045960 334304 333384 135048 132088
 1319 11 9 279248 243616 665984 202632 463336 223120 661208 633248 527240 0 762488 376584 376888 203288 184200
 1330 12 0 0 678416 590928 718912 468888 227648 209696 446864 379640 874032 293584 804264 379840 375176 176856
 1341 12 1 719192 0 434904 620808 770224 422184 186672 207328 454392 561064 300736 1026064 375544 346880 174824
 1352 12 2 522272 411760 0 290792 534296 762952 116040 108352 117672 553712 213032 180000 206712 204344 190648
 1363 12 3 711960 605336 305288 0 381264 856184 626112 280968 474096 806488 374952 1106008 350208 299240 174184
 1374 12 4 493600 784760 565808 371496 0 630024 573520 631696 203216 496992 371672 819096 369824 243704 176000
 1385 12 5 232976 451864 729144 852392 639136 0 647016 909456 976032 808344 323584 3100720 324208 137720 141328
 1396 12 6 220056 205648 184840 625736 564640 621272 0 347416 618344 984040 405808 413008 369896 193504 195936
 1407 12 7 438312 205928 183904 280984 628184 870424 359656 0 398656 885728 402720 388752 379744 200208 195072
 1418 12 8 358520 439624 207440 453904 202288 936776 611208 387232 0 647856 422704 434440 396984 191768 192712
 1429 12 9 873544 557688 549224 824544 519424 821784 994416 914016 668528 0 3146624 324824 300880 121792 123488
 1440 13 0 0 761984 1226720 809448 534504 819832 545240 740064 514816 345544 222216 3096128 327488 323168 145904
 1451 13 1 724840 0 542200 579184 712920 275952 449032 230432 499184 561832 307760 808704 377024 365456 187976
 1462 13 2 1231672 582504 0 299800 588104 651288 460352 193664 203824 409904 299400 1085872 368040 296224 191360
 1473 13 3 849904 514496 276768 0 305800 517960 772992 96632 107264 111176 201248 199632 214624 207208 208032
 1484 13 4 478096 696608 574672 276512 0 339528 852856 752544 461824 512280 389216 1114640 376080 227440 179376
 1495 13 5 811880 286944 654680 548360 342752 0 620840 588256 654224 206304 375800 818304 379752 179176 186136
 1506 13 6 522592 451808 479688 735304 849040 641144 0 675368 934728 959928 335672 3125000 308192 133736 136488
 1517 13 7 693768 226936 200472 180680 730312 576520 664192 0 382848 666736 428448 419304 384968 180688 196464
 1528 13 8 485504 523888 225528 191736 461296 664744 884752 388248 0 407224 390864 404488 372472 189320 188168
 1539 13 9 366416 542824 421880 205104 496408 197920 918568 636896 414624 0 408128 405984 369752 199992 189928
 1550 14 0 0 703952 640248 1002672 209448 206448 473984 450384 268632 301264 280744 418256 417424 388744 190024
 1561 14 1 735592 0 703504 1122128 534056 519472 567616 732736 689824 306112 252256 2998992 332464 292784 140728
 1572 14 2 638168 691544 0 444032 168960 374992 207856 488384 279568 728224 298048 805496 378656 305472 176800
 1583 14 3 1061328 1158536 466224 0 164096 188888 383096 433584 199184 199432 347024 1059080 361712 286696 177232
 1594 14 4 104528 558528 122848 181664 0 279648 491200 773120 102000 106656 224120 197776 216184 198024 178712
 1605 14 5 209768 482248 386928 177488 274344 0 328896 970648 942368 538992 375184 1103544 369808 191984 165224
 1616 14 6 493272 530896 211960 365120 541136 330720 0 632496 619288 672328 385208 805616 358576 181080 181672
 1627 14 7 439576 724096 488496 469432 740904 950832 659608 0 704160 931920 346752 3031632 324168 132000 137608
 1638 14 8 276520 656448 279680 195760 196440 924448 594472 680040 0 444632 432128 421952 388064 197976 184584
 1649 14 9 305888 282240 699904 199552 195392 508144 651160 891000 454168 0 412344 413184 391616 187912 195808
 1660 15 0 0 481008 900792 748240 503416 197968 199840 698712 296312 308384 288000 398408 406816 379504 196008
 1671 15 1 450784 0 699192 603752 974576 192256 199080 278056 655512 282056 308808 434136 430616 368928 190448
 1682 15 2 944656 715080 0 669560 976992 778344 487304 522568 731496 452600 244736 3112528 300560 243256 124248
 1693 15 3 719408 600976 636824 0 358792 531736 617992 218704 554336 518096 368304 813424 373328 322328 187848
 1704 15 4 533080 979424 976440 355008 0 268496 562928 630624 495992 210704 365760 1100112 381224 239000 158032
 1715 15 5 105176 102448 782056 505768 281416 0 137208 505312 785992 106016 216008 192800 205208 195928 182376
 1726 15 6 198760 199592 466272 614448 566280 152416 0 468440 1168120 1001456 378248 1098696 356304 170136 170736
 1737 15 7 719144 296344 479880 204480 608896 545664 451168 0 698712 627408 367384 808704 380928 188760 195656
 1748 15 8 305344 674296 735160 578136 512792 772008 1139528 683112 0 725008 334872 3130184 321136 139200 139520
 1759 15 9 318584 286504 447216 483608 204416 197336 961400 619600 701032 0 418872 406304 385504 200680 201656
 1770 16 0 0 450064 660408 982656 201664 493848 201040 413296 564632 370136 302968 405872 414904 389280 191600
 1781 16 1 455528 0 410792 910328 706320 450376 195208 218328 521440 499728 321784 390712 408768 367560 204608
 1792 16 2 658992 410032 0 654408 582624 742952 177568 197128 237080 685848 320504 432600 402224 304896 193392
 1803 16 3 1032024 940408 676384 0 663400 854640 752408 475936 456888 515096 324056 3084992 306704 254928 127944
 1814 16 4 209728 697744 581056 654656 0 339624 552056 644872 281728 811664 386696 788784 364280 249520 187896
 1825 16 5 527512 490424 750624 850448 339112 0 269280 581704 636480 502120 359848 1097544 372264 175704 181432
 1836 16 6 112760 112864 111680 752544 508240 264232 0 289224 508048 773424 204296 194984 220280 203120 192584
 1847 16 7 410952 195416 191344 442640 652552 570680 299288 0 550872 1245016 391736 1073656 368152 170832 176432
 1858 16 8 570128 531824 228352 428960 266456 647768 565976 514480 0 695256 380112 809904 385128 185696 189896
 1869 16 9 360984 515264 742624 530504 800032 531936 799112 1211448 720664 0 328368 3115192 327176 133064 138168
 1880 17 0 0 683984 798064 806992 776304 512848 820600 563704 549416 862648 221472 331112 3083784 318728 121912
 1891 17 1 659568 0 411008 242344 718448 196600 454008 194616 449144 373696 306560 428232 432040 369904 197440
 1902 17 2 759208 414696 0 355696 467976 497736 278192 186072 208312 425472 313264 405824 373944 306064 197200
 1913 17 3 773936 239160 350680 0 631104 568184 631544 177752 193592 204472 393128 414632 400400 302952 187344
 1924 17 4 772024 756216 518256 664680 0 647112 871136 733336 434648 222872 336024 2986024 327128 196072 124688
 1935 17 5 487024 193952 497184 565592 617512 0 337584 566176 754808 493616 370720 798720 364288 186048 194096
 1946 17 6 828096 480992 281080 618832 842080 340368 0 304720 617696 646680 355000 1097704 385152 172496 173880
 1957 17 7 581680 119560 111880 111712 765456 533936 297552 0 403168 518992 206600 180096 217640 196832 195056
 1968 17 8 564648 464624 211912 195168 423432 718304 602744 441648 0 690648 399648 1047048 389400 180696 176544
 1979 17 9 859152 363864 442192 193152 220128 459416 644408 581056 675712 0 371016 782488 378512 184144 195104
 1990 18 0 0 545840 659208 730256 209872 468344 191904 657792 244648 297400 285504 375904 788088 392400 175872
 2001 18 1 540672 0 720584 936880 1026128 815224 531416 779856 585568 542800 252360 346216 3096624 320280 136600
 2012 18 2 649696 664648 0 363808 577440 929552 178008 282304 214536 452960 322528 426376 403720 323736 193240
 2023 18 3 732360 899000 354264 0 358544 864312 623160 172560 201912 206376 375128 405800 378232 328936 188816
 2034 18 4 220712 991368 590864 362064 0 622648 570368 632672 184664 202088 377112 426568 410272 254136 193168
 2045 18 5 501696 828448 942392 901000 673840 0 622264 858344 718736 232968 326984 3065624 313704 128408 132064
 2056 18 6 194576 504760 163200 618960 560624 611552 0 368008 662376 952368 381536 805376 376696 200200 170080
 2067 18 7 683624 772952 306816 174240 617320 845312 389808 0 351000 717520 357216 1063368 375320 172720 172792
 2078 18 8 180016 593160 145960 136488 140928 739808 612056 331112 0 571880 224320 201688 217608 204208 179880
 2089 18 9 282432 531288 454184 203880 209248 213088 922272 726832 629920 0 381696 1067072 380248 182416 177936
 2100 19 0 0 717624 661768 733768 202024 235224 466888 533200 852512 319096 263824 374960 878432 354912 171616
 2111 19 1 745728 0 519512 640688 713528 202944 478512 227952 656432 226984 318920 382280 813248 353568 192816
 2122 19 2 663408 564776 0 666904 902664 958640 785464 529400 629160 485752 244608 326640 3082568 246488 135904
 2133 19 3 708176 632624 640176 0 352808 580856 907280 162000 202712 184136 377992 416544 383152 324944 187984
 2144 19 4 199528 701656 866416 368608 0 351688 864440 634264 199888 164120 401072 377016 401952 256112 170488
 2155 19 5 225696 205656 919200 568104 340976 0 630480 599104 659760 168728 387016 407600 412080 191152 192952
 2166 19 6 520136 531808 801776 954184 879296 646728 0 659288 824848 460864 333904 3097800 303984 121008 132680
 2177 19 7 515024 221480 486232 169888 622712 588096 639816 0 464688 867200 375000 784312 373960 179312 180944
 2188 19 8 846992 702456 608240 209296 198552 648224 835976 456968 0 353784 337728 1059760 371536 167576 170488
 2199 19 9 276432 164600 534928 114936 109288 116664 514408 757928 303592 0 213672 194208 221200 184808 186072
 2210 20 0 0 348040 453192 340288 144264 146080 162456 561200 197520 509232 212456 225936 191496 211400 176856
 2221 20 1 372648 0 447696 430224 693976 180272 187208 580872 686512 734936 287272 373192 1120848 340192 163944
 2232 20 2 505704 452072 0 596768 584168 631672 168616 455280 187312 405080 295392 388480 759264 293504 179576
 2243 20 3 235288 425768 640376 0 562416 897456 927768 778432 497992 511504 304616 324520 3053072 239152 134464
 2254 20 4 211720 687680 572936 532904 0 334512 563160 927560 202496 221464 367992 426256 417736 251240 185800
 2265 20 5 195408 178584 626752 858968 342120 0 335688 881872 653536 198672 376496 404840 387848 185800 189168
 2276 20 6 225216 187536 164896 894376 563088 326184 0 636984 622624 650664 382104 423720 396576 193664 177528
 2287 20 7 508680 615128 482688 782008 942728 919376 669896 0 658224 656080 325496 3032112 343152 132272 130952
 2298 20 8 265920 667824 203048 491240 209592 642880 624472 614968 0 691264 385112 779448 381040 184896 174656
 2309 20 9 589808 732800 404336 476984 234776 200928 647856 648736 685912 0 361904 865016 365328 180080 159976
 2320 21 0 0 641424 748984 1012904 231288 216552 213296 439208 550232 289064 285456 392632 1082120 391208 190312
 2331 21 1 602848 0 334784 622816 785768 128336 134112 146040 563848 193944 215400 225248 203032 213936 188880
 2342 21 2 744312 354392 0 373256 854808 637656 171296 312608 762832 749720 291032 380816 1078376 298000 168824
 2353 21 3 1025296 641552 380304 0 619768 572200 609592 170304 484992 191048 374640 395648 789720 303056 179488
 2364 21 4 232464 727568 853592 653552 0 664376 902008 968072 816800 500944 327576 330328 3096888 188400 127864
 2375 21 5 198488 195312 644576 552120 636152 0 205608 583752 954128 225480 390520 424936 407064 199104 191944
 2386 21 6 197944 207960 170904 606432 857800 210016 0 378200 882360 691416 397488 410560 391784 181616 185752
 2397 21 7 469672 215464 287992 176088 923280 583944 362536 0 667032 650064 385784 426816 415264 193168 196712
 2408 21 8 546680 559848 782272 513456 823704 967264 912880 697360 0 507344 302224 3133072 323976 129000 135792
 2419 21 9 304224 242008 702824 210688 481800 237744 674440 649600 524840 0 382880 778928 391448 196352 195472
 2430 22 0 0 737760 593464 723088 467896 227568 213280 448448 311656 821728 260888 360320 744000 358776 173952
 2441 22 1 753480 0 431376 613040 768312 412624 212496 205336 393136 519624 273976 369408 1067424 335312 161584
 2452 22 2 528096 420560 0 297352 546720 770896 122800 107336 108544 552840 185296 205448 169088 186600 177816
 2463 22 3 721296 614928 299288 0 375448 842960 606392 281944 165104 510208 350168 378056 525736 287664 171840
 2474 22 4 497032 752848 561440 370600 0 639416 577800 640120 163608 481296 359136 356744 784048 239872 159136
 2485 22 5 232008 443840 756280 835328 642536 0 641856 913504 924808 760848 316616 307120 3077384 119240 115480
 2496 22 6 226120 196640 165168 616808 570672 620352 0 345040 563728 907280 374288 403176 356320 171736 179120
 2507 22 7 454240 214784 189792 282664 617376 865376 352392 0 230632 868496 381728 381304 377224 172256 191608
 2518 22 8 308840 395928 167944 163608 164952 903464 558904 225656 0 577200 359432 408624 403720 184840 181800
 2529 22 9 799640 524880 520240 531888 496224 769688 938976 902624 596408 0 310232 3140152 316680 110016 114216
 2540 23 0 0 671992 759536 793232 499952 781696 524184 698024 499904 300104 216464 312320 3045744 312432 120232
 2551 23 1 663832 0 352640 527320 665008 213280 414856 207472 478000 514984 282560 381080 790480 342224 162984
 2562 23 2 788400 345088 0 271112 566552 615656 432208 181904 194080 394088 289184 373792 511408 297976 176672
 2573 23 3 828992 509480 299664 0 295312 512880 771888 105856 110592 105768 194736 198008 179320 178280 175912
 2584 23 4 477312 661968 565848 266400 0 347304 850168 720264 473536 481472 342160 350840 1052112 223184 158560
 2595 23 5 759224 221248 598944 542696 337552 0 612136 578960 648600 209720 366216 360448 721736 169568 169784
 2606 23 6 482728 437232 451040 748440 866576 621768 0 678920 930064 963264 301312 299160 3067864 127296 117624
 2617 23 7 679736 204320 174304 183128 729248 569824 641552 0 392424 642112 370848 408512 400888 184928 172888
 2628 23 8 471160 480160 199168 194256 451856 644872 882480 407656 0 409480 377800 392744 364296 190432 179928
 2639 23 9 305352 488336 413656 199304 448432 192576 915264 640912 414808 0 375328 369304 400904 185864 168136
 2650 24 0 0 724248 622264 965152 198808 198104 481808 457880 272656 287440 295824 384048 422824 418672 195808
 2661 24 1 732504 0 730360 1165720 802584 528536 578592 738528 670696 290200 248264 350152 3114712 310248 124808
 2672 24 2 626752 709664 0 447728 548168 638696 213512 479184 283840 697856 292712 394808 782120 301192 187640
 2683 24 3 1010496 1192488 459704 0 266696 572648 625192 465544 201400 208168 353544 363016 1025024 290800 169792
 2694 24 4 118680 829160 498520 284328 0 281856 504376 769208 105104 100096 214472 219168 185376 208232 182000
 2705 24 5 209864 486640 634872 566880 282872 0 331200 992072 943264 528456 361608 370064 1101472 177584 173792
 2716 24 6 497088 560120 209104 628336 528944 330016 0 644400 600800 664208 372224 392584 799976 180952 180800
 2727 24 7 447192 734872 507696 477080 753760 979944 663336 0 703352 932928 325832 329792 3111240 136032 137112
 2738 24 8 266440 675872 290872 200072 192408 890008 599088 677576 0 451496 364472 411168 426392 182840 198000
 2749 24 9 284064 303560 702008 194320 212832 497856 654312 889656 454648 0 383736 387936 394056 199400 179888
 2760 25 0 0 460096 918544 729736 495232 208168 205336 679304 246376 313544 274352 386456 374816 401280 175424
 2771 25 1 467320 0 584128 620344 950400 199568 199112 273432 625264 268552 296368 365928 405200 364440 191936
 2782 25 2 935264 594264 0 677648 987136 766480 480480 512736 701096 430752 238752 297696 3057944 240368 133632
 2793 25 3 732992 599912 633032 0 360320 532696 625896 173896 489016 500440 365336 384840 706656 297752 176384
 2804 25 4 525552 993848 973624 359912 0 271720 561488 630288 464976 204088 345808 359432 1089424 231152 159704
 2815 25 5 91496 118512 761656 497008 275880 0 268960 501312 774232 103544 202640 202544 187648 190760 183912
 2826 25 6 213936 200056 446320 632792 561632 287624 0 330856 836400 799936 388608 362056 623840 168368 162064
 2837 25 7 721856 275952 476176 165872 621336 533664 334496 0 620664 217144 361696 385792 815136 182544 165792
 2848 25 8 264512 633616 699032 520456 473552 759528 850608 643568 0 669576 314992 313920 3029416 126320 119920
 2859 25 9 300080 270992 423632 460728 202512 189976 772568 235632 618392 0 379992 419808 402648 193088 184088
 2870 26 0 0 380120 618392 989224 172344 221520 156504 386776 483512 299536 278264 364536 406368 401328 173352
 2881 26 1 369536 0 401160 869528 676968 270672 175584 193584 467024 465112 285152 376032 401560 352120 170976
 2892 26 2 589480 377328 0 659264 590736 735024 169104 198984 226336 696688 309744 374024 368512 328920 180848
 2903 26 3 1010184 884784 657248 0 551872 873984 742968 475256 464080 513680 297288 337544 3080480 242104 120616
 2914 26 4 177632 680088 572720 535280 0 331008 545368 658432 267432 808344 361624 376944 796528 247000 167480
 2925 26 5 219248 284120 737336 850480 331784 0 274288 582016 653424 502512 391584 372536 632480 175568 171008
 2936 26 6 101816 93872 98472 771152 506240 273840 0 283952 512392 795424 199760 188736 185656 184728 174584
 2947 26 7 377440 192368 196152 446344 655288 586840 298232 0 676136 1254120 360776 368816 1094488 151120 166256
 2958 26 8 508280 474352 247264 431096 276688 654136 565296 634264 0 698584 374176 363152 756168 177592 182840
 2969 26 9 310224 493000 722496 553024 807736 525496 793592 1213688 715600 0 313432 317504 3101360 118184 116320
 2980 27 0 0 693224 934104 1064552 816808 519728 824904 565128 555728 879664 230784 332616 328080 3168976 134688
 2991 27 1 676624 0 430232 613984 969408 200672 443400 206072 445184 375864 316312 389240 407720 404056 186856
 3002 27 2 909536 413248 0 352624 878128 647728 287864 180160 193776 436768 330448 396360 382464 354696 196848
 3013 27 3 1044088 622880 352144 0 640840 568768 596960 176584 195240 215608 385400 387936 396624 332744 190632
 3024 27 4 816048 1009352 923928 687008 0 659608 862608 746920 431056 221632 339472 316064 3084048 191344 124520
 3035 27 5 506680 200736 637792 559080 627496 0 216008 571352 736848 515032 376792 367008 798760 189624 173448
 3046 27 6 822512 479776 281472 610360 844432 211968 0 299896 606192 667888 365280 361904 1084672 178088 164448
 3057 27 7 569096 112112 130824 111824 772584 524016 290648 0 394056 534736 216248 226304 178224 183584 199952
 3068 27 8 553280 449664 211752 195176 414616 700384 592528 444896 0 738512 386776 360360 1091544 184800 176016
 3079 27 9 891720 369592 453608 208416 229128 474784 651968 596416 714256 0 383200 358512 823128 188488 198160
 3090 28 0 0 544088 665664 740768 209704 488944 207312 700480 243000 290512 280288 389640 379008 772624 191256
 3101 28 1 530352 0 713984 912336 1052520 794184 511408 742824 540160 530184 248008 332328 322240 3028200 132160
 3112 28 2 665616 689864 0 356376 587816 915936 180296 276256 216512 464752 307576 382720 415096 332032 190984
 3123 28 3 738992 880432 341416 0 360976 853608 604208 166984 199816 194472 369504 381984 392984 311344 189312
 3134 28 4 223472 1013176 583144 353176 0 648280 573688 622808 187328 189416 384576 393896 430680 284552 185184
 3145 28 5 509672 813472 966208 892624 669088 0 615944 841528 428400 212544 339728 326344 3025616 125360 131352
 3156 28 6 197512 477320 173272 598208 573480 593472 0 334936 280072 719992 370896 365552 760584 184872 185280
 3167 28 7 722592 737784 293032 163000 622304 846192 341456 0 231672 225400 348424 376032 1114056 176864 168144
 3178 28 8 184232 553024 135064 131696 135424 485504 238656 192184 0 575536 218192 219064 192104 203648 194440
 3189 28 9 301096 536792 452104 203304 199864 199544 674888 243344 641104 0 380496 365264 962392 192040 182592
 3200 29 0 0 696944 661288 698240 186008 206784 468256 508480 735000 486040 268064 363512 357824 1048664 180216
 3211 29 1 681352 0 660280 615936 684368 188456 494184 213608 686144 254832 303936 375072 398160 760832 187192
 3222 29 2 650720 677720 0 660616 904160 948320 800936 520576 630176 510160 248008 316352 323192 3022152 129104
 3233 29 3 701848 617832 629520 0 356648 570600 911608 164336 196176 227480 373112 379672 399288 344752 187104
 3244 29 4 190872 684200 871952 358600 0 337824 855784 636512 193096 203992 375648 386976 397800 234072 186528
 3255 29 5 207216 197568 901520 577488 344272 0 617904 566632 652208 201616 381184 394512 400536 190544 186280
 3266 29 6 488024 530288 799808 944720 897192 639040 0 663576 822416 475744 317088 327216 3095992 135472 123168
 3277 29 7 498160 214080 475184 168608 614568 570104 635920 0 471648 905968 372496 365832 806456 181632 175616
 3288 29 8 721624 709672 601368 215384 191624 666240 816336 457552 0 372640 363984 357920 996008 170616 182056
 3299 29 9 461784 190560 558712 164296 131200 140456 544600 796264 321328 0 218416 213352 187424 187752 202136
 3310 30 0 0 344936 827248 612960 133288 129144 154480 550544 178760 455208 212720 215560 220640 197112 201192
 3321 30 1 384176 0 472976 851592 701584 196752 202432 617624 723408 822616 307344 371144 379712 1078152 179304
 3332 30 2 883360 487376 0 644456 577864 638480 180016 492232 208928 500112 308432 370784 360160 731664 190472
 3343 30 3 488032 859872 664560 0 671400 903600 947280 782864 519672 511232 322144 329168 301424 3019400 139296
 3354 30 4 187344 710520 579120 656792 0 333192 584856 908352 199368 226864 376864 372328 416928 312632 201144
 3365 30 5 204624 187664 641624 847632 341784 0 318864 883528 667968 206224 398680 381376 389760 187376 177896
 3376 30 6 217968 200240 162624 910488 565448 331352 0 637496 621408 656640 390056 392664 404808 180336 188440
 3387 30 7 523552 644376 505320 792216 958152 901080 651272 0 641296 666056 327480 330696 3119792 130096 139472
 3398 30 8 244136 694792 206280 475320 194008 652944 617960 646912 0 708696 370984 391872 792088 184536 189520
 3409 30 9 532200 846432 535976 480024 232760 199056 655000 640240 686472 0 361256 364144 1036512 180200 170880
 3420 31 0 0 646768 748288 996736 228648 207168 186280 394296 497808 272376 269144 363248 362528 1053088 158400
 3431 31 1 603344 0 210792 601960 801080 141216 132168 134232 560280 180568 182520 200536 193816 168856 177272
 3442 31 2 742896 229088 0 370896 860336 631736 160544 257760 734144 699344 259352 334912 327192 1013016 154680
 3453 31 3 1030168 658792 377136 0 625040 571744 616312 141928 459208 152312 350840 345152 325536 701792 154080
 3464 31 4 233776 713152 858384 659096 0 632376 672400 341152 432760 160384 324480 329968 324368 1920528 129384
 3475 31 5 209168 180856 617184 552024 617656 0 317032 159936 636024 160608 384288 364936 369008 180152 178696
 3486 31 6 197664 190232 157472 601824 637752 326792 0 310320 438896 504904 362984 379800 359136 159352 175616
 3497 31 7 418928 170896 254320 134552 338048 156752 318328 0 572528 576632 359704 376608 408008 161424 174704
 3508 31 8 513744 532008 760808 471952 479616 682808 485912 601856 0 432184 299528 302992 2986408 102616 114960
 3519 31 9 267000 205576 671544 166744 163504 175664 488464 586480 446984 0 357560 371896 743464 166528 168728
 3530 32 0 0 660080 516168 671744 119656 124104 135752 380312 287328 802952 204128 309400 299928 718472 119848
 3541 32 1 712488 0 360072 542600 613968 123264 121816 128656 358816 478160 226160 281416 303568 989168 95432
 3552 32 2 488256 378736 0 217192 476968 516384 69944 68064 77216 520344 122976 136424 139032 114280 118392
 3563 32 3 654280 534360 223232 0 150880 495688 548944 214888 394360 740296 283400 287128 281824 962080 96896
 3574 32 4 121144 602296 481456 153840 0 249120 496488 549568 125328 417792 296800 316456 320304 179992 120704
 3585 32 5 138128 120832 383256 485736 265560 0 242936 514448 571480 426496 304008 315776 292360 113312 113944
 3596 32 6 137416 119144 96104 530064 486912 243640 0 283560 528856 864992 305024 303224 330280 113200 117944
 3607 32 7 388368 133952 119336 202728 548864 512072 279016 0 317960 826536 311384 319768 340376 113608 111784
 3618 32 8 285184 364216 138104 372488 124872 579144 511848 315512 0 562200 298120 308728 350488 116528 125040
 3629 32 9 788120 488648 494712 747040 451040 454376 885464 864584 593288 0 242248 222024 3065368 54256 58264
 3640 33 0 0 667728 1161408 751088 454912 433440 428088 656376 436824 270592 156064 250992 247608 3050840 57832
 3651 33 1 655096 0 584000 498392 611824 123728 139896 154064 432568 494064 230448 288264 292888 716368 104480
 3662 33 2 1201152 606048 0 217768 518160 554144 95056 118192 125736 362320 227544 292152 288080 942952 106224
 3673 33 3 819432 462264 234248 0 222040 457272 514552 59856 55296 56584 137368 135224 126248 114560 116696
 3684 33 4 430736 620280 509464 203984 0 262000 497904 665760 392512 467848 278496 287152 293440 916312 97184
 3695 33 5 420736 124880 561784 458336 260912 0 118536 509056 575744 126568 298408 308496 290568 129472 125512
 3706 33 6 402960 128720 92888 352920 492136 126216 0 284296 539712 584824 301224 316600 303784 111248 127472
 3717 33 7 623328 165576 120408 94560 665136 498408 266176 0 312800 556480 310200 305264 360904 119192 115760
 3728 33 8 414960 436664 134832 118728 372784 573336 526832 317448 0 330736 306144 322304 320192 114248 119072
 3739 33 9 269616 464792 355608 122440 429176 133552 589376 558264 356864 0 322304 310728 339472 114800 115888
 3750 34 0 0 647904 568000 945184 130792 114360 90880 280712 122296 129592 158944 266440 238960 288704 59736
 3761 34 1 658736 0 659000 1087688 707384 281144 80600 72656 276376 113160 149840 208032 213744 1925600 31216
 3772 34 2 570048 626352 0 374168 480952 533344 50160 53344 58280 276344 173256 248576 238592 175896 74632
 3783 34 3 968456 1109328 388000 0 205280 218520 253640 43008 49320 41160 225960 233216 217216 905192 46168
 3794 34 4 56624 791488 467864 254120 0 225344 61128 253240 45192 39528 78168 82304 80168 63048 62496
 3805 34 5 117064 268320 525512 214008 187912 0 69600 53136 230696 26232 258704 256216 250016 64192 58168
 3816 34 6 82040 76056 50936 247328 39200 76424 0 59680 27176 217544 268072 255112 242536 61072 60680
 3827 34 7 289984 82456 57032 37536 64776 46360 51264 0 61072 27824 257360 245296 267480 61416 63176
 3838 34 8 117992 280152 57288 45112 47616 233112 28888 58408 0 55160 246064 268520 284584 65160 64064
 3849 34 9 131744 100504 255200 41128 37496 21728 199144 22552 57840 0 256112 264800 262144 65400 77280
 3860 35 0 0 75320 39456 282360 56 8 88 196336 24848 51368 108264 182904 191888 200544 0
 3871 35 1 85944 0 77256 37480 267424 24 24 608 202056 29704 109480 216600 198352 168272 0
 3882 35 2 36944 76400 0 55440 33080 24256 512 0 8 202128 113504 200864 183872 122784 0
 3893 35 3 281016 36408 58256 0 81560 0 213272 40 32 288 188824 205400 188416 116128 0
 3904 35 4 824 259704 29368 74624 0 0 29264 218648 552 0 201840 202448 196272 77584 0
 3915 35 5 48 16 208336 31696 57176 0 45920 32432 206072 40 15216 16208 18608 0 0
 3926 35 6 312 8 24 215136 30736 0 0 62344 28784 207864 209688 198936 183080 0 0
 3937 35 7 206360 264 8 584 206496 0 61880 0 51488 27216 203680 193680 194848 0 0
 3948 35 8 24448 219064 24 24 64 26000 30352 53240 0 50808 179264 195872 198136 0 0
 3959 35 9 53432 26048 209400 88 8 0 210704 27936 58128 0 190496 190560 188928 0 0
 3970 36 0 0 82776 38128 257640 128 8 64 209792 28312 48368 95736 198160 185760 189752 0
 3981 36 1 74464 0 76504 36096 261056 184 0 16 200192 26664 118448 201088 199624 172624 0
 3992 36 2 38072 84928 0 57896 30056 200136 16 0 120 197864 126760 186280 163880 115256 0
 4003 36 3 270408 40456 53288 0 77672 29688 29728 152 8 16 188272 198792 188056 104960 0
 4014 36 4 0 234416 23456 81960 0 58832 0 207584 168 0 203136 200576 198416 59016 0
 4025 36 5 0 280 202816 24128 56512 0 8 27776 211936 344 193096 198848 185880 0 0
 4036 36 6 264 32 48 222872 27208 47224 0 58944 26656 207648 17016 15952 24520 0 0
 4047 36 7 208344 432 40 96 208776 31024 0 0 52104 31032 187328 209080 196312 0 0
 4058 36 8 29392 218984 88 40 8 211112 32 64656 0 56960 195584 188232 194848 0 0
 4069 36 9 48648 28824 198136 336 16 512 27640 22912 59648 0 196536 192576 180896 0 0
 4080 37 0 0 78008 32120 281512 552 0 32 25424 29424 48720 95384 189200 195784 191464 0
 4091 37 1 77008 0 85040 38456 241088 280 32 24 201256 30104 123848 189256 191296 176768 0
 4102 37 2 35360 88872 0 50656 27600 207808 104 0 48 198688 112984 196792 193896 120504 0
 4113 37 3 269488 37032 57688 0 81456 28648 198136 0 8 56 185944 189632 180384 119544 0
 4124 37 4 1040 250368 28608 80592 0 57424 24232 24960 584 8 205160 190216 188688 61416 0
 4135 37 5 0 528 206944 27200 64496 0 49496 0 210440 64 188584 190864 186576 0 0
 4146 37 6 512 8 48 197304 26872 42904 0 9792 26288 193104 189008 191152 182920 0 0
 4157 37 7 210080 200 24 232 202448 27808 55080 0 60344 25392 22160 22800 15912 0 0
 4168 37 8 26048 199960 48 8 1128 200496 30480 0 0 64424 198072 193304 193784 0 0
 4179 37 9 53600 26832 214352 0 16 256 206056 248 57368 0 194072 190472 177296 0 0
 4190 38 0 0 86176 37024 269616 1552 16 608 209544 5136 56360 95952 187808 189064 194120 0
 4201 38 1 75168 0 87560 38056 247840 96 24 832 17536 28264 118024 189568 197392 172280 0
 4212 38 2 34472 70488 0 58680 29208 212744 328 16 16 206432 121248 197352 182688 116936 0
 4223 38 3 268384 34368 52664 0 85312 30776 218896 280 8 56 192496 192872 179400 119304 0
 4234 38 4 312 241784 29128 77072 0 59992 32936 210592 8 0 194576 197984 192240 62080 0
 4245 38 5 24 24 208896 32864 53928 0 57376 27200 27536 0 185216 203120 194320 0 0
 4256 38 6 304 16 208 209200 27000 46936 0 63152 0 212952 206440 203968 196280 0 0
 4267 38 7 207960 288 32 64 202624 29592 59544 0 24216 30152 204424 201944 196888 0 0
 4278 38 8 26104 216344 296 48 552 203408 29432 60624 0 61768 23984 27520 23304 0 0
 4289 38 9 53040 28184 203440 672 0 24 206552 30640 0 0 204840 195056 197824 0 0
 4300 39 0 0 81432 41392 280856 40 0 512 206776 33944 24 100424 197544 191448 198760 0
 4311 39 1 78184 0 89392 41576 253408 64 48 512 203152 25432 113928 196624 189648 180064 0
 4322 39 2 40112 76208 0 57880 30816 206704 432 16 24 480 120808 201304 186008 129488 0
 4333 39 3 282616 41088 52624 0 87904 24024 214408 792 0 24 183792 191424 182224 126136 0
 4344 39 4 32 238112 34496 79728 0 60584 30656 205456 312 0 202008 205072 194552 58424 0
 4355 39 5 24 8 216032 27176 65960 0 48976 28344 208328 256 204200 193464 182608 0 0
 4366 39 6 48 24 32 195568 29944 41576 0 65352 27360 24432 197056 209520 183832 0 0
 4377 39 7 213072 280 24 232 194096 31544 64424 0 62248 0 192248 192744 209360 0 0
 4388 39 8 26440 210968 408 32 184 214216 31856 56640 0 31816 198800 198312 189904 0 0
 4399 39 9 50104 30128 204176 280 8 816 197800 29992 51760 0 27048 28032 26768 0 0
 4410 40 0 0 78704 41424 274144 40 0 512 205600 28064 50232 19280 31560 22688 30480 0
 4421 40 1 44800 0 79696 43200 251048 576 32 48 198456 24856 119008 192448 202296 172616 0
 4432 40 2 8 78760 0 54288 28080 210144 336 8 264 212848 129472 209504 172248 119064 0
 4443 40 3 34680 38760 57760 0 79768 28768 208904 352 32 56 193640 188120 179744 127456 0
 4454 40 4 888 254392 28544 78216 0 61448 27224 209648 0 0 182944 199312 203256 66304 0
 4465 40 5 0 120 210560 30648 62128 0 42448 32432 208064 304 199960 199920 182496 0 0
 4476 40 6 16 16 24 209104 28912 49848 0 56040 25456 205616 187376 195984 190272 0 0
 4487 40 7 288 552 8 448 201272 26448 61224 0 59784 29208 206416 185960 194248 0 0
 4498 40 8 23128 201920 768 8 264 203624 22320 55536 0 57304 193312 189016 193408 0 0
 4509 40 9 0 31848 212528 8 8 272 210976 27720 56232 0 193472 190872 196696 0 0
 4520 41 0 0 0 44184 277720 544 0 48 202224 29000 54992 101312 197896 181864 196424 0
 4531 41 1 80952 0 83240 39152 247288 536 0 296 210840 29240 19096 22432 25792 26264 0
 4542 41 2 32984 33408 0 57440 27416 204232 568 0 80 188008 126688 201056 185840 125648 0
 4553 41 3 271472 0 55896 0 79920 23416 210400 520 8 184 206104 205448 172224 120072 0
 4564 41 4 320 31264 26792 85696 0 57600 26896 208376 272 40 195136 208680 187808 61688 0
 4575 41 5 40 0 210448 35848 59568 0 42800 31296 200488 16 183136 193872 188888 0 0
 4586 41 6 288 0 584 206512 26032 44032 0 61008 29264 211056 192048 210792 185240 0 0
 4597 41 7 203576 0 8 312 213184 27632 64840 0 52784 26272 198632 194912 198144 0 0
 4608 41 8 29528 23280 264 8 264 208656 27488 60312 0 51608 189248 194208 194792 0 0
 4619 41 9 56672 4904 215288 296 8 48 214264 27856 55560 0 194176 192168 175672 0 0
 4630 42 0 0 86368 96 272312 280 0 536 205048 32480 52584 103440 208944 187784 207880 0
 4641 42 1 79256 0 0 33504 250192 376 8 856 207632 25848 111368 194456 210112 180776 0
 4652 42 2 33888 79192 0 52640 28136 205352 64 24 32 210536 12032 22416 24920 11984 0
 4663 42 3 293664 39544 12104 0 76472 30456 207728 344 48 264 178648 187496 177704 121296 0
 4674 42 4 1384 253312 0 76704 0 62096 24880 212024 304 8 193528 202200 190192 68136 0
 4685 42 5 0 304 33048 27328 60512 0 41688 31312 210352 288 206856 201896 186792 0 0
 4696 42 6 296 24 0 200024 30848 50584 0 54832 25088 208808 184328 205736 181312 0 0
 4707 42 7 214848 32 0 320 207216 27896 58576 0 54896 26480 203528 186800 196520 0 0
 4718 42 8 30464 211800 40 56 24 217768 29088 55472 0 57232 201920 193416 194144 0 0
 4729 42 9 55232 26376 26392 48 0 256 208872 24952 58616 0 190568 189032 201912 0 0
 4740 43 0 0 81016 42280 39448 272 0 544 207960 32192 50080 102624 190024 181496 188280 0
 4751 43 1 84712 0 71592 0 255392 8 8 296 195704 28664 133960 201424 190432 172608 0
 4762 43 2 39472 79904 0 0 22920 207560 96 8 360 202944 124344 193376 187080 117696 0
 4773 43 3 270208 35904 57368 0 87344 27528 222464 312 32 560 16880 17784 19576 9432 0
 4784 43 4 960 263368 26016 8 0 52976 30080 213312 400 8 199288 213744 195960 68008 0
 4795 43 5 0 120 216336 0 65648 0 45536 27704 213872 272 193464 198624 181712 0 0
 4806 43 6 56 0 8 24392 28848 45440 0 57112 23568 196912 198200 204800 190304 0 0
 4817 43 7 196264 32 8 0 213032 32536 58560 0 58048 27536 192912 196224 202496 0 0
 4828 43 8 24096 208664 32 0 40 207904 32152 53472 0 55976 200584 187264 190656 0 0
 4839 43 9 46624 26400 208288 0 0 16 205232 31008 54816 0 196128 177552 189144 0 0
 4850 44 0 0 76904 37424 277696 24 0 800 204640 30872 61200 92328 179400 180304 195408 0
 4861 44 1 74080 0 77808 34936 35752 24 32 576 202944 29344 119088 186064 193160 165440 0
 4872 44 2 35168 74960 0 51264 8 206672 376 16 120 205216 115024 183976 165416 118464 0
 4883 44 3 259288 37992 52624 0 0 29504 220312 296 16 552 177616 192072 180544 122776 0
 4894 44 4 584 230576 26920 79040 0 65904 28344 202208 24 48 17888 17296 18432 7952 0
 4905 44 5 0 280 191296 25776 0 0 43736 30568 206328 8 199280 195832 182656 0 0
 4916 44 6 120 0 56 202824 0 45136 0 71664 34040 191552 198640 187536 181440 0 0
 4927 44 7 197408 24 16 32 25584 26736 53848 0 54144 26240 202744 189960 198984 0 0
 4938 44 8 29248 208168 8 72 8 203344 31960 52872 0 55080 205968 184288 185424 0 0
 4949 44 9 50744 33888 196960 104 0 0 188592 29344 47712 0 202464 183576 183056 0 0
 4960 45 0 0 76376 39168 281304 312 8 280 208768 30136 47256 91152 197136 181040 200768 0
 4971 45 1 71192 0 85912 36240 252536 0 16 320 209072 28488 125576 195000 196432 165696 0
 4982 45 2 41328 83872 0 51016 32576 28336 16 24 336 200472 114168 187152 187016 121264 0
 4993 45 3 286688 35640 52992 0 77752 0 210216 280 24 32 192336 208672 176152 111456 0
 5004 45 4 1112 247408 24096 73512 0 0 25632 209904 32 0 200064 205408 196736 61824 0
 5015 45 5 16 600 203344 27944 60216 0 47720 27392 198528 0 17584 16928 15112 0 0
 5026 45 6 80 0 48 216752 28448 0 0 61008 28320 200296 188096 207728 178760 0 0
 5037 45 7 197704 336 16 864 211328 0 58120 0 62552 32640 211288 193240 195128 0 0
 5048 45 8 25088 209632 472 16 40 21240 32648 60528 0 63432 197104 196744 193200 0 0
 5059 45 9 48728 30256 205232 8 8 8 200080 32880 57872 0 198568 191048 183584 0 0
 5070 46 0 0 77312 42312 270160 352 56 16 200824 31864 49600 97104 184592 199488 190504 0
 5081 46 1 74968 0 71416 34336 254824 48 0 296 206752 24856 112704 205960 192224 170384 0
 5092 46 2 30768 84096 0 53648 27704 217312 0 8 312 201216 120104 207576 177264 118056 0
 5103 46 3 283088 35208 61392 0 77728 27128 28912 336 8 56 187184 184152 156944 121848 0
 5114 46 4 264 250872 30680 73272 0 56352 0 197064 264 8 197616 204024 182784 71896 0
 5125 46 5 0 512 208568 22144 64680 0 0 25952 191528 256 199856 200968 186720 0 0
 5136 46 6 776 16 8 195736 31128 49608 0 57224 25920 212448 20280 18424 18224 0 0
 5147 46 7 204064 552 24 472 200816 25256 0 0 60000 26016 192184 180688 190384 0 0
 5158 46 8 25384 200432 368 0 16 210848 0 59312 0 55968 187696 192304 185840 0 0
 5169 46 9 52656 32128 210112 24 0 368 27704 21776 50392 0 200488 178952 191584 0 0
 5180 47 0 0 90528 40152 298432 0 8 8 26688 24096 54856 103872 187080 189208 193024 0
 5191 47 1 79440 0 76824 42664 262400 48 32 24 213160 25088 123632 194048 199616 174864 0
 5202 47 2 42528 78744 0 57344 31024 206720 272 0 240 209592 124752 198096 172424 115624 0
 5213 47 3 275656 43184 56024 0 80568 27984 210544 8 8 56 199680 205648 184392 120592 0
 5224 47 4 216 252152 29712 82624 0 62792 29888 28040 136 48 200920 212008 199056 66568 0
 5235 47 5 48 264 200224 25984 65792 0 47136 0 222624 24 203488 198480 174432 0 0
 5246 47 6 1064 0 16 202344 25328 50608 0 8256 27168 212864 197296 202232 188992 0 0
 5257 47 7 192072 56 8 592 212032 28208 68608 0 53240 35048 19224 19640 23736 0 0
 5268 47 8 28096 202360 560 40 272 199408 31344 0 0 56464 205888 196800 194032 0 0
 5279 47 9 55568 23176 207200 8 24 512 199424 8 57928 0 198224 198568 196392 0 0
 5290 48 0 0 76984 39808 285168 336 0 216 206128 6656 54952 99176 194816 195144 191584 0
 5301 48 1 71528 0 88768 41688 254552 160 24 56 19040 28864 110376 192208 196864 173624 0
 5312 48 2 37144 81232 0 62488 27880 208096 80 0 8 207800 115128 194872 193688 128120 0
 5323 48 3 283984 40240 54824 0 72296 30408 192080 48 0 472 198104 200592 177768 128848 0
 5334 48 4 608 250656 25800 75240 0 59720 29368 194008 0 0 194736 194664 195512 62128 0
 5345 48 5 8 8 208584 34296 57056 0 41888 29280 30592 24 192864 191192 189304 0 0
 5356 48 6 584 0 56 205568 33144 45000 0 66512 0 210152 179280 183208 188096 0 0
 5367 48 7 208504 48 24 832 202176 28720 57472 0 21576 22528 195872 193328 191408 0 0
 5378 48 8 23848 200656 96 8 816 201136 23976 54720 0 58624 26240 27072 24504 0 0
 5389 48 9 54208 23344 215680 544 0 288 205168 28256 0 0 193144 183536 205248 0 0
 5400 49 0 0 84040 42160 260088 336 8 8 190304 22640 0 95128 201328 186464 200048 0
 5411 49 1 78280 0 69776 42576 251216 584 0 608 208832 23856 117912 195408 202584 187360 0
 5422 49 2 43256 84808 0 58008 24944 212496 288 0 784 128 116464 177720 181512 124584 0
 5433 49 3 258056 41192 51776 0 74448 28384 211792 536 0 8 190040 208064 170808 124328 0
 5444 49 4 328 253832 31328 86480 0 60248 22808 194576 312 0 196904 192072 195104 66896 0
 5455 49 5 8 264 207176 31864 62272 0 46912 27472 203392 0 200368 188168 184528 0 0
 5466 49 6 400 16 32 213688 27168 45728 0 59048 27072 24800 187672 200344 190784 0 0
 5477 49 7 218640 184 16 288 210984 31080 57664 0 63368 0 193904 185136 185128 0 0
 5488 49 8 24144 213664 56 48 56 192072 32320 60344 0 30320 188184 202848 192744 0 0
 5499 49 9 57488 25416 198896 272 0 520 208736 31664 56120 0 27616 28424 23600 0 0
 5510 50 0 0 73872 34744 291320 24 0 0 203896 30888 51312 101656 210840 192888 190704 0
 5521 50 1 88952 0 82576 39592 244080 328 8 56 202440 27984 120392 184928 201256 170064 0
 5532 50 2 36040 77368 0 53136 24688 207776 520 16 584 191864 117104 182480 190160 122048 0
 5543 50 3 282864 37080 57256 0 74448 27624 205992 272 16 816 185280 207896 186552 120408 0
 5554 50 4 264 260112 31536 79288 0 59408 27296 199824 88 0 197800 179304 196752 60080 0
 5565 50 5 0 768 199488 28696 58128 0 53832 26440 215408 600 197304 208416 179992 0 0
 5576 50 6 512 8 16 206928 27568 46008 0 60608 27816 208088 197040 198280 185560 0 0
 5587 50 7 204216 544 0 384 205200 30256 55824 0 49888 24056 195808 195904 185104 0 0
 5598 50 8 29864 201568 24 24 56 214064 28672 55368 0 62528 196408 200480 187384 0 0
 5609 50 9 54232 25320 204880 184 0 304 208616 30656 56992 0 197864 181800 186936 0 0