# Format <LP ID> <Group ID> <Router ID> <Link traffic per router port(s)># Router ports in the order: 6 local channels, 3 global channels
 6 0 0 0 384936 1536 446096 83344 67512 71176 71400 61320
 13 0 1 380232 0 386496 85696 435704 84032 65304 63736 64376
 20 0 2 1136 380584 0 63200 80416 445792 60888 72408 64952
 27 0 3 444280 76368 63648 0 514944 142160 72208 66208 70552
 34 0 4 82600 433688 83448 515832 0 521608 65992 57664 66688
 41 0 5 68240 80720 444664 136320 505464 0 64864 71768 71624
 48 1 0 0 522432 129792 69296 66624 63448 63816 66104 68392
 55 1 1 512328 0 516736 69432 63808 76656 68264 61208 73448
 62 1 2 127184 518480 0 66472 76384 54704 59688 63600 67608
 69 1 3 62472 76000 70664 0 0 0 69344 67808 68392
 76 1 4 69304 63680 57104 0 0 0 67296 68816 69824
 83 1 5 73936 67376 66624 0 0 0 65440 66104 62840
 90 2 0 0 60880 0 0 0 0 59680 0 0
 97 2 1 60280 0 0 0 0 0 60984 0 0
 104 2 2 0 0 0 0 0 0 0 0 0
 111 2 3 0 0 0 0 0 0 0 0 0
 118 2 4 0 0 0 0 0 0 0 0 0
 125 2 5 0 0 0 0 0 0 0 0 0
 132 3 0 0 71744 0 0 0 0 68952 0 0
 139 3 1 69120 0 0 0 0 0 71992 0 0
 146 3 2 0 0 0 0 0 0 0 0 0
 153 3 3 0 0 0 0 0 0 0 0 0
 160 3 4 0 0 0 0 0 0 0 0 0
 167 3 5 0 0 0 0 0 0 0 0 0
 174 4 0 0 65696 0 0 0 0 67752 0 0
 181 4 1 67328 0 0 0 0 0 65744 0 0
 188 4 2 0 0 0 0 0 0 0 0 0
 195 4 3 0 0 0 0 0 0 0 0 0
 202 4 4 0 0 0 0 0 0 0 0 0
 209 4 5 0 0 0 0 0 0 0 0 0
 216 5 0 0 65032 0 0 0 0 65576 0 0
 223 5 1 65568 0 0 0 0 0 65024 0 0
 230 5 2 0 0 0 0 0 0 0 0 0
 237 5 3 0 0 0 0 0 0 0 0 0
 244 5 4 0 0 0 0 0 0 0 0 0
 251 5 5 0 0 0 0 0 0 0 0 0
 258 6 0 0 71840 0 0 0 0 65880 0 0
 265 6 1 66120 0 0 0 0 0 71552 0 0
 272 6 2 0 0 0 0 0 0 0 0 0
 279 6 3 0 0 0 0 0 0 0 0 0
 286 6 4 0 0 0 0 0 0 0 0 0
 293 6 5 0 0 0 0 0 0 0 0 0
 300 7 0 0 63912 0 0 0 0 61112 0 0
 307 7 1 61024 0 0 0 0 0 64304 0 0
 314 7 2 0 0 0 0 0 0 0 0 0
 321 7 3 0 0 0 0 0 0 0 0 0
 328 7 4 0 0 0 0 0 0 0 0 0
 335 7 5 0 0 0 0 0 0 0 0 0
 342 8 0 0 71112 0 0 0 0 63704 0 0
 349 8 1 63824 0 0 0 0 0 71440 0 0
 356 8 2 0 0 0 0 0 0 0 0 0
 363 8 3 0 0 0 0 0 0 0 0 0
 370 8 4 0 0 0 0 0 0 0 0 0
 377 8 5 0 0 0 0 0 0 0 0 0
 384 9 0 0 66688 0 0 0 0 68288 0 0
 391 9 1 68312 0 0 0 0 0 67208 0 0
 398 9 2 0 0 0 0 0 0 0 0 0
 405 9 3 0 0 0 0 0 0 0 0 0
 412 9 4 0 0 0 0 0 0 0 0 0
 419 9 5 0 0 0 0 0 0 0 0 0
 426 10 0 0 57792 0 0 0 0 68664 0 0
 433 10 1 68208 0 0 0 0 0 57392 0 0
 440 10 2 0 0 0 0 0 0 0 0 0
 447 10 3 0 0 0 0 0 0 0 0 0
 454 10 4 0 0 0 0 0 0 0 0 0
 461 10 5 0 0 0 0 0 0 0 0 0
 468 11 0 0 70960 0 0 0 0 66832 0 0
 475 11 1 66400 0 0 0 0 0 71088 0 0
 482 11 2 0 0 0 0 0 0 0 0 0
 489 11 3 0 0 0 0 0 0 0 0 0
 496 11 4 0 0 0 0 0 0 0 0 0
 503 11 5 0 0 0 0 0 0 0 0 0
 510 12 0 0 61360 0 0 0 0 67920 0 0
 517 12 1 68000 0 0 0 0 0 61736 0 0
 524 12 2 0 0 0 0 0 0 0 0 0
 531 12 3 0 0 0 0 0 0 0 0 0
 538 12 4 0 0 0 0 0 0 0 0 0
 545 12 5 0 0 0 0 0 0 0 0 0
 552 13 0 0 63912 0 0 0 0 73616 0 0
 559 13 1 73408 0 0 0 0 0 63760 0 0
 566 13 2 0 0 0 0 0 0 0 0 0
 573 13 3 0 0 0 0 0 0 0 0 0
 580 13 4 0 0 0 0 0 0 0 0 0
 587 13 5 0 0 0 0 0 0 0 0 0
 594 14 0 0 65048 0 0 0 0 67488 0 0
 601 14 1 68016 0 0 0 0 0 64336 0 0
 608 14 2 0 0 0 0 0 0 0 0 0
 615 14 3 0 0 0 0 0 0 0 0 0
 622 14 4 0 0 0 0 0 0 0 0 0
 629 14 5 0 0 0 0 0 0 0 0 0
 636 15 0 0 70576 0 0 0 0 68552 0 0
 643 15 1 68672 0 0 0 0 0 70496 0 0
 650 15 2 0 0 0 0 0 0 0 0 0
 657 15 3 0 0 0 0 0 0 0 0 0
 664 15 4 0 0 0 0 0 0 0 0 0
 671 15 5 0 0 0 0 0 0 0 0 0
 678 16 0 0 66264 0 0 0 0 70024 0 0
 685 16 1 69424 0 0 0 0 0 66056 0 0
 692 16 2 0 0 0 0 0 0 0 0 0
 699 16 3 0 0 0 0 0 0 0 0 0
 706 16 4 0 0 0 0 0 0 0 0 0
 713 16 5 0 0 0 0 0 0 0 0 0
 720 17 0 0 71632 0 0 0 0 62360 0 0
 727 17 1 62536 0 0 0 0 0 71696 0 0
 734 17 2 0 0 0 0 0 0 0 0 0
 741 17 3 0 0 0 0 0 0 0 0 0
 748 17 4 0 0 0 0 0 0 0 0 0
 755 17 5 0 0 0 0 0 0 0 0 0
 762 18 0 0 71160 0 0 0 0 68680 0 0
 769 18 1 68352 0 0 0 0 0 71144 0 0
 776 18 2 0 0 0 0 0 0 0 0 0
 783 18 3 0 0 0 0 0 0 0 0 0
 790 18 4 0 0 0 0 0 0 0 0 0
 797 18 5 0 0 0 0 0 0 0 0 0