# Format <LP id> <Terminal ID> <Total Data Size> <Aggregate packet latency> <# Flits/Packets finished> <Avg hops> <Busy Time>
 3 0 374880 422.212975 1064 1.751705 0.000000
 4 1 500032 646.371254 1328 1.582228 0.000000
 5 2 380608 371.689444 1124 1.813865 0.000000
 10 3 500432 585.888625 1330 1.794611 0.000000
 11 4 636304 1402.162037 1906 1.762508 0.000000
 12 5 504960 716.332349 1478 1.865337 0.000000
 17 6 377072 399.164778 1060 1.754824 0.000000
 18 7 508752 552.373238 1552 1.700241 0.000000
 19 8 380784 513.384694 1118 1.814223 0.000000
 24 9 508496 733.939091 1554 2.772253 0.000000
 25 10 633216 877.487828 1750 2.449588 0.000000
 26 11 508784 517.407075 1510 2.808980 0.000000
 31 12 632480 1219.259580 1872 2.669842 0.000000
 32 13 761248 1621.080832 2362 2.478655 0.000000
 33 14 632784 607.133238 1752 2.620000 0.000000
 38 15 504176 750.050977 1402 2.767888 0.000000
 39 16 641920 856.047159 1940 2.548562 0.000000
 40 17 508000 620.353234 1458 2.778148 0.000000
 45 18 373712 681.324054 1084 3.062150 0.000000
 46 19 502608 721.148579 1390 2.651502 0.000000
 47 20 378096 923.880136 1124 3.113910 0.000000
 52 21 508752 738.987923 1466 2.889027 0.000000
 53 22 644160 1503.865094 1948 2.699809 0.000000
 54 23 503360 1358.350645 1442 2.937867 0.000000
 59 24 380288 611.725087 1146 3.090076 0.000000
 60 25 506784 745.782471 1470 2.696339 0.000000
 61 26 374624 632.118709 1092 3.049217 0.000000
 66 27 0 nan 0 nan 0.000000
 67 28 0 nan 0 nan 0.000000
 68 29 0 nan 0 nan 0.000000
 73 30 0 nan 0 nan 0.000000
 74 31 0 nan 0 nan 0.000000
 75 32 0 nan 0 nan 0.000000
 80 33 0 nan 0 nan 0.000000
 81 34 0 nan 0 nan 0.000000
 82 35 0 nan 0 nan 0.000000
 87 36 0 nan 0 nan 0.000000
 88 37 0 nan 0 nan 0.000000
 89 38 0 nan 0 nan 0.000000
 94 39 0 nan 0 nan 0.000000
 95 40 0 nan 0 nan 0.000000
 96 41 0 nan 0 nan 0.000000
 101 42 0 nan 0 nan 0.000000
 102 43 0 nan 0 nan 0.000000
 103 44 0 nan 0 nan 0.000000
 108 45 0 nan 0 nan 0.000000
 109 46 0 nan 0 nan 0.000000
 110 47 0 nan 0 nan 0.000000
 115 48 0 nan 0 nan 0.000000
 116 49 0 nan 0 nan 0.000000
 117 50 0 nan 0 nan 0.000000
 122 51 0 nan 0 nan 0.000000
 123 52 0 nan 0 nan 0.000000
 124 53 0 nan 0 nan 0.000000
 129 54 0 nan 0 nan 0.000000
 130 55 0 nan 0 nan 0.000000
 131 56 0 nan 0 nan 0.000000
 136 57 0 nan 0 nan 0.000000
 137 58 0 nan 0 nan 0.000000
 138 59 0 nan 0 nan 0.000000
 143 60 0 nan 0 nan 0.000000
 144 61 0 nan 0 nan 0.000000
 145 62 0 nan 0 nan 0.000000
 150 63 0 nan 0 nan 0.000000
 151 64 0 nan 0 nan 0.000000
 152 65 0 nan 0 nan 0.000000
 157 66 0 nan 0 nan 0.000000
 158 67 0 nan 0 nan 0.000000
 159 68 0 nan 0 nan 0.000000
 164 69 0 nan 0 nan 0.000000
 165 70 0 nan 0 nan 0.000000
 166 71 0 nan 0 nan 0.000000
 171 72 0 nan 0 nan 0.000000
 172 73 0 nan 0 nan 0.000000
 173 74 0 nan 0 nan 0.000000
 178 75 0 nan 0 nan 0.000000
 179 76 0 nan 0 nan 0.000000
 180 77 0 nan 0 nan 0.000000
 185 78 0 nan 0 nan 0.000000
 186 79 0 nan 0 nan 0.000000
 187 80 0 nan 0 nan 0.000000
 192 81 0 nan 0 nan 0.000000
 193 82 0 nan 0 nan 0.000000
 194 83 0 nan 0 nan 0.000000
 199 84 0 nan 0 nan 0.000000
 200 85 0 nan 0 nan 0.000000
 201 86 0 nan 0 nan 0.000000
 206 87 0 nan 0 nan 0.000000
 207 88 0 nan 0 nan 0.000000
 208 89 0 nan 0 nan 0.000000
 213 90 0 nan 0 nan 0.000000
 214 91 0 nan 0 nan 0.000000
 215 92 0 nan 0 nan 0.000000
 220 93 0 nan 0 nan 0.000000
 221 94 0 nan 0 nan 0.000000
 222 95 0 nan 0 nan 0.000000
 227 96 0 nan 0 nan 0.000000
 228 97 0 nan 0 nan 0.000000
 229 98 0 nan 0 nan 0.000000
 234 99 0 nan 0 nan 0.000000
 235 100 0 nan 0 nan 0.000000
 236 101 0 nan 0 nan 0.000000
 241 102 0 nan 0 nan 0.000000
 242 103 0 nan 0 nan 0.000000
 243 104 0 nan 0 nan 0.000000
 248 105 0 nan 0 nan 0.000000
 249 106 0 nan 0 nan 0.000000
 250 107 0 nan 0 nan 0.000000
 255 108 0 nan 0 nan 0.000000
 256 109 0 nan 0 nan 0.000000
 257 110 0 nan 0 nan 0.000000
 262 111 0 nan 0 nan 0.000000
 263 112 0 nan 0 nan 0.000000
 264 113 0 nan 0 nan 0.000000
 269 114 0 nan 0 nan 0.000000
 270 115 0 nan 0 nan 0.000000
 271 116 0 nan 0 nan 0.000000
 276 117 0 nan 0 nan 0.000000
 277 118 0 nan 0 nan 0.000000
 278 119 0 nan 0 nan 0.000000
 283 120 0 nan 0 nan 0.000000
 284 121 0 nan 0 nan 0.000000
 285 122 0 nan 0 nan 0.000000
 290 123 0 nan 0 nan 0.000000
 291 124 0 nan 0 nan 0.000000
 292 125 0 nan 0 nan 0.000000
 297 126 0 nan 0 nan 0.000000
 298 127 0 nan 0 nan 0.000000
 299 128 0 nan 0 nan 0.000000
 304 129 0 nan 0 nan 0.000000
 305 130 0 nan 0 nan 0.000000
 306 131 0 nan 0 nan 0.000000
 311 132 0 nan 0 nan 0.000000
 312 133 0 nan 0 nan 0.000000
 313 134 0 nan 0 nan 0.000000
 318 135 0 nan 0 nan 0.000000
 319 136 0 nan 0 nan 0.000000
 320 137 0 nan 0 nan 0.000000
 325 138 0 nan 0 nan 0.000000
 326 139 0 nan 0 nan 0.000000
 327 140 0 nan 0 nan 0.000000
 332 141 0 nan 0 nan 0.000000
 333 142 0 nan 0 nan 0.000000
 334 143 0 nan 0 nan 0.000000
 339 144 0 nan 0 nan 0.000000
 340 145 0 nan 0 nan 0.000000
 341 146 0 nan 0 nan 0.000000
 346 147 0 nan 0 nan 0.000000
 347 148 0 nan 0 nan 0.000000
 348 149 0 nan 0 nan 0.000000
 353 150 0 nan 0 nan 0.000000
 354 151 0 nan 0 nan 0.000000
 355 152 0 nan 0 nan 0.000000
 360 153 0 nan 0 nan 0.000000
 361 154 0 nan 0 nan 0.000000
 362 155 0 nan 0 nan 0.000000
 367 156 0 nan 0 nan 0.000000
 368 157 0 nan 0 nan 0.000000
 369 158 0 nan 0 nan 0.000000
 374 159 0 nan 0 nan 0.000000
 375 160 0 nan 0 nan 0.000000
 376 161 0 nan 0 nan 0.000000
 381 162 0 nan 0 nan 0.000000
 382 163 0 nan 0 nan 0.000000
 383 164 0 nan 0 nan 0.000000
 388 165 0 nan 0 nan 0.000000
 389 166 0 nan 0 nan 0.000000
 390 167 0 nan 0 nan 0.000000
 395 168 0 nan 0 nan 0.000000
 396 169 0 nan 0 nan 0.000000
 397 170 0 nan 0 nan 0.000000
 402 171 0 nan 0 nan 0.000000
 403 172 0 nan 0 nan 0.000000
 404 173 0 nan 0 nan 0.000000
 409 174 0 nan 0 nan 0.000000
 410 175 0 nan 0 nan 0.000000
 411 176 0 nan 0 nan 0.000000
 416 177 0 nan 0 nan 0.000000
 417 178 0 nan 0 nan 0.000000
 418 179 0 nan 0 nan 0.000000
 423 180 0 nan 0 nan 0.000000
 424 181 0 nan 0 nan 0.000000
 425 182 0 nan 0 nan 0.000000
 430 183 0 nan 0 nan 0.000000
 431 184 0 nan 0 nan 0.000000
 432 185 0 nan 0 nan 0.000000
 437 186 0 nan 0 nan 0.000000
 438 187 0 nan 0 nan 0.000000
 439 188 0 nan 0 nan 0.000000
 444 189 0 nan 0 nan 0.000000
 445 190 0 nan 0 nan 0.000000
 446 191 0 nan 0 nan 0.000000
 451 192 0 nan 0 nan 0.000000
 452 193 0 nan 0 nan 0.000000
 453 194 0 nan 0 nan 0.000000
 458 195 0 nan 0 nan 0.000000
 459 196 0 nan 0 nan 0.000000
 460 197 0 nan 0 nan 0.000000
 465 198 0 nan 0 nan 0.000000
 466 199 0 nan 0 nan 0.000000
 467 200 0 nan 0 nan 0.000000
 472 201 0 nan 0 nan 0.000000
 473 202 0 nan 0 nan 0.000000
 474 203 0 nan 0 nan 0.000000
 479 204 0 nan 0 nan 0.000000
 480 205 0 nan 0 nan 0.000000
 481 206 0 nan 0 nan 0.000000
 486 207 0 nan 0 nan 0.000000
 487 208 0 nan 0 nan 0.000000
 488 209 0 nan 0 nan 0.000000
 493 210 0 nan 0 nan 0.000000
 494 211 0 nan 0 nan 0.000000
 495 212 0 nan 0 nan 0.000000
 500 213 0 nan 0 nan 0.000000
 501 214 0 nan 0 nan 0.000000
 502 215 0 nan 0 nan 0.000000
 507 216 0 nan 0 nan 0.000000
 508 217 0 nan 0 nan 0.000000
 509 218 0 nan 0 nan 0.000000
 514 219 0 nan 0 nan 0.000000
 515 220 0 nan 0 nan 0.000000
 516 221 0 nan 0 nan 0.000000
 521 222 0 nan 0 nan 0.000000
 522 223 0 nan 0 nan 0.000000
 523 224 0 nan 0 nan 0.000000
 528 225 0 nan 0 nan 0.000000
 529 226 0 nan 0 nan 0.000000
 530 227 0 nan 0 nan 0.000000
 535 228 0 nan 0 nan 0.000000
 536 229 0 nan 0 nan 0.000000
 537 230 0 nan 0 nan 0.000000
 542 231 0 nan 0 nan 0.000000
 543 232 0 nan 0 nan 0.000000
 544 233 0 nan 0 nan 0.000000
 549 234 0 nan 0 nan 0.000000
 550 235 0 nan 0 nan 0.000000
 551 236 0 nan 0 nan 0.000000
 556 237 0 nan 0 nan 0.000000
 557 238 0 nan 0 nan 0.000000
 558 239 0 nan 0 nan 0.000000
 563 240 0 nan 0 nan 0.000000
 564 241 0 nan 0 nan 0.000000
 565 242 0 nan 0 nan 0.000000
 570 243 0 nan 0 nan 0.000000
 571 244 0 nan 0 nan 0.000000
 572 245 0 nan 0 nan 0.000000
 577 246 0 nan 0 nan 0.000000
 578 247 0 nan 0 nan 0.000000
 579 248 0 nan 0 nan 0.000000
 584 249 0 nan 0 nan 0.000000
 585 250 0 nan 0 nan 0.000000
 586 251 0 nan 0 nan 0.000000
 591 252 0 nan 0 nan 0.000000
 592 253 0 nan 0 nan 0.000000
 593 254 0 nan 0 nan 0.000000
 598 255 0 nan 0 nan 0.000000
 599 256 0 nan 0 nan 0.000000
 600 257 0 nan 0 nan 0.000000
 605 258 0 nan 0 nan 0.000000
 606 259 0 nan 0 nan 0.000000
 607 260 0 nan 0 nan 0.000000
 612 261 0 nan 0 nan 0.000000
 613 262 0 nan 0 nan 0.000000
 614 263 0 nan 0 nan 0.000000
 619 264 0 nan 0 nan 0.000000
 620 265 0 nan 0 nan 0.000000
 621 266 0 nan 0 nan 0.000000
 626 267 0 nan 0 nan 0.000000
 627 268 0 nan 0 nan 0.000000
 628 269 0 nan 0 nan 0.000000
 633 270 0 nan 0 nan 0.000000
 634 271 0 nan 0 nan 0.000000
 635 272 0 nan 0 nan 0.000000
 640 273 0 nan 0 nan 0.000000
 641 274 0 nan 0 nan 0.000000
 642 275 0 nan 0 nan 0.000000
 647 276 0 nan 0 nan 0.000000
 648 277 0 nan 0 nan 0.000000
 649 278 0 nan 0 nan 0.000000
 654 279 0 nan 0 nan 0.000000
 655 280 0 nan 0 nan 0.000000
 656 281 0 nan 0 nan 0.000000
 661 282 0 nan 0 nan 0.000000
 662 283 0 nan 0 nan 0.000000
 663 284 0 nan 0 nan 0.000000
 668 285 0 nan 0 nan 0.000000
 669 286 0 nan 0 nan 0.000000
 670 287 0 nan 0 nan 0.000000
 675 288 0 nan 0 nan 0.000000
 676 289 0 nan 0 nan 0.000000
 677 290 0 nan 0 nan 0.000000
 682 291 0 nan 0 nan 0.000000
 683 292 0 nan 0 nan 0.000000
 684 293 0 nan 0 nan 0.000000
 689 294 0 nan 0 nan 0.000000
 690 295 0 nan 0 nan 0.000000
 691 296 0 nan 0 nan 0.000000
 696 297 0 nan 0 nan 0.000000
 697 298 0 nan 0 nan 0.000000
 698 299 0 nan 0 nan 0.000000
 703 300 0 nan 0 nan 0.000000
 704 301 0 nan 0 nan 0.000000
 705 302 0 nan 0 nan 0.000000
 710 303 0 nan 0 nan 0.000000
 711 304 0 nan 0 nan 0.000000
 712 305 0 nan 0 nan 0.000000
 717 306 0 nan 0 nan 0.000000
 718 307 0 nan 0 nan 0.000000
 719 308 0 nan 0 nan 0.000000
 724 309 0 nan 0 nan 0.000000
 725 310 0 nan 0 nan 0.000000
 726 311 0 nan 0 nan 0.000000
 731 312 0 nan 0 nan 0.000000
 732 313 0 nan 0 nan 0.000000
 733 314 0 nan 0 nan 0.000000
 738 315 0 nan 0 nan 0.000000
 739 316 0 nan 0 nan 0.000000
 740 317 0 nan 0 nan 0.000000
 745 318 0 nan 0 nan 0.000000
 746 319 0 nan 0 nan 0.000000
 747 320 0 nan 0 nan 0.000000
 752 321 0 nan 0 nan 0.000000
 753 322 0 nan 0 nan 0.000000
 754 323 0 nan 0 nan 0.000000
 759 324 0 nan 0 nan 0.000000
 760 325 0 nan 0 nan 0.000000
 761 326 0 nan 0 nan 0.000000
 766 327 0 nan 0 nan 0.000000
 767 328 0 nan 0 nan 0.000000
 768 329 0 nan 0 nan 0.000000
 773 330 0 nan 0 nan 0.000000
 774 331 0 nan 0 nan 0.000000
 775 332 0 nan 0 nan 0.000000
 780 333 0 nan 0 nan 0.000000
 781 334 0 nan 0 nan 0.000000
 782 335 0 nan 0 nan 0.000000
 787 336 0 nan 0 nan 0.000000
 788 337 0 nan 0 nan 0.000000
 789 338 0 nan 0 nan 0.000000
 794 339 0 nan 0 nan 0.000000
 795 340 0 nan 0 nan 0.000000
 796 341 0 nan 0 nan 0.000000