# Format <LP ID> <Terminal ID> <Job ID> <Local Rank> <Total sends> <Total Recvs> <Bytes sent> <Bytes recvd> <Send time> <Comm. time> <Compute time> <Avg msg time> <Max Msg Time>
 0 0 0 0 386 386 375504 372576 34177318.968036 95313249.846930 421445414.000000 0.000000 0.000000
 1 1 0 1 436 436 499744 496960 92052433.202136 116110612.829961 400680969.000000 0.000000 0.000000
 2 2 0 2 432 432 380560 378304 21192010.617468 110718885.787642 406014323.000000 0.000000 0.000000
 7 3 0 3 438 438 501776 497360 2339190.267568 62923255.318548 453870765.000000 0.000000 0.000000
 8 4 0 4 798 798 634624 632464 59425897.367546 105669762.269005 411178033.000000 0.000000 0.000000
 9 5 0 5 566 566 505488 501888 73475957.350080 110576096.298652 406217948.000000 0.000000 0.000000
 14 6 0 6 378 378 377264 374768 111451512.501532 111208744.118621 405552232.000000 0.000000 0.000000
 15 7 0 7 636 636 503376 505680 209036360.483196 110178926.688671 406617530.000000 0.000000 0.000000
 16 8 0 8 430 430 377664 378480 112387452.740851 113742695.266842 403005036.000000 0.000000 0.000000
 21 9 0 9 648 648 505520 505424 73576275.097459 107107938.447368 409691593.000000 0.000000 0.000000
 22 10 0 10 646 646 628512 629376 59035257.976454 113731485.709400 403118618.000000 0.000000 0.000000
 23 11 0 11 618 618 504176 505712 51717490.284495 114121620.360575 402669890.000000 0.000000 0.000000
 28 12 0 12 764 764 628688 628640 187020216.643081 107927849.953583 408924470.000000 0.000000 0.000000
 29 13 0 13 1060 1060 760240 756640 262166374.915442 95803526.035010 421055583.000000 0.000000 0.000000
 30 14 0 14 640 640 627024 628944 215610728.726706 112174688.847886 404679939.000000 0.000000 0.000000
 35 15 0 15 496 496 498080 501104 117805875.908051 112325416.101611 404476753.000000 0.000000 0.000000
 36 16 0 16 818 818 629824 638080 132913625.207111 108200316.906616 408656717.000000 0.000000 0.000000
 37 17 0 17 562 562 503296 504928 104254176.877604 105060290.941004 411724256.000000 0.000000 0.000000
 42 18 0 18 420 420 375680 371408 115316269.821545 110201945.200618 406548900.000000 0.000000 0.000000
 43 19 0 19 500 500 499920 499536 103462809.864104 96823294.165820 419973314.000000 0.000000 0.000000
 44 20 0 20 446 446 377088 375792 112100180.902281 111277020.058738 405490972.000000 0.000000 0.000000
 49 21 0 21 562 562 503040 505680 121903028.421259 112509532.643840 404295339.000000 0.000000 0.000000
 50 22 0 22 842 842 635616 640320 147559170.689298 109882408.717484 406977339.000000 0.000000 0.000000
 51 23 0 23 556 556 500432 500288 118113834.625225 111411875.071207 405389169.000000 0.000000 0.000000
 56 24 0 24 458 458 377408 377984 15613907.077671 13767655.607249 502964206.000000 0.000000 0.000000
 57 25 0 25 568 568 500112 503712 15481328.408978 14221665.081030 502581788.000000 0.000000 0.000000
 58 26 0 26 420 420 373712 372320 13300402.563650 14425979.554644 502344323.000000 0.000000 0.000000