# Format <LP ID> <Group ID> <Router ID> <Link traffic per router port(s)># Router ports in the order: 10 local channels, 5 global channels
 10 0 0 0 250776 722384 552912 48384 50312 50448 263056 104304 113512 103984 118032 125040 121304 100528
 21 0 1 230408 0 335232 753416 586384 84992 87856 192072 598816 483440 944256 270824 284264 252192 77400
 32 0 2 738632 331816 0 562392 506128 546568 80096 97304 113728 327184 584584 285632 259600 197744 89880
 43 0 3 378648 741056 558648 0 601600 817328 857464 419808 443216 427160 3049896 232216 229616 166136 31136
 54 0 4 75856 585904 493680 573584 0 269344 504080 546960 125712 153312 336296 278064 283488 173288 102584
 65 0 5 89680 91912 541904 782696 259800 0 246720 502288 588448 125400 304040 280944 292304 102744 92560
 76 0 6 78376 84216 77152 845176 493016 252672 0 268960 538168 596424 313336 298952 282136 106016 98896
 87 0 7 94832 196544 99376 386032 541472 506472 275136 0 313856 564656 278160 299816 286288 101208 105528
 98 0 8 146816 581240 113024 419560 130528 571488 541680 313984 0 349560 309096 303064 292912 98008 99560
 109 0 9 123256 461872 320960 396192 151112 121976 600816 554176 346696 0 300880 296672 290968 112976 93560
 120 1 0 0 571240 679496 928968 156992 114576 127328 342296 186656 235408 927296 296048 285400 312776 108448
 131 1 1 536648 0 170536 584512 750920 85224 94984 86880 310224 145376 113920 136464 131288 141448 121768
 142 1 2 662504 154016 0 300888 783760 554256 96000 228424 407600 662688 990256 279672 282552 205368 104536
 153 1 3 966128 578152 288752 0 578296 503736 555680 95432 117920 119376 715216 305904 291696 224984 112872
 164 1 4 154504 643704 786024 583144 0 577976 815952 885344 450488 422768 3049344 267352 253168 128720 60272
 175 1 5 129632 115152 559112 494208 560416 0 242368 512096 587224 151536 344784 305976 299968 116736 123616
 186 1 6 125056 113512 99784 541744 772776 246528 0 271112 553584 587744 317408 320032 306048 117568 125120
 197 1 7 344464 140728 225256 102272 861704 517960 272448 0 316728 573320 336016 308440 300328 114216 112280
 208 1 8 184528 176888 395936 118792 412496 588992 524368 313088 0 346904 316992 323688 304072 130880 116936
 219 1 9 234592 159576 648160 120480 397440 148728 591736 554744 347208 0 312904 330064 324032 123968 118664
 230 2 0 0 666320 534656 663416 396296 163688 123144 335144 223912 574424 569336 294024 308272 315832 111072
 241 2 1 710368 0 373240 535432 700088 334200 124616 119936 341712 220472 939456 311624 309784 256784 106816
 252 2 2 487912 350728 0 256176 501160 728832 62200 65608 68064 298536 124528 142992 137960 131264 118736
 263 2 3 661456 534704 224744 0 168904 779584 546088 84096 155888 488224 692312 303272 287384 225296 104032
 274 2 4 427304 707904 500128 169648 0 564736 496352 544568 98120 158592 728992 301160 302992 162824 107344
 285 2 5 145344 362208 679112 764384 584928 0 550784 798568 860808 451288 2968888 264728 240040 66768 64024
 296 2 6 120448 123384 95736 536696 485880 525800 0 261920 389056 391768 342920 319160 296408 112136 109528
 307 2 7 344576 115440 105264 90584 530328 780768 253776 0 272016 191080 336640 313208 311576 124840 112384
 318 2 8 226432 339408 108960 152264 101432 842736 382704 275872 0 350968 350584 300608 318816 117128 118336
 329 2 9 548960 225128 197032 468992 157720 424896 380888 199872 365416 0 304064 317608 304296 123640 115040
 340 3 0 0 711752 948600 775704 493480 755200 517688 691808 488320 279048 3008424 331432 318976 323824 119352
 351 3 1 671792 0 599760 565528 691200 247848 435736 230312 507384 562832 742672 368520 381160 340624 171208
 362 3 2 936872 630232 0 283160 582768 657880 462520 182336 218856 403096 667032 372360 372968 296008 175240
 373 3 3 851112 501184 289240 0 305064 514296 755136 103208 95560 99816 181928 200664 200680 193024 183680
 384 3 4 462648 678728 580144 277512 0 339144 864320 745800 469832 537216 1095912 364464 343344 235032 163688
 395 3 5 745288 260992 658240 541144 330320 0 498800 576288 656672 210792 780616 357840 358128 180408 169120
 406 3 6 475864 442024 465752 732512 857192 521456 0 665232 930552 966976 3096568 311400 315040 130984 127328
 417 3 7 651256 225320 192440 167208 714504 576720 647128 0 396088 647848 405184 392168 361080 191192 191048
 428 3 8 458328 522504 199592 192992 453880 636696 875064 392576 0 416816 421008 378712 381296 183664 194752
 439 3 9 300408 543136 421640 197360 511552 205848 932352 645760 415832 0 400608 374672 358872 195048 187728
 450 4 0 0 708944 640336 1023880 204408 205560 465752 465544 268520 310832 332680 426232 386768 380784 192344
 461 4 1 756752 0 730016 1153536 797256 514560 582288 746280 696328 290768 3021992 336184 311472 290496 133608
 472 4 2 641304 703656 0 448128 546536 626056 206560 493328 293200 714632 747224 375216 366776 296064 170792
 483 4 3 1054984 1189952 459376 0 282936 564448 622376 448632 193312 205296 1100352 370984 353504 287552 181376
 494 4 4 104088 821240 494968 308472 0 268728 510048 783184 101064 99936 191640 204984 218936 202576 183848
 505 4 5 209584 499520 626488 559352 275344 0 331952 985280 928904 524440 1097712 354048 358016 167080 170352
 516 4 6 515208 570872 226232 611912 526080 321224 0 645936 608056 665152 795112 390432 370408 188536 174328
 527 4 7 425056 719392 522440 476536 767832 961600 679616 0 597904 940816 3144512 332064 325800 133592 134168
 538 4 8 270368 647984 278640 197408 203784 896384 593176 555896 0 430624 424072 382128 385264 192160 208784
 549 4 9 308888 291144 691112 210600 205976 496336 654632 901744 442880 0 397584 382136 383456 192312 186888
 560 5 0 0 467936 907144 722384 490632 196680 210256 692768 308928 292104 299952 391360 397600 379584 190848
 571 5 1 468552 0 701104 617088 944992 204600 208208 292072 666472 258072 346056 412096 368192 355544 182840
 582 5 2 936880 729096 0 664728 982176 734656 482816 520376 709896 425920 2937720 341008 303144 266696 146792
 593 5 3 708216 619448 651152 0 366832 543592 624488 188312 573128 501480 790160 361544 366968 308160 199960
 604 5 4 523360 975592 979344 352024 0 275976 574184 628240 498712 194592 1098392 375592 368968 232432 173048
 615 5 5 101208 111488 754032 503512 292400 0 262744 248608 517464 100896 192272 200632 207952 195368 182136
 626 5 6 203440 197368 446944 615544 564848 274392 0 472080 779520 680960 1072800 350520 378208 181344 185112
 637 5 7 733104 294632 473928 193416 643688 306808 458336 0 654096 230336 811672 371104 380256 183000 190920
 648 5 8 295104 672336 731104 606376 504312 505912 770296 683672 0 685032 3052528 325664 321848 135912 139680
 659 5 9 301640 254976 419344 473504 196048 194464 650296 227520 672184 0 409448 381256 383328 184272 194696
 670 6 0 0 439136 661736 987248 196880 451272 193592 429064 534608 336328 318656 413424 373752 378008 191904
 681 6 1 439168 0 407544 902424 687616 450856 193176 209360 509672 496752 311384 386288 387120 363696 197128
 692 6 2 652800 410256 0 643384 584744 750088 163384 185960 231000 688184 341024 407800 372288 324328 180936
 703 6 3 1012920 936072 672960 0 668736 862960 745240 471816 467280 514592 3066808 324112 314712 260128 134704
 714 6 4 204328 677496 582352 645176 0 340416 562888 636928 275256 799048 822336 372368 372592 246168 183200
 725 6 5 471032 486824 754496 857392 341632 0 270576 582512 646768 494672 1060104 374792 373064 185328 175472
 736 6 6 104496 101560 92232 760240 506904 264248 0 292744 514384 793984 207456 214248 214280 180848 192824
 747 6 7 422848 207720 198168 440312 652432 570568 295080 0 672968 1243152 1087496 378784 376504 171984 179192
 758 6 8 553136 542472 227512 446296 272864 666584 580528 652640 0 707032 806136 378640 366824 192752 178192
 769 6 9 354440 513424 715464 551464 789160 531576 795472 1196032 722168 0 3132312 326432 312888 128320 129416
 780 7 0 0 698840 943112 1057640 801592 533728 820440 564072 571648 866504 223048 3170336 322272 328352 128656
 791 7 1 671840 0 288376 625456 986824 198880 437352 207568 454176 381504 350144 432184 380424 351904 191888
 802 7 2 887808 288216 0 356376 866720 642344 275568 187216 204104 463040 319912 403496 372960 323504 197936
 813 7 3 1032264 613016 358072 0 650456 574944 619400 173224 204904 218920 409776 413696 369304 320408 192800
 824 7 4 811856 1017680 892288 691072 0 671784 839176 763936 443752 210096 3110760 325904 314568 193272 143096
 835 7 5 509096 190632 631936 559000 639432 0 337320 576248 739976 510616 816264 387104 367552 177120 195088
 846 7 6 824712 479312 287808 604464 833016 343136 0 301952 603704 649536 1090264 364656 347280 178856 183728
 857 7 7 580000 112312 118520 112896 765608 537256 296280 0 398752 535480 202312 213328 206744 194352 195552
 868 7 8 555744 440760 209552 197336 430840 709152 605728 434136 0 738504 1100680 385344 373784 179032 181224
 879 7 9 884224 377008 453960 219312 213840 468288 646912 591872 712400 0 815560 380040 370016 194272 177848
 890 8 0 0 538632 663632 744416 226280 473032 198392 712488 239496 315152 299896 790848 378664 378496 206344
 901 8 1 549160 0 714264 920912 995072 797720 499232 767944 560120 550712 250792 3035720 325360 289768 132784
 912 8 2 665840 676336 0 353928 577872 937576 187872 295544 210152 445184 352344 439552 363288 303656 206048
 923 8 3 745872 893008 356320 0 253128 855264 618216 173184 205928 199432 401744 411168 392888 310512 187888
 934 8 4 215336 958328 584760 245400 0 616664 189256 394248 185016 206296 417760 415432 383664 246240 196440
 945 8 5 510496 785744 948416 914272 652728 0 610768 468096 441512 220056 3003688 343016 307776 125824 140192
 956 8 6 199464 477824 167160 620896 180824 580336 0 383264 388544 966712 833352 389936 365912 179776 192808
 967 8 7 740432 779760 315856 175176 391952 446464 387704 0 341560 741112 1104136 374424 369696 183568 169144
 978 8 8 191064 575872 146712 138208 130208 479944 360656 315680 0 556600 193008 219672 225368 186416 183096
 989 8 9 306912 531584 455568 201920 201584 233424 925120 742072 624472 0 1072360 354704 376192 187608 188520
 1000 9 0 0 730344 662232 728176 199592 225448 476968 529152 831912 574736 292360 1115000 376992 391056 169088
 1011 9 1 730784 0 655448 629464 685328 200312 486064 210976 702096 248024 313928 801904 374304 368640 179512
 1022 9 2 656592 674648 0 665616 913768 945184 797512 514264 621392 514368 246264 3111496 300784 267248 137216
 1033 9 3 746360 619480 622640 0 360760 568040 911960 160864 213920 216984 413312 406464 378024 317912 191632
 1044 9 4 212472 695088 871168 358032 0 322840 876944 630824 194240 209936 398856 390920 396440 246168 214312
 1055 9 5 229728 198520 920448 568944 337392 0 506256 588048 650008 196304 407864 420376 363672 191624 185232
 1066 9 6 503008 513376 798968 931792 910496 534784 0 667888 829176 499384 3099032 332776 324384 127864 134008
 1077 9 7 528896 209344 481752 164992 621976 575424 627248 0 463096 912072 823048 365920 382392 191856 172808
 1088 9 8 844808 697440 615688 208456 203200 655672 813392 464768 0 386824 1111464 393448 361984 170072 163608
 1099 9 9 506392 192968 578888 168704 148040 152464 563456 821928 326232 0 186488 224552 208872 189512 197288
 1110 10 0 0 346688 822896 614248 139528 144864 167136 557008 201768 498704 205944 197136 222664 221568 197992
 1121 10 1 392064 0 475408 839896 705248 195008 208952 609864 681616 830136 291608 1109848 370544 346352 186544
 1132 10 2 885256 490752 0 636880 582888 625432 177192 488664 206072 518824 301568 788176 365528 300616 185496
 1143 10 3 501192 826824 643640 0 687968 892328 957864 795928 501896 494808 316224 3154432 312272 243968 137288
 1154 10 4 195664 715680 574752 668504 0 331624 570408 928432 205472 233632 425216 425744 386352 259040 193968
 1165 10 5 205416 204088 630992 850528 343656 0 335560 873144 641864 214392 386120 415080 371104 191496 182104
 1176 10 6 217080 205336 183304 907544 572552 324024 0 655272 613000 660256 427832 417040 393576 192384 206392
 1187 10 7 528608 631152 507608 804576 956840 911128 673904 0 540032 655848 3116048 343160 333024 135432 132400
 1198 10 8 248280 688720 216832 488000 206928 645968 621784 517992 0 692320 764696 377480 377464 182520 186720
 1209 10 9 585424 859992 545232 493568 238048 200544 654056 655680 688912 0 1105096 369208 362456 167104 160256
 1220 11 0 0 645400 739960 1007552 231784 204240 196376 453168 531928 308136 277288 1053816 388640 380008 177208
 1231 11 1 596536 0 342920 611384 797752 130104 132440 154040 581640 192704 207048 197072 229232 217456 196816
 1242 11 2 742672 353304 0 367240 854224 516344 168360 296152 765160 675320 296304 1055488 358632 307840 164560
 1253 11 3 1032288 661120 374496 0 625448 177848 363624 179112 465472 196440 375320 805840 387904 288936 185928
 1264 11 4 236352 713920 863120 651640 0 650600 491344 682928 803256 481872 336432 3009632 332608 200040 134040
 1275 11 5 196144 198784 495296 191360 608040 0 316424 459776 944240 220744 413392 417208 370096 185888 201640
 1286 11 6 205752 207216 177416 365552 471336 329264 0 366240 885576 653736 395416 405376 357104 182096 177200
 1297 11 7 447120 216120 278376 182960 663352 450792 365280 0 650352 648424 442800 425664 380448 188576 204536
 1308 11 8 532992 586520 783784 499064 806512 952656 889712 680200 0 511904 3038888 336104 318104 128608 133264
 1319 11 9 291288 232728 669408 204856 472320 221056 664120 634704 515200 0 791952 371768 371280 202824 196944
 1330 12 0 0 672424 598272 735104 467592 219992 215360 433816 365304 871168 288240 804120 392544 363552 181096
 1341 12 1 728184 0 433400 612608 763184 433888 190896 209832 435424 549920 294528 1047448 376416 355216 183504
 1352 12 2 524336 421816 0 279136 536576 752536 101072 105944 127512 551176 206160 202632 214248 207296 190592
 1363 12 3 719608 615560 295328 0 386000 859928 613480 280024 479568 810472 355672 1109200 348632 296624 176248
 1374 12 4 491200 798000 565104 369640 0 635488 584192 631744 199704 494920 363560 807688 373192 246584 183568
 1385 12 5 226016 437496 737176 853488 649232 0 652408 907224 994232 817328 336560 3080096 309624 137504 129696
 1396 12 6 218744 203224 175752 611152 564048 619576 0 358896 629192 978192 401760 425424 366672 198856 185608
 1407 12 7 438152 205064 185088 272576 620000 863560 363464 0 396800 880232 398616 392352 392392 191672 186944
 1418 12 8 366600 445448 211752 454304 207280 940688 604840 385472 0 653416 434928 429664 380560 191720 198752
 1429 12 9 859880 577208 559904 835352 510592 804968 1003616 923168 663576 0 3129544 322728 307328 125016 127760
 1440 13 0 0 749416 1228000 804088 535768 821464 550696 749832 526992 362648 236808 3081608 316856 319184 143016
 1451 13 1 725896 0 553584 583896 703128 274520 451248 230744 505840 584936 290400 809096 374360 346696 180032
 1462 13 2 1253496 580904 0 290088 575760 656352 456112 206040 212096 436296 294872 1083848 359888 303904 187288
 1473 13 3 843856 505544 278000 0 297720 518224 765912 92320 104672 106528 216376 197992 205216 206984 204872
 1484 13 4 493656 683688 575512 272728 0 344600 858352 757200 473080 504888 367328 1103984 361272 230472 174696
 1495 13 5 797808 292248 641360 558272 337792 0 615896 582104 648856 195056 389128 837632 381200 173208 176160
 1506 13 6 503480 448560 490864 735224 853944 653392 0 685512 922664 947520 324208 3128288 316248 136376 139104
 1517 13 7 707712 238120 197904 165216 716488 572728 666768 0 392392 666768 422392 436512 392392 187136 196504
 1528 13 8 487320 511552 212000 192216 450264 655392 889824 388232 0 415080 395056 408912 377608 184944 194280
 1539 13 9 353608 539984 424224 210288 494608 209848 899944 648832 412432 0 409544 421480 384432 195640 204344
 1550 14 0 0 723176 639872 1011312 195896 203240 477992 440176 267320 309712 297952 418848 408312 386112 200512
 1561 14 1 737752 0 707040 1124224 529240 507040 569128 744928 685672 304168 242576 2992184 342280 301920 139920
 1572 14 2 640080 693152 0 438264 168120 373936 208936 480808 277672 739368 298088 815416 366296 293304 179808
 1583 14 3 1047704 1164208 464640 0 153848 181272 382728 427984 198672 203224 342592 1078304 360024 282320 178576
 1594 14 4 111896 556296 124432 168656 0 278632 496040 767176 103904 109480 206496 189624 217760 202008 184896
 1605 14 5 192904 480008 370440 193784 277352 0 332104 974288 938816 541936 376344 1094336 343744 179008 156872
 1616 14 6 504784 525616 201520 384848 533248 318704 0 636864 606616 649032 381688 824520 368200 186224 196336
 1627 14 7 444064 703520 499288 466312 740928 956048 663888 0 703160 934392 330144 3038584 341176 134696 126624
 1638 14 8 295728 659256 279560 189848 197648 907384 595672 674248 0 441920 412048 415520 391928 189840 200848
 1649 14 9 298208 287296 689232 202712 207184 501640 669080 892400 447896 0 404800 409016 381632 198048 205136
 1660 15 0 0 475200 911320 724048 501008 200600 193680 696536 297808 308480 300528 417728 392464 382824 190520
 1671 15 1 460752 0 694768 613608 952608 201048 188920 299376 653504 265744 310144 423480 437376 364000 196120
 1682 15 2 946136 726544 0 670536 983320 777280 479848 506856 739888 429312 240992 3123896 312920 254624 125080
 1693 15 3 717016 598184 647000 0 360512 540528 622864 198184 549856 524872 370512 816392 376048 323440 189400
 1704 15 4 537072 981672 983864 347864 0 282888 558480 630440 496208 215144 365424 1096408 371784 236472 176024
 1715 15 5 112880 99552 781584 495184 269864 0 136016 501408 779680 109120 218136 194560 213288 195264 205288
 1726 15 6 200176 203080 467120 644752 573048 157640 0 470728 1172224 999856 355480 1097856 347600 166184 165792
 1737 15 7 726216 288448 468680 215968 627560 544248 458624 0 690480 635992 371696 796672 388128 190784 181056
 1748 15 8 302224 690264 729176 587512 520864 772096 1130784 711888 0 733792 331488 3122704 320472 137568 133960
 1759 15 9 306304 280640 469680 476784 198136 196136 961328 610528 713256 0 416624 402400 397832 193248 205256
 1770 16 0 0 446800 676952 978368 197824 492984 205048 409064 551640 363800 289432 425264 416184 382408 183256
 1781 16 1 444192 0 404296 916144 710424 443440 196792 225472 511024 506168 325712 406608 414672 374328 200976
 1792 16 2 659600 417944 0 647008 576456 743992 184816 194800 238320 699632 306384 439848 413240 307784 199736
 1803 16 3 1019072 950496 686192 0 669528 857944 756504 470224 450976 504096 322856 3090560 292360 243072 136392
 1814 16 4 197080 701536 590424 648336 0 339232 549936 657048 277728 818152 368808 794480 376440 240112 187680
 1825 16 5 537840 474680 741840 855408 329384 0 265736 573744 644904 495272 369376 1097856 364480 172160 170080
 1836 16 6 104448 116000 106992 757736 508432 268416 0 272328 510240 787992 210960 213184 213808 194792 188672
 1847 16 7 435680 207664 192560 430936 651728 574128 292456 0 548776 1251840 367272 1074152 378064 169088 176832
 1858 16 8 565152 534064 243376 421312 262880 648344 578376 515288 0 701072 383280 799840 369480 178080 185656
 1869 16 9 358960 531056 721600 538048 812496 518712 800304 1199512 719968 0 324392 3133200 329080 134800 135312
 1880 17 0 0 676936 803464 810720 764752 515080 810680 560048 556360 864848 224264 329504 3071128 323320 130264
 1891 17 1 644752 0 425704 249144 710240 189656 452600 212576 453384 366880 316128 434272 427736 363424 189920
 1902 17 2 750688 418040 0 348480 474864 491080 285544 179280 210992 428232 309128 388320 378016 305080 201576
 1913 17 3 797480 247192 351768 0 636296 579904 647120 167840 191976 197624 382424 425816 382568 298832 183504
 1924 17 4 785672 762136 502584 659720 0 659768 879240 736520 438880 220448 322120 2997976 340704 186400 129608
 1935 17 5 487224 187928 479392 554904 621808 0 338984 584184 734912 493264 385720 797248 365752 180192 191024
 1946 17 6 816160 491448 282976 604616 849408 340688 0 302136 616288 652880 367560 1115960 384280 172648 170648
 1957 17 7 573584 115208 118560 113160 757144 532768 298232 0 398752 529712 206560 184616 218064 188160 194824
 1968 17 8 564736 442328 217608 193256 434864 723568 594056 429128 0 690512 386352 1038416 374896 187600 175816
 1979 17 9 863360 378304 421336 191344 213344 460496 653912 576664 669776 0 382808 800376 350168 187872 190720
 1990 18 0 0 553680 674240 724344 223008 467816 204640 651640 228816 292912 288888 400136 770544 380624 189376
 2001 18 1 533376 0 694408 936768 1017760 823168 523560 784760 578104 540200 247176 330408 3087648 312432 150752
 2012 18 2 638904 669312 0 361064 582488 912608 169480 280952 227752 443016 308584 434016 399488 303856 195008
 2023 18 3 737624 900152 352712 0 361264 861856 629504 172320 192600 203112 380776 399904 388352 312096 188664
 2034 18 4 219656 993776 589632 357912 0 626568 571368 620128 186744 204408 359248 445216 397320 260592 197744
 2045 18 5 502920 816944 952552 909504 661632 0 625240 852352 718368 225472 329248 3071592 306648 134312 131552
 2056 18 6 195056 488000 165320 606552 558352 610064 0 373320 666216 963016 391368 806328 367928 180936 191872
 2067 18 7 670472 762688 301440 179592 625688 848464 387840 0 353256 728048 339808 1044544 384464 172040 171752
 2078 18 8 193008 590216 136888 148616 134440 727880 599872 319840 0 586920 222872 189736 213872 194040 202704
 2089 18 9 298112 530224 438360 204232 205352 226880 930424 734360 639528 0 402104 1073832 369672 185296 169200
 2100 19 0 0 712320 650776 736592 203088 226104 481760 530552 852976 323680 274872 388952 885504 350736 174672
 2111 19 1 732504 0 524488 637728 694280 205576 481016 214552 675480 233288 303656 366552 822560 345808 185048
 2122 19 2 649976 557760 0 680376 903248 973624 783048 518448 629776 488400 255936 327976 3100864 238208 121192
 2133 19 3 736552 635416 633080 0 365536 577640 911568 171464 197024 171440 383592 421712 378264 317840 182584
 2144 19 4 204680 688424 872568 358432 0 339968 865440 641736 193392 165528 400904 380448 370872 260040 181912
 2155 19 5 223864 199272 935544 573480 333016 0 619224 594208 662512 160832 388096 433440 401192 185728 186968
 2166 19 6 510096 528136 800624 939752 890408 659416 0 668416 833768 455312 313256 3085696 309472 127776 130824
 2177 19 7 519512 215680 478784 171064 613272 586776 635328 0 467656 859792 377128 785968 374864 180984 186664
 2188 19 8 855120 704048 610184 207616 197720 647176 816968 449552 0 358984 363696 1075856 359552 169640 168768
 2199 19 9 281160 159752 538224 117992 108360 113720 519304 760120 303136 0 225136 182496 216008 179616 184488
 2210 20 0 0 357080 451456 347856 134616 140280 165032 546152 193336 511896 215768 216232 190960 224256 199336
 2221 20 1 387384 0 450344 423616 687640 186488 192080 567096 674960 725272 294048 367488 1125568 345032 165248
 2232 20 2 525376 460464 0 602744 580168 636976 159864 456608 185632 418488 300424 383800 743240 298216 188344
 2243 20 3 230576 423216 641800 0 565192 895928 922056 770696 509592 504112 318232 332768 3061712 238760 130560
 2254 20 4 207328 681296 562048 533776 0 337560 576760 920448 199024 221832 384888 417904 421568 251792 188400
 2265 20 5 206720 184984 620792 859672 343728 0 322616 877800 653032 207376 395712 394816 373720 190800 191648
 2276 20 6 210560 193560 157656 907936 560984 334336 0 628728 617712 667624 390592 399704 391584 184432 193624
 2287 20 7 505216 596016 487360 780520 962408 898304 672672 0 662016 662304 334544 3001064 326704 127864 135768
 2298 20 8 265448 673192 195328 491512 198920 646992 615536 639168 0 704352 382896 780848 360376 187712 167992
 2309 20 9 588864 731792 410904 483176 236352 203432 655656 646712 689280 0 371256 876296 387328 179968 170960
 2320 21 0 0 652464 755840 1019096 224488 208240 209032 448664 540128 297744 280576 382208 1082720 388576 185368
 2331 21 1 596120 0 335000 614096 792704 132888 132776 135120 577088 192032 228136 241904 187344 219480 195200
 2342 21 2 740208 350592 0 366136 860104 644664 167712 311968 773232 718328 282184 373912 1073208 306992 168568
 2353 21 3 1030736 641008 366120 0 634176 568552 607144 174112 485904 206312 371896 396672 802208 298464 180976
 2364 21 4 227232 728832 847912 649104 0 663272 902240 970880 813832 506056 324448 334040 3123056 194480 136608
 2375 21 5 191080 195216 631808 564808 645112 0 203792 587848 953776 230144 404528 403048 416016 195496 195280
 2386 21 6 200208 202544 165296 619504 864792 211760 0 358664 884048 701872 369408 410984 388888 177728 191512
 2397 21 7 466056 217840 289872 174912 918760 586472 354408 0 673528 652032 379288 426912 416080 192648 189448
 2408 21 8 543568 569400 776872 514112 831616 968208 900856 698112 0 505680 322344 3106640 332792 128576 137656
 2419 21 9 311944 255296 711344 205800 485256 233928 671096 641608 521880 0 381144 785848 394496 191832 185096
 2430 22 0 0 743184 609448 710880 467112 226760 210016 441128 314968 817104 276368 356920 747976 357992 173144
 2441 22 1 761456 0 448392 617208 777528 411184 204952 204960 397392 517240 291416 358896 1058784 344272 169920
 2452 22 2 530224 422464 0 304128 542416 785488 111648 110296 103936 543544 193048 194752 175536 208680 189056
 2463 22 3 726784 604744 298616 0 361008 840120 621064 287336 158840 513112 363464 382320 487744 287856 174448
 2474 22 4 501720 773152 562952 370448 0 636584 580440 638632 149088 472744 358496 365824 799192 225856 167288
 2485 22 5 229344 455824 746832 833960 663784 0 645296 897832 904576 754552 310704 315040 3092288 119152 104016
 2496 22 6 223168 196816 175064 605592 566160 619416 0 351400 555968 923256 361344 403200 366648 176464 180040
 2507 22 7 450144 200536 197784 278032 630192 862568 360224 0 233272 861176 366552 375496 379048 185416 185992
 2518 22 8 311256 395864 171456 158424 159264 884136 564536 225816 0 561936 362376 382384 400464 179944 183072
 2529 22 9 803440 536168 512072 531056 500544 774992 924992 897288 606448 0 304176 3111344 300720 122288 106112
 2540 23 0 0 672304 773488 791344 508344 771376 519144 713304 497200 310760 197928 311520 3040256 322624 115832
 2551 23 1 652920 0 356896 537488 681312 215344 410336 202424 477816 536504 294856 359928 802424 325040 162880
 2562 23 2 779864 344528 0 274512 574248 614960 426080 172456 186256 400576 288312 373608 511992 321168 176264
 2573 23 3 834008 503824 291904 0 290168 517432 770920 105496 106056 110576 190784 182824 182808 185416 188288
 2584 23 4 484008 672088 570712 272480 0 337608 848312 732088 476176 474200 370472 359688 1062080 221792 161912
 2595 23 5 762056 217296 612560 538184 338184 0 608584 585608 648096 189048 370560 363928 724368 166088 170576
 2606 23 6 485680 419832 450048 747496 864768 626056 0 662848 931040 966400 302752 324488 3061160 113976 118144
 2617 23 7 663592 200112 173128 168448 734664 571536 645112 0 389512 638352 371576 421600 405592 178880 179864
 2628 23 8 462136 483144 197024 204272 455768 651664 886552 396712 0 443888 371792 374488 371312 174808 181096
 2639 23 9 310824 495384 419160 189080 457608 197408 925360 648968 411360 0 387168 368296 424168 193120 174368
 2650 24 0 0 725376 617336 959376 193528 203800 481656 454248 265888 292312 293640 394504 423456 436504 194944
 2661 24 1 748536 0 739864 1166344 790744 537064 585552 738576 678328 294168 253000 344160 3106800 297552 126200
 2672 24 2 638280 698152 0 448720 549528 640968 215512 482560 291288 718512 301936 384880 779904 304584 191096
 2683 24 3 1013328 1193472 449344 0 270096 569016 614576 463120 219704 202232 363320 368344 1028560 296688 176880
 2694 24 4 110288 832984 502064 294288 0 287856 504376 789352 100816 104696 187168 221872 192400 193184 187880
 2705 24 5 207688 488304 628056 577536 272224 0 321080 986264 939896 525400 357656 371720 1091128 177880 174248
 2716 24 6 487760 561552 214176 630520 532240 333024 0 653456 601952 642864 366632 365496 801240 204160 181960
 2727 24 7 465384 736184 511512 485432 746000 966864 668344 0 698824 929768 331488 332912 3116216 130560 139312
 2738 24 8 259448 650800 296064 199968 201512 884064 602280 685360 0 440008 383864 420304 415544 183312 187536
 2749 24 9 292752 296520 695184 202416 203168 477824 664312 887920 444080 0 386104 388296 379720 194808 183760
 2760 25 0 0 464688 916984 718936 501440 205472 208936 694008 243672 300448 272584 381792 381072 377712 177648
 2771 25 1 470456 0 577888 607848 953360 201000 197888 272072 622888 269168 309784 371040 416360 389624 183584
 2782 25 2 929400 616496 0 691776 988352 768672 468368 504296 705984 431584 239424 301968 3056704 248008 120776
 2793 25 3 733880 615920 628632 0 370776 533672 625144 170256 495608 506912 343056 367848 709880 291448 187784
 2804 25 4 530416 994192 962672 350736 0 272240 563416 604968 466448 198680 358816 358032 1089192 244080 166952
 2815 25 5 95224 105592 775080 497576 284976 0 281864 499552 761952 107752 200320 197704 177920 185648 175072
 2826 25 6 212496 209936 446416 618136 564656 279936 0 337336 834952 805544 379216 369480 615880 180152 175816
 2837 25 7 719792 281128 473968 162448 613000 531464 339104 0 624624 221160 368944 356088 802968 174232 170968
 2848 25 8 251968 640552 701384 510920 470160 752696 861360 634368 0 661216 305648 312248 3039096 122080 120488
 2859 25 9 299976 264080 424048 471144 204200 184072 758416 224968 615840 0 364656 418376 401976 194440 189568
 2870 26 0 0 385576 610520 974416 174584 224856 170176 388096 485312 301872 292384 384000 404976 416008 186256
 2881 26 1 374600 0 365160 884320 675776 273776 159152 185384 464392 459152 299368 385672 403984 364208 169632
 2892 26 2 591816 391160 0 658592 576424 725576 173616 190536 246872 698872 301880 365600 347184 334360 185104
 2903 26 3 1016744 901728 671960 0 561960 857672 733456 470576 441296 515416 311960 338048 3065512 235712 113808
 2914 26 4 176680 675184 575520 529288 0 338784 551008 658576 267608 808024 361416 373352 797264 234128 164128
 2925 26 5 224776 280656 739592 855216 329472 0 268104 579640 664280 497080 366464 380600 633200 166528 176592
 2936 26 6 103528 97752 98264 758936 507240 278272 0 290760 512064 790680 194360 195944 181784 191680 174176
 2947 26 7 401512 180216 200080 446744 667624 588352 300680 0 666600 1249760 366032 362488 1076648 164936 160320
 2958 26 8 522240 473656 240488 427152 264520 646024 572384 612560 0 701616 376800 365424 753560 171312 183432
 2969 26 9 320528 496400 736504 543224 801344 519776 798632 1232992 706760 0 307640 302528 3088784 127904 116704
 2980 27 0 0 698544 950376 1051408 816112 525144 823632 563560 558280 869952 225856 317344 320096 3141824 132160
 2991 27 1 647072 0 415600 615736 969048 201912 452184 207080 448264 360720 315712 386528 417544 411560 192440
 3002 27 2 916432 422528 0 355944 881776 633280 272792 198904 213168 425224 321840 391160 389640 355288 201784
 3013 27 3 1018048 609240 349632 0 652400 570048 609280 171848 193416 212064 370168 386424 403400 338992 195136
 3024 27 4 808952 1015704 920384 679496 0 662240 869656 756480 434000 223856 316184 332120 3105832 192400 133760
 3035 27 5 505384 200216 649544 560568 625744 0 215976 563984 721296 520536 374072 386960 785272 181488 184488
 3046 27 6 808232 480688 283808 614920 843928 221888 0 303040 608224 667200 365104 372400 1104280 169432 168800
 3057 27 7 568752 113896 124336 117912 782472 534048 290104 0 396160 534176 217480 225160 186048 179776 201528
 3068 27 8 556368 447912 213408 198080 415664 698256 604920 437296 0 748120 379584 377184 1080336 175760 174272
 3079 27 9 885136 371024 451568 208368 221512 472376 659712 594488 709568 0 372296 361176 807728 187984 189688
 3090 28 0 0 529816 661424 741496 218064 472128 199288 689664 250880 304416 299192 376288 395984 781920 189144
 3101 28 1 530464 0 718256 922840 1035040 795816 495112 738664 541152 539344 247304 326816 311208 3032048 134912
 3112 28 2 663744 677440 0 353936 597192 933336 175336 280496 205872 447624 307104 366776 406960 345376 191184
 3123 28 3 751032 892392 348032 0 360896 853544 617176 161416 210024 195880 372472 370912 387496 328416 197360
 3134 28 4 225680 996192 576200 357296 0 643624 580568 623568 205832 184504 366400 386456 418072 289064 180824
 3145 28 5 511424 804512 959424 879792 657512 0 635800 856608 427184 203664 328304 311832 3017600 137952 131520
 3156 28 6 192208 482144 173216 601336 569720 596944 0 335320 273512 710912 384544 371040 760272 177712 183200
 3167 28 7 718288 758904 287328 159968 606648 837520 335424 0 212040 225144 369472 363016 1096800 173424 173416
 3178 28 8 183552 561832 138632 144728 131080 463712 235304 194456 0 589152 214952 222920 193760 196216 196224
 3189 28 9 309816 528392 445520 217576 195120 206776 670760 236184 638440 0 369616 374920 953320 194856 184656
 3200 29 0 0 696776 656512 728648 191392 210072 472896 514440 719240 486008 270512 370912 358448 1051664 180416
 3211 29 1 688352 0 657080 628848 699720 201552 494280 208272 696176 251136 298632 373416 385648 763160 175656
 3222 29 2 635840 669040 0 664824 904944 940784 800344 516552 608440 508496 250264 313560 314672 3035016 140136
 3233 29 3 716456 629272 636768 0 349128 567016 921824 176640 201904 225672 371448 396368 409160 348304 193152
 3244 29 4 194536 695648 870648 367824 0 324624 855704 616336 195968 192552 379184 378760 397808 253712 192232
 3255 29 5 204040 189216 913520 578848 340312 0 624424 566568 653272 199200 383912 379440 379616 191944 187728
 3266 29 6 477496 521296 810544 932504 894896 647552 0 668968 819416 494816 316328 320480 3099880 138624 115584
 3277 29 7 503256 207320 480392 174608 618008 566080 631144 0 473552 896816 370600 368944 789488 177768 188080
 3288 29 8 722568 715992 591456 200976 202552 634376 804056 473176 0 376896 350720 364608 990800 177232 181128
 3299 29 9 459480 180384 553688 160112 133616 142632 530976 802464 333336 0 220528 213184 188176 188736 189792
 3310 30 0 0 342688 826752 601264 132808 118656 153032 553728 194896 450808 209136 215272 215368 205856 196152
 3321 30 1 387160 0 480392 856128 680664 199424 202248 620656 716152 837248 283728 362272 386208 1066376 167912
 3332 30 2 884944 490312 0 635192 582656 624856 169680 500168 200720 512144 299288 381216 360088 731184 187576
 3343 30 3 492568 835144 670880 0 677272 902056 944096 786696 523456 511808 316272 322424 306288 3017960 132744
 3354 30 4 203992 710184 577312 655800 0 328384 584056 917392 209800 220864 386808 378304 415296 298440 186128
 3365 30 5 185984 202936 628360 859488 332744 0 316816 875040 651240 207368 381936 393368 380576 196640 189864
 3376 30 6 214384 197072 175032 902624 570872 317552 0 645960 614216 641520 394232 394312 411120 188664 183576
 3387 30 7 515952 633768 512008 797456 947896 919664 676712 0 653696 650624 335240 333912 3138904 135680 132048
 3398 30 8 244768 681136 214584 481664 201472 656824 616024 634192 0 702512 374320 396008 796224 186200 192040
 3409 30 9 520224 846488 522760 463784 241712 215816 658968 649520 687384 0 359640 367104 1035512 173776 180072
 3420 31 0 0 628672 746368 992872 222984 202872 188208 409920 510976 278400 257672 340400 349952 1054560 156576
 3431 31 1 599408 0 227360 607624 799128 137792 125528 138048 563872 174040 183704 185128 188376 179560 162976
 3442 31 2 741488 243144 0 362920 860000 612128 161456 261352 730176 711272 267856 342032 342040 1002440 158856
 3453 31 3 1019960 646984 366408 0 646928 554312 608504 137024 457336 153312 349520 361552 336624 690344 166040
 3464 31 4 230536 711240 857344 675440 0 636776 679640 325288 431848 162952 321808 330632 319904 1941928 125352
 3475 31 5 210928 190616 619744 560888 621360 0 322976 156032 638288 166592 352840 372200 357848 170424 162856
 3486 31 6 179480 199752 164608 605096 638960 326104 0 315624 443040 494160 367016 367816 361224 171472 167144
 3497 31 7 411256 172208 254720 130200 328824 161408 311320 0 572360 591800 359888 357704 411064 168792 175232
 3508 31 8 507216 523184 762648 490392 473240 677456 480328 602304 0 432808 307456 288920 2993320 111272 115584
 3519 31 9 263688 201288 680432 166952 160768 164720 509568 581664 438320 0 366512 361288 762416 165800 175608
 3530 32 0 0 656504 524184 659016 108408 129336 140888 371848 289688 798792 202744 314928 306976 736728 117008
 3541 32 1 704768 0 361968 543632 638360 106120 120408 134136 361840 473128 227232 282280 305496 984944 108016
 3552 32 2 488016 384792 0 212064 479160 542520 63328 72464 76496 529032 119632 132272 136288 108632 118416
 3563 32 3 659632 537120 229168 0 157168 499464 555264 209672 395872 753272 282528 295264 281616 971120 92176
 3574 32 4 121432 602704 479648 152960 0 261160 496936 551504 120168 421264 322288 322232 332264 181072 122968
 3585 32 5 138704 120144 367856 495936 261800 0 250272 515072 590736 424680 308936 310208 316576 108976 112264
 3596 32 6 143720 121960 95936 552312 489184 238848 0 280952 531424 868240 318688 302680 331768 109488 116448
 3607 32 7 384872 138808 112608 201856 577832 507784 275696 0 319104 814424 313440 306912 337056 124008 116488
 3618 32 8 285232 360944 134528 370448 121456 575120 514704 316520 0 558920 320544 316136 342992 118584 117080
 3629 32 9 811088 493080 495200 747088 458520 450472 890584 858560 587328 0 245704 243312 3052960 55616 54568
 3640 33 0 0 663792 1163712 748728 452704 450360 427216 655736 429856 278800 148808 245512 249264 3030576 52536
 3651 33 1 641576 0 574112 503000 619408 122248 133288 154000 434224 486440 230728 316328 294448 722552 103608
 3662 33 2 1197240 612952 0 212712 518672 559592 93640 113512 133720 350552 228512 300136 277152 945064 103600
 3673 33 3 817784 464384 233640 0 227872 457024 505776 55872 57448 64504 135000 127064 139976 114272 118920
 3684 33 4 429152 630712 508352 199720 0 267856 497000 655512 391384 461640 296696 287408 291600 929784 97072
 3695 33 5 412472 117728 565520 450392 263512 0 139776 510064 590168 125872 323296 300616 310504 121264 122168
 3706 33 6 401728 131064 94856 354328 497632 126440 0 279600 536720 583488 311200 298216 287616 112664 126440
 3717 33 7 629104 162408 115320 100152 666864 506536 258408 0 313416 562464 308352 300200 326032 115160 122960
 3728 33 8 412240 447680 125016 131784 373448 572600 524264 300496 0 353520 305200 317264 333400 121384 114496
 3739 33 9 274504 481216 369960 118024 432384 130336 579688 554920 350632 0 319640 298408 362288 116672 120912
 3750 34 0 0 649592 567832 944968 130416 115320 83296 289616 113096 139832 168416 262264 244448 303712 58248
 3761 34 1 680496 0 650552 1080856 722072 281680 76848 74360 288600 112752 146040 211016 219328 1936768 31320
 3772 34 2 564568 629576 0 380216 479816 537336 53240 54232 57000 252736 177320 267104 245536 185120 68272
 3783 34 3 984736 1120240 394112 0 203936 221016 238264 38504 49240 40872 227928 223720 213736 900192 45784
 3794 34 4 65680 791944 474328 254152 0 226360 67240 236440 45488 35320 80440 73088 78976 67144 67304
 3805 34 5 119336 262328 538240 210992 181752 0 72040 52448 233856 24104 256016 269608 251064 63960 63280
 3816 34 6 79928 76792 58456 239232 36776 76256 0 52112 24104 208440 257976 256608 241456 65640 57600
 3827 34 7 280952 80648 53656 36000 59368 54840 56024 0 52048 23568 239064 250216 265696 60464 61608
 3838 34 8 120296 284896 58168 45888 49896 234176 28688 53320 0 56104 232248 253328 291544 75112 66296
 3849 34 9 136448 107896 264112 39072 36584 18232 203296 24912 51072 0 261776 250616 252600 69392 59984
 3860 35 0 0 75584 39952 276672 24 0 80 203504 31352 53208 109376 187712 184328 192304 0
 3871 35 1 88456 0 78584 28040 250888 0 32 112 200160 29600 116296 182872 193520 177072 0
 3882 35 2 33872 80416 0 56736 32768 30688 288 8 368 202040 116608 198008 174776 122344 0
 3893 35 3 283752 39432 52184 0 72488 8 199872 72 0 320 190432 198544 179888 119320 0
 3904 35 4 840 245976 29544 77672 0 0 28392 218008 32 8 202360 196384 191896 64448 0
 3915 35 5 0 8 205104 32872 59408 0 48912 29712 208368 280 17520 17072 20136 0 0
 3926 35 6 248 16 96 212800 27456 0 0 57816 24608 207064 191408 195256 183096 0 0
 3937 35 7 193680 48 0 552 210720 0 55416 0 57080 27288 200080 193056 206656 0 0
 3948 35 8 29752 199432 360 24 776 24032 31152 59648 0 56848 191320 190904 200408 0 0
 3959 35 9 49848 27872 206264 8 8 0 204312 29320 59464 0 209056 187080 179744 0 0
 3970 36 0 0 80016 37952 272264 536 8 0 205248 28584 53656 104544 193560 174736 192672 0
 3981 36 1 71176 0 72976 35536 249800 256 0 288 196816 31944 113608 196960 205216 169520 0
 3992 36 2 36752 79856 0 54784 27160 205288 8 16 368 201768 117208 197712 170784 127040 0
 4003 36 3 272944 32008 61720 0 71648 31272 27752 352 32 8 185176 194056 176200 119272 0
 4014 36 4 544 257760 26904 78920 0 65088 0 220008 360 32 200232 196528 179720 65000 0
 4025 36 5 0 0 205976 30536 57416 0 0 26480 211104 136 189600 199728 192304 0 0
 4036 36 6 384 0 40 203424 30672 50088 0 60504 19640 210688 18024 18648 19408 0 0
 4047 36 7 208648 328 16 728 203400 28688 0 0 58688 28200 195248 203168 198000 0 0
 4058 36 8 24800 203104 344 24 624 199960 256 61120 0 53960 191360 191136 193160 0 0
 4069 36 9 50792 31552 206944 56 8 16 28312 22960 59520 0 198544 181200 198624 0 0
 4080 37 0 0 84552 30336 285216 288 8 272 24632 31536 49176 109088 189056 183952 195904 0
 4091 37 1 80552 0 79856 39776 234984 312 8 8 208368 28160 123912 199152 199656 167248 0
 4102 37 2 40696 85648 0 61352 24904 216384 520 0 272 202832 118296 192512 182056 114432 0
 4113 37 3 283200 34720 53024 0 69168 26640 214568 0 8 328 190944 204496 176832 125288 0
 4124 37 4 56 248672 22984 71960 0 59360 30040 30992 560 8 191544 192344 185480 55472 0
 4135 37 5 0 320 220960 29768 63752 0 47224 0 192232 248 198536 185896 188760 0 0
 4146 37 6 256 16 272 209864 27640 41376 0 10680 27768 197512 217184 201184 191568 0 0
 4157 37 7 201048 288 24 288 203040 26896 56320 0 53200 27368 23592 22624 20384 0 0
 4168 37 8 25832 208704 288 0 256 200616 33288 0 0 65984 185392 189456 191976 0 0
 4179 37 9 47896 27776 202528 72 16 784 227808 0 52792 0 188888 190976 192488 0 0
 4190 38 0 0 83656 39384 276568 16 8 576 206408 5136 51384 101104 187632 196712 203016 0
 4201 38 1 79936 0 77896 36760 262200 336 8 64 22368 26816 116536 184872 197312 174128 0
 4212 38 2 42712 75968 0 52056 26456 212472 120 0 0 209432 118112 200552 182632 120936 0
 4223 38 3 264600 36768 53984 0 86704 30704 197376 568 8 792 189984 186040 188960 125944 0
 4234 38 4 568 254952 29152 80376 0 58008 27616 196904 0 0 213872 192384 185960 65920 0
 4245 38 5 24 40 210008 29040 56088 0 50616 31272 23624 56 190248 199784 189160 0 0
 4256 38 6 320 32 88 214992 26344 43600 0 60504 0 203640 186648 192328 180168 0 0
 4267 38 7 214264 0 24 104 200144 27816 58960 0 20640 27440 199008 202056 187152 0 0
 4278 38 8 29968 192976 280 72 512 206472 26400 61600 0 64144 24256 24632 23272 0 0
 4289 38 9 56304 26384 210784 104 0 24 197520 30960 0 0 202064 188176 192584 0 0
 4300 39 0 0 89680 34392 289472 296 8 0 196456 31456 0 94448 199136 195872 199872 0
 4311 39 1 80376 0 78720 45512 254784 56 16 40 200680 29872 123072 208808 203328 185576 0
 4322 39 2 39832 80680 0 65592 27672 220464 288 16 488 256 122696 195504 179640 121216 0
 4333 39 3 271016 45640 58360 0 79848 31824 222608 360 16 8 205056 196760 188632 127824 0
 4344 39 4 536 251240 31792 73856 0 61352 28456 214160 392 8 198864 199808 197592 56696 0
 4355 39 5 16 24 214568 29672 58640 0 48576 24752 204232 0 197080 191608 201048 0 0
 4366 39 6 776 32 32 212576 25776 41168 0 62960 32176 22232 200496 197824 193528 0 0
 4377 39 7 218280 280 24 408 205336 29768 59672 0 60688 0 189720 196040 193552 0 0
 4388 39 8 27856 221808 16 16 288 204096 29000 55952 0 33936 193944 191920 197160 0 0
 4399 39 9 51440 31264 201896 328 8 312 203528 24832 53648 0 26384 29024 31128 0 0
 4410 40 0 0 80664 40448 277312 728 8 8 215664 35608 53088 18352 22392 27320 25320 0
 4421 40 1 38904 0 70456 39448 254160 16 40 80 209936 26056 125568 191920 192936 166872 0
 4432 40 2 0 82592 0 54912 29688 195656 800 0 64 224592 118120 192288 182160 114304 0
 4443 40 3 28816 35720 54248 0 80352 32040 203280 832 8 512 187192 194184 188008 113952 0
 4454 40 4 520 247240 28336 83984 0 59640 27448 206768 256 8 197856 200032 198328 64032 0
 4465 40 5 0 16 206136 26640 62632 0 40848 28384 200968 80 199968 193488 181560 0 0
 4476 40 6 0 24 16 199192 30984 46760 0 55120 29904 206136 189192 200016 182000 0 0
 4487 40 7 328 536 16 384 202184 28568 64680 0 61504 37112 204720 194896 202536 0 0
 4498 40 8 24664 201568 320 0 104 211752 30168 68392 0 56504 202496 198392 202832 0 0
 4509 40 9 0 27112 207744 280 0 824 204344 27384 64952 0 203064 188024 212544 0 0
 4520 41 0 0 8 36808 279328 80 0 312 201232 27136 58992 95392 204640 185872 192832 0
 4531 41 1 77104 0 75864 39296 256768 272 32 24 210424 28136 14824 23000 28416 27088 0
 4542 41 2 37384 31688 0 57616 30424 208248 120 0 336 209288 117968 194688 189632 111872 0
 4553 41 3 268376 0 60728 0 71080 29512 199296 272 0 144 186624 204272 166880 124488 0
 4564 41 4 376 31712 30992 79328 0 54464 26976 210424 264 0 197936 199160 198928 58848 0
 4575 41 5 0 0 201448 28328 64048 0 43416 32208 197688 312 189816 203472 189744 0 0
 4586 41 6 336 0 552 199496 27184 46336 0 60312 30800 208520 188128 194640 177336 0 0
 4597 41 7 207280 0 0 8 204760 26472 61136 0 53904 26968 211408 203736 181720 0 0
 4608 41 8 32064 23832 16 0 32 218672 31856 61752 0 56696 181512 197096 190856 0 0
 4619 41 9 56320 6144 208656 272 16 8 196568 30168 48080 0 205488 193976 189000 0 0
 4630 42 0 0 81440 56 273840 784 0 288 222792 31152 47880 102576 194992 196360 195208 0
 4641 42 1 80944 0 0 36616 256840 80 48 16 207384 23200 103200 197528 196216 178928 0
 4652 42 2 40984 72984 0 55840 30680 209056 392 48 584 211200 13872 22688 18112 11152 0
 4663 42 3 268808 36144 11008 0 91072 22840 221200 536 16 0 184448 200184 183104 115024 0
 4674 42 4 280 244072 0 78456 0 61192 28520 204592 344 8 204624 206056 205640 71024 0
 4685 42 5 8 240 26416 24224 58480 0 48640 24184 214376 280 197944 198160 183608 0 0
 4696 42 6 304 16 0 210832 30104 44440 0 57552 26832 200256 202888 209648 190448 0 0
 4707 42 7 212272 48 0 408 217904 27336 60992 0 61560 28456 190744 190816 205536 0 0
 4718 42 8 28224 215696 8 40 256 214224 32264 53168 0 57816 193936 200408 204896 0 0
 4729 42 9 57744 26152 27248 88 0 264 211480 25464 56792 0 183824 196400 189280 0 0
 4740 43 0 0 78520 41608 34960 184 0 48 203648 27680 48688 100728 185440 186544 198464 0
 4751 43 1 82624 0 83592 32 250072 32 16 352 206432 29520 113384 198728 191568 171248 0
 4762 43 2 36368 72480 0 0 26976 211720 40 8 288 205808 126928 202672 186992 127296 0
 4773 43 3 285264 34504 52744 0 83736 28528 217240 72 8 128 16328 16024 21416 9672 0
 4784 43 4 24 254392 27032 16 0 61624 26968 217688 256 0 200440 186624 202504 67368 0
 4795 43 5 8 280 223672 0 66472 0 48064 27864 216496 40 191384 196640 187264 0 0
 4806 43 6 32 8 576 28520 25872 44080 0 69016 23856 198472 195040 197856 192400 0 0
 4817 43 7 195560 48 0 0 202128 24792 62400 0 64344 29560 204640 204200 197072 0 0
 4828 43 8 24320 205696 328 40 544 204776 28664 57448 0 60096 205728 191904 196304 0 0
 4839 43 9 46648 28736 212424 0 0 256 201560 29664 54768 0 196928 195496 179384 0 0
 4850 44 0 0 84584 37280 279232 8 16 464 204160 24464 48640 98760 197256 179976 196008 0
 4861 44 1 82896 0 77176 37000 34360 88 8 376 200976 27232 115760 185600 189904 172856 0
 4872 44 2 37496 70864 0 57904 0 210456 32 0 288 211184 111848 200080 178760 116368 0
 4883 44 3 274112 37656 53656 0 0 32368 207440 304 8 280 195944 192432 183400 122328 0
 4894 44 4 552 234408 25640 77112 0 56720 35496 200784 280 16 18632 13712 19448 8640 0
 4905 44 5 0 536 205016 32840 0 0 46840 30440 205976 544 194528 205208 190504 0 0
 4916 44 6 24 24 24 208944 16 44824 0 55648 33464 197904 215376 190600 182840 0 0
 4927 44 7 205672 296 32 120 26096 34184 55584 0 61696 25968 198232 192448 189352 0 0
 4938 44 8 22272 205072 304 48 16 211224 28456 56048 0 57800 206104 195808 183704 0 0
 4949 44 9 48432 30216 208320 16 0 0 215504 32480 59200 0 194408 193696 181888 0 0
 4960 45 0 0 70520 37280 274368 784 8 16 203400 28912 47192 93440 202288 191832 195552 0
 4971 45 1 83088 0 87968 33416 244032 0 48 784 207520 31064 114376 187376 196896 168760 0
 4982 45 2 35088 78120 0 59608 28008 23256 272 0 24 188672 118784 186632 192320 117256 0
 4993 45 3 274280 40824 58960 0 71224 0 196472 272 8 48 185864 189304 172520 123656 0
 5004 45 4 552 238488 28192 72664 0 16 26256 204776 992 0 208712 189288 188712 62000 0
 5015 45 5 8 304 209512 23616 60064 0 44688 22664 210792 256 14656 15872 15480 0 0
 5026 45 6 312 0 32 204488 26880 0 0 60424 27424 208624 185672 186880 184136 0 0
 5037 45 7 206744 288 0 864 215640 0 58416 0 61128 32824 200184 196160 193672 0 0
 5048 45 8 27056 211008 32 8 576 22800 32288 61512 0 54400 209720 203152 181904 0 0
 5059 45 9 55728 28616 192072 304 8 0 198000 35080 56384 0 192200 178672 191848 0 0
 5070 46 0 0 81248 37560 283472 408 0 0 204232 27840 58104 91640 191496 192440 186624 0
 5081 46 1 74752 0 83768 34720 249152 328 0 80 199168 27392 119168 206064 195416 162552 0
 5092 46 2 29136 81696 0 52912 24816 209584 0 16 304 198208 126272 200368 187112 108592 0
 5103 46 3 274184 34872 62736 0 84696 27896 30512 592 0 296 189784 181888 180056 116664 0
 5114 46 4 512 248688 29640 65744 0 63568 8 208800 32 16 212264 189392 188664 69744 0
 5125 46 5 8 40 206672 27488 59864 0 0 29080 212600 16 187664 224040 182488 0 0
 5136 46 6 672 16 88 204416 29432 45464 0 57208 24136 202960 18960 19392 17312 0 0
 5147 46 7 202936 72 0 640 209896 28832 0 0 58960 27376 204432 192752 190112 0 0
 5158 46 8 29304 211328 368 16 16 216720 80 60272 0 55512 189016 189680 198488 0 0
 5169 46 9 48296 26976 202432 32 24 328 23976 27232 54232 0 192088 190344 188552 0 0
 5180 47 0 0 78416 37800 286944 312 8 128 26584 28760 54584 102168 199472 197736 210768 0
 5191 47 1 79392 0 81776 35400 264152 400 8 8 203224 23064 122208 191216 205392 176840 0
 5202 47 2 37288 86632 0 47440 28336 204432 272 0 536 204264 117808 188024 182592 123032 0
 5213 47 3 297184 35656 52208 0 78504 27976 207416 0 8 248 182984 188688 187024 117472 0
 5224 47 4 64 246592 27464 79280 0 63608 25088 23560 32 8 202520 203016 189080 69648 0
 5235 47 5 16 304 205904 26104 63832 0 48680 0 204216 32 193312 194624 187000 0 0
 5246 47 6 248 8 104 200016 24816 48504 0 9296 30224 205872 193352 197656 183888 0 0
 5257 47 7 212776 472 40 48 204376 28968 66480 0 54760 32000 21768 19664 17968 0 0
 5268 47 8 31520 214192 32 56 16 199352 23472 0 0 52624 202680 189176 188264 0 0
 5279 47 9 53192 33232 207264 80 0 520 202936 72 56816 0 191216 183816 198496 0 0
 5290 48 0 0 75872 34240 280488 512 0 272 201208 5032 57640 99360 193408 191856 193072 0
 5301 48 1 82080 0 88376 41840 249672 288 8 24 21824 23072 120720 195752 196088 175768 0
 5312 48 2 31704 81224 0 59104 33744 210648 264 8 40 208048 125744 193128 174648 120240 0
 5323 48 3 280056 41632 54104 0 80840 29720 206512 24 0 720 194728 192912 181016 124008 0
 5334 48 4 320 262616 25712 76856 0 56992 31192 215200 256 0 194824 194176 199128 69312 0
 5345 48 5 32 8 200912 30984 53248 0 55392 30592 26024 16 184600 210728 193128 0 0
 5356 48 6 280 8 72 200080 28992 45704 0 61992 8 218912 194360 193016 189208 0 0
 5367 48 7 197760 312 0 640 209200 28904 53592 0 20744 27280 206112 199824 194624 0 0
 5378 48 8 28920 203592 560 24 8 215200 27936 61472 0 51432 24104 25232 24416 0 0
 5389 48 9 55952 23224 208912 72 0 544 200856 29608 0 0 205464 180096 200832 0 0
 5400 49 0 0 81784 38456 277416 280 8 40 191048 25928 0 92488 207184 181800 206976 0
 5411 49 1 82464 0 79200 36560 247696 32 0 576 212160 25584 118768 208152 191248 169088 0
 5422 49 2 40512 83992 0 57528 27768 196504 16 16 288 544 118008 196488 188672 125080 0
 5433 49 3 267344 41040 60528 0 76688 32672 213736 80 8 8 180464 192736 177048 128720 0
 5444 49 4 544 247904 27440 82304 0 62080 30864 194856 32 0 189816 207384 185408 64872 0
 5455 49 5 0 376 210552 22888 65552 0 45504 31336 220200 0 199344 185360 176624 0 0
 5466 49 6 576 0 304 202400 27536 43760 0 60944 30192 21608 193264 196688 186272 0 0
 5477 49 7 215568 304 8 1032 201112 31816 58632 0 58864 0 188224 187272 191704 0 0
 5488 49 8 27992 206824 280 0 272 195216 26840 60640 0 29904 199704 200232 204256 0 0
 5499 49 9 53464 25696 213304 440 0 24 200256 28608 57008 0 24264 26904 26600 0 0
 5510 50 0 0 79928 41248 286296 72 16 120 209656 30688 57136 100160 203952 191824 183040 0
 5521 50 1 83424 0 83616 33280 252176 120 8 128 206944 27984 125632 186992 190048 167272 0
 5532 50 2 35960 81696 0 55272 29512 217072 592 0 80 196792 118304 190816 180728 117824 0
 5543 50 3 281280 38744 55368 0 80800 23008 206680 8 0 560 193048 210672 185448 118336 0
 5554 50 4 264 246376 26920 83264 0 54376 25680 211248 296 8 192424 195456 204728 68848 0
 5565 50 5 8 24 199456 30576 64600 0 46448 28432 202184 280 192608 205408 186416 0 0
 5576 50 6 424 40 0 216992 26408 52144 0 64768 32880 215512 197696 189504 179632 0 0
 5587 50 7 197752 568 0 40 208048 28080 56136 0 61312 28984 196304 201616 207648 0 0
 5598 50 8 27352 200000 288 72 24 208840 25840 61024 0 60472 200560 191112 194824 0 0
 5609 50 9 52888 23504 201920 264 40 592 203592 28968 52672 0 204288 191248 192008 0 0