# Format <LP ID> <Group ID> <Router ID> <Link traffic per router port(s)># Router ports in the order: 10 local channels, 5 global channels
 10 0 0 0 130617440 35679780 35542036 1747376 970812 1846156 21915600 4355032 8352424 10426112 10448048 10371088 10419104 10390080
 21 0 1 134431208 0 158839136 75103704 56063676 24958404 64540156 90679248 40932536 65732592 292355448 911128 911840 907440 918960
 32 0 2 41251508 156348096 0 77858164 9744964 44836528 16476092 12856504 13051256 86558400 47571944 9497608 9501272 9530672 9583872
 43 0 3 44815444 77591960 77897500 0 72819916 41834004 48474396 9399060 9575128 49180124 10397416 10409288 10368776 10496864 10493712
 54 0 4 3715872 64024020 10521740 80924236 0 137534020 46848304 15841672 9751640 17215348 10393984 10368128 10331896 10367720 10440888
 65 0 5 3809604 22504084 51349344 48466412 132922484 0 161667852 9327296 9807800 17277448 10317488 10386000 10358072 10366664 10313912
 76 0 6 9921548 59250260 16864612 55526132 47136888 168044836 0 82444176 16119808 30262920 10445872 10499680 10399968 10413952 10431024
 87 0 7 21201480 78194952 12585744 9341356 8808672 9204728 88755064 0 75366192 87903292 10284824 10233424 10231200 10275336 10342312
 98 0 8 5887200 35199248 12625568 9255192 8571496 9716504 15498432 82677112 0 54288772 10276328 10504632 10357560 10420744 10492280
 109 0 9 13193368 58111992 74349272 48334132 16128180 16593304 22444544 87561380 53955076 0 10566840 10516760 10544128 10446368 10523816
 120 1 0 0 134357800 82719332 73332440 53378088 59151208 21132576 26231984 69338000 53767664 294075512 12254352 12470352 12412096 12291120
 131 1 1 118427336 0 118433576 77218980 8678080 10606848 7664464 8561568 9128648 13400008 19071752 19051504 18930248 19062584 18969352
 142 1 2 91952204 117845488 0 157966012 35784156 32229672 24006572 57125788 37039160 100587864 283515392 10035792 10037408 10031680 9999256
 153 1 3 71243360 82959012 162726692 0 110682652 15653856 9424512 14436128 16974800 24519824 19051776 19049472 19061200 18917488 18901360
 164 1 4 49775112 15467168 29031692 107377900 0 112157288 45206472 15884180 36162860 25577036 18904072 19017528 18932808 19013272 19067656
 175 1 5 56749176 16368480 34597592 16138184 119928440 0 113190924 76085308 51298836 37714176 18542976 18798128 18672368 18648104 18696080
 186 1 6 20213784 9293216 22596100 9564240 45089736 119351196 0 98325396 13351588 47809760 18923480 19067512 19003008 19057360 18927560
 197 1 7 24990584 14085016 50495912 13764512 15385596 75690092 106534880 0 17163104 24851468 19188448 19044840 19091528 19150592 19147720
 208 1 8 64261240 18163528 38910904 17666248 42474804 60726100 13688124 18309912 0 165316724 19086192 19055696 19203560 19122056 19051880
 219 1 9 53372752 24380096 90571912 24373388 25224052 36902712 58039868 27853932 162184020 0 19105648 18985624 19072768 18920824 19097672
 230 2 0 0 186615580 38205692 24013872 15242272 23757520 19631312 52850968 13830016 13826680 47128912 9403504 9463448 9597384 9347712
 241 2 1 182849856 0 131195940 66101876 16886528 68819920 43631504 40558380 7942480 7930400 282801236 2141080 2116744 2149736 2156808
 252 2 2 24866084 125236188 0 137281120 44987868 48913812 25892692 10524904 10233344 10219888 10057480 10068880 10113960 10136112 10136120
 263 2 3 15678560 61150480 139931936 0 150691168 13020156 30869524 20731728 2971236 2979664 10246528 10185784 10112000 10190348 10136928
 274 2 4 13785616 16248240 46533180 159475232 0 78431708 8170428 33077844 12127048 1272784 10104600 10240232 10160424 10270976 10097768
 285 2 5 21460880 62200392 63254556 16636548 84842644 0 84724516 77621932 20108536 8936784 10120992 10213992 10233872 10242736 10227232
 296 2 6 18504140 42840412 31632276 30747732 7503092 87159644 0 40540820 57246624 5825640 10055064 10122036 10031688 10107116 10084192
 307 2 7 44113608 41100052 11117272 28180120 39993804 78549852 41005812 0 102970448 41880 10133144 10081408 10053032 10134520 10101584
 318 2 8 12607928 8488344 10734392 3424860 12115272 20828224 58267976 100417752 0 0 10225816 10142240 10126560 10214192 10301248
 329 2 9 13011272 9255296 10713608 3416792 1267232 9657216 6059504 45096 0 0 10208896 10174464 10235432 10152904 10262024
 340 3 0 0 9470728 925280 0 0 0 0 0 0 0 10316744 0 0 0 0
 351 3 1 9399872 0 9651904 0 0 0 0 0 0 0 18800312 0 0 0 0
 362 3 2 916648 9329280 0 0 0 0 0 0 0 0 10578008 0 0 0 0
 373 3 3 0 0 0 0 0 0 0 0 0 0 0 0 0 0 0
 384 3 4 0 0 0 0 0 0 0 0 0 0 0 0 0 0 0
 395 3 5 0 0 0 0 0 0 0 0 0 0 0 0 0 0 0
 406 3 6 0 0 0 0 0 0 0 0 0 0 0 0 0 0 0
 417 3 7 0 0 0 0 0 0 0 0 0 0 0 0 0 0 0
 428 3 8 0 0 0 0 0 0 0 0 0 0 0 0 0 0 0
 439 3 9 0 0 0 0 0 0 0 0 0 0 0 0 0 0 0
 450 4 0 0 9469376 924096 0 0 0 0 0 0 0 10265392 0 0 0 0
 461 4 1 9334696 0 9569480 0 0 0 0 0 0 0 18643064 0 0 0 0
 472 4 2 930584 9173632 0 0 0 0 0 0 0 0 10493168 0 0 0 0
 483 4 3 0 0 0 0 0 0 0 0 0 0 0 0 0 0 0
 494 4 4 0 0 0 0 0 0 0 0 0 0 0 0 0 0 0
 505 4 5 0 0 0 0 0 0 0 0 0 0 0 0 0 0 0
 516 4 6 0 0 0 0 0 0 0 0 0 0 0 0 0 0 0
 527 4 7 0 0 0 0 0 0 0 0 0 0 0 0 0 0 0
 538 4 8 0 0 0 0 0 0 0 0 0 0 0 0 0 0 0
 549 4 9 0 0 0 0 0 0 0 0 0 0 0 0 0 0 0
 560 5 0 0 9405368 912352 0 0 0 0 0 0 0 10266120 0 0 0 0
 571 5 1 9324720 0 9217864 0 0 0 0 0 0 0 18586000 0 0 0 0
 582 5 2 940640 9180680 0 0 0 0 0 0 0 0 10130352 0 0 0 0
 593 5 3 0 0 0 0 0 0 0 0 0 0 0 0 0 0 0
 604 5 4 0 0 0 0 0 0 0 0 0 0 0 0 0 0 0
 615 5 5 0 0 0 0 0 0 0 0 0 0 0 0 0 0 0
 626 5 6 0 0 0 0 0 0 0 0 0 0 0 0 0 0 0
 637 5 7 0 0 0 0 0 0 0 0 0 0 0 0 0 0 0
 648 5 8 0 0 0 0 0 0 0 0 0 0 0 0 0 0 0
 659 5 9 0 0 0 0 0 0 0 0 0 0 0 0 0 0 0
 670 6 0 0 9543536 901592 0 0 0 0 0 0 0 10283000 0 0 0 0
 681 6 1 9410192 0 9513816 0 0 0 0 0 0 0 18725544 0 0 0 0
 692 6 2 872912 9182672 0 0 0 0 0 0 0 0 10416096 0 0 0 0
 703 6 3 0 0 0 0 0 0 0 0 0 0 0 0 0 0 0
 714 6 4 0 0 0 0 0 0 0 0 0 0 0 0 0 0 0
 725 6 5 0 0 0 0 0 0 0 0 0 0 0 0 0 0 0
 736 6 6 0 0 0 0 0 0 0 0 0 0 0 0 0 0 0
 747 6 7 0 0 0 0 0 0 0 0 0 0 0 0 0 0 0
 758 6 8 0 0 0 0 0 0 0 0 0 0 0 0 0 0 0
 769 6 9 0 0 0 0 0 0 0 0 0 0 0 0 0 0 0
 780 7 0 0 9349832 934824 0 0 0 0 0 0 0 10412360 0 0 0 0
 791 7 1 9497512 0 9690584 0 0 0 0 0 0 0 18566176 0 0 0 0
 802 7 2 914848 9216744 0 0 0 0 0 0 0 0 10624072 0 0 0 0
 813 7 3 0 0 0 0 0 0 0 0 0 0 0 0 0 0 0
 824 7 4 0 0 0 0 0 0 0 0 0 0 0 0 0 0 0
 835 7 5 0 0 0 0 0 0 0 0 0 0 0 0 0 0 0
 846 7 6 0 0 0 0 0 0 0 0 0 0 0 0 0 0 0
 857 7 7 0 0 0 0 0 0 0 0 0 0 0 0 0 0 0
 868 7 8 0 0 0 0 0 0 0 0 0 0 0 0 0 0 0
 879 7 9 0 0 0 0 0 0 0 0 0 0 0 0 0 0 0
 890 8 0 0 9380912 895088 0 0 0 0 0 0 0 10443760 0 0 0 0
 901 8 1 9489064 0 9596720 0 0 0 0 0 0 0 18652768 0 0 0 0
 912 8 2 953912 9272312 0 0 0 0 0 0 0 0 10491856 0 0 0 0
 923 8 3 0 0 0 0 0 0 0 0 0 0 0 0 0 0 0
 934 8 4 0 0 0 0 0 0 0 0 0 0 0 0 0 0 0
 945 8 5 0 0 0 0 0 0 0 0 0 0 0 0 0 0 0
 956 8 6 0 0 0 0 0 0 0 0 0 0 0 0 0 0 0
 967 8 7 0 0 0 0 0 0 0 0 0 0 0 0 0 0 0
 978 8 8 0 0 0 0 0 0 0 0 0 0 0 0 0 0 0
 989 8 9 0 0 0 0 0 0 0 0 0 0 0 0 0 0 0
 1000 9 0 0 9545728 1023208 0 0 0 0 0 0 0 10336480 0 0 0 0
 1011 9 1 9385232 0 9719544 0 0 0 0 0 0 0 18802128 0 0 0 0
 1022 9 2 951096 9256728 0 0 0 0 0 0 0 0 10742680 0 0 0 0
 1033 9 3 0 0 0 0 0 0 0 0 0 0 0 0 0 0 0
 1044 9 4 0 0 0 0 0 0 0 0 0 0 0 0 0 0 0
 1055 9 5 0 0 0 0 0 0 0 0 0 0 0 0 0 0 0
 1066 9 6 0 0 0 0 0 0 0 0 0 0 0 0 0 0 0
 1077 9 7 0 0 0 0 0 0 0 0 0 0 0 0 0 0 0
 1088 9 8 0 0 0 0 0 0 0 0 0 0 0 0 0 0 0
 1099 9 9 0 0 0 0 0 0 0 0 0 0 0 0 0 0 0
 1110 10 0 0 9520840 926720 0 0 0 0 0 0 0 2734592 0 0 0 0
 1121 10 1 2734904 0 9520464 0 0 0 0 0 0 0 18924168 0 0 0 0
 1132 10 2 0 9404736 0 0 0 0 0 0 0 0 10447112 0 0 0 0
 1143 10 3 0 0 0 0 0 0 0 0 0 0 0 0 0 0 0
 1154 10 4 0 0 0 0 0 0 0 0 0 0 0 0 0 0 0
 1165 10 5 0 0 0 0 0 0 0 0 0 0 0 0 0 0 0
 1176 10 6 0 0 0 0 0 0 0 0 0 0 0 0 0 0 0
 1187 10 7 0 0 0 0 0 0 0 0 0 0 0 0 0 0 0
 1198 10 8 0 0 0 0 0 0 0 0 0 0 0 0 0 0 0
 1209 10 9 0 0 0 0 0 0 0 0 0 0 0 0 0 0 0
 1220 11 0 0 2912 907968 0 0 0 0 0 0 0 10364152 0 0 0 0
 1231 11 1 9435304 0 9616840 0 0 0 0 0 0 0 1215872 0 0 0 0
 1242 11 2 928400 1212896 0 0 0 0 0 0 0 0 10523744 0 0 0 0
 1253 11 3 0 0 0 0 0 0 0 0 0 0 0 0 0 0 0
 1264 11 4 0 0 0 0 0 0 0 0 0 0 0 0 0 0 0
 1275 11 5 0 0 0 0 0 0 0 0 0 0 0 0 0 0 0
 1286 11 6 0 0 0 0 0 0 0 0 0 0 0 0 0 0 0
 1297 11 7 0 0 0 0 0 0 0 0 0 0 0 0 0 0 0
 1308 11 8 0 0 0 0 0 0 0 0 0 0 0 0 0 0 0
 1319 11 9 0 0 0 0 0 0 0 0 0 0 0 0 0 0 0
 1330 12 0 0 9496384 1200 0 0 0 0 0 0 0 10433176 0 0 0 0
 1341 12 1 9482040 0 553552 0 0 0 0 0 0 0 18612488 0 0 0 0
 1352 12 2 951328 9116152 0 0 0 0 0 0 0 0 554576 0 0 0 0
 1363 12 3 0 0 0 0 0 0 0 0 0 0 0 0 0 0 0
 1374 12 4 0 0 0 0 0 0 0 0 0 0 0 0 0 0 0
 1385 12 5 0 0 0 0 0 0 0 0 0 0 0 0 0 0 0
 1396 12 6 0 0 0 0 0 0 0 0 0 0 0 0 0 0 0
 1407 12 7 0 0 0 0 0 0 0 0 0 0 0 0 0 0 0
 1418 12 8 0 0 0 0 0 0 0 0 0 0 0 0 0 0 0
 1429 12 9 0 0 0 0 0 0 0 0 0 0 0 0 0 0 0
 1440 13 0 0 9477720 931392 0 0 0 0 0 0 0 10311800 0 0 0 0
 1451 13 1 9408744 0 9639632 0 0 0 0 0 0 0 18762584 0 0 0 0
 1462 13 2 902352 9282784 0 0 0 0 0 0 0 0 10570696 0 0 0 0
 1473 13 3 0 0 0 0 0 0 0 0 0 0 0 0 0 0 0
 1484 13 4 0 0 0 0 0 0 0 0 0 0 0 0 0 0 0
 1495 13 5 0 0 0 0 0 0 0 0 0 0 0 0 0 0 0
 1506 13 6 0 0 0 0 0 0 0 0 0 0 0 0 0 0 0
 1517 13 7 0 0 0 0 0 0 0 0 0 0 0 0 0 0 0
 1528 13 8 0 0 0 0 0 0 0 0 0 0 0 0 0 0 0
 1539 13 9 0 0 0 0 0 0 0 0 0 0 0 0 0 0 0
 1550 14 0 0 9418712 949320 0 0 0 0 0 0 0 10368528 0 0 0 0
 1561 14 1 9437536 0 9581192 0 0 0 0 0 0 0 18727888 0 0 0 0
 1572 14 2 931256 9309448 0 0 0 0 0 0 0 0 10530288 0 0 0 0
 1583 14 3 0 0 0 0 0 0 0 0 0 0 0 0 0 0 0
 1594 14 4 0 0 0 0 0 0 0 0 0 0 0 0 0 0 0
 1605 14 5 0 0 0 0 0 0 0 0 0 0 0 0 0 0 0
 1616 14 6 0 0 0 0 0 0 0 0 0 0 0 0 0 0 0
 1627 14 7 0 0 0 0 0 0 0 0 0 0 0 0 0 0 0
 1638 14 8 0 0 0 0 0 0 0 0 0 0 0 0 0 0 0
 1649 14 9 0 0 0 0 0 0 0 0 0 0 0 0 0 0 0
 1660 15 0 0 9459744 925424 0 0 0 0 0 0 0 10386992 0 0 0 0
 1671 15 1 9450536 0 9348504 0 0 0 0 0 0 0 18737728 0 0 0 0
 1682 15 2 936680 9277704 0 0 0 0 0 0 0 0 10273040 0 0 0 0
 1693 15 3 0 0 0 0 0 0 0 0 0 0 0 0 0 0 0
 1704 15 4 0 0 0 0 0 0 0 0 0 0 0 0 0 0 0
 1715 15 5 0 0 0 0 0 0 0 0 0 0 0 0 0 0 0
 1726 15 6 0 0 0 0 0 0 0 0 0 0 0 0 0 0 0
 1737 15 7 0 0 0 0 0 0 0 0 0 0 0 0 0 0 0
 1748 15 8 0 0 0 0 0 0 0 0 0 0 0 0 0 0 0
 1759 15 9 0 0 0 0 0 0 0 0 0 0 0 0 0 0 0
 1770 16 0 0 9575840 922888 0 0 0 0 0 0 0 10328936 0 0 0 0
 1781 16 1 9428808 0 9638360 0 0 0 0 0 0 0 18797604 0 0 0 0
 1792 16 2 900016 9221716 0 0 0 0 0 0 0 0 10561352 0 0 0 0
 1803 16 3 0 0 0 0 0 0 0 0 0 0 0 0 0 0 0
 1814 16 4 0 0 0 0 0 0 0 0 0 0 0 0 0 0 0
 1825 16 5 0 0 0 0 0 0 0 0 0 0 0 0 0 0 0
 1836 16 6 0 0 0 0 0 0 0 0 0 0 0 0 0 0 0
 1847 16 7 0 0 0 0 0 0 0 0 0 0 0 0 0 0 0
 1858 16 8 0 0 0 0 0 0 0 0 0 0 0 0 0 0 0
 1869 16 9 0 0 0 0 0 0 0 0 0 0 0 0 0 0 0
 1880 17 0 0 9301336 931064 0 0 0 0 0 0 0 10349320 0 0 0 0
 1891 17 1 9414808 0 9630208 0 0 0 0 0 0 0 18450376 0 0 0 0
 1902 17 2 934592 9147280 0 0 0 0 0 0 0 0 10560952 0 0 0 0
 1913 17 3 0 0 0 0 0 0 0 0 0 0 0 0 0 0 0
 1924 17 4 0 0 0 0 0 0 0 0 0 0 0 0 0 0 0
 1935 17 5 0 0 0 0 0 0 0 0 0 0 0 0 0 0 0
 1946 17 6 0 0 0 0 0 0 0 0 0 0 0 0 0 0 0
 1957 17 7 0 0 0 0 0 0 0 0 0 0 0 0 0 0 0
 1968 17 8 0 0 0 0 0 0 0 0 0 0 0 0 0 0 0
 1979 17 9 0 0 0 0 0 0 0 0 0 0 0 0 0 0 0
 1990 18 0 0 9594744 910096 0 0 0 0 0 0 0 10436008 0 0 0 0
 2001 18 1 9489400 0 9566904 0 0 0 0 0 0 0 18790368 0 0 0 0
 2012 18 2 947160 9195936 0 0 0 0 0 0 0 0 10476632 0 0 0 0
 2023 18 3 0 0 0 0 0 0 0 0 0 0 0 0 0 0 0
 2034 18 4 0 0 0 0 0 0 0 0 0 0 0 0 0 0 0
 2045 18 5 0 0 0 0 0 0 0 0 0 0 0 0 0 0 0
 2056 18 6 0 0 0 0 0 0 0 0 0 0 0 0 0 0 0
 2067 18 7 0 0 0 0 0 0 0 0 0 0 0 0 0 0 0
 2078 18 8 0 0 0 0 0 0 0 0 0 0 0 0 0 0 0
 2089 18 9 0 0 0 0 0 0 0 0 0 0 0 0 0 0 0
 2100 19 0 0 9518144 999176 0 0 0 0 0 0 0 10288416 0 0 0 0
 2111 19 1 9337112 0 9650264 0 0 0 0 0 0 0 18740600 0 0 0 0
 2122 19 2 951368 9222928 0 0 0 0 0 0 0 0 10649184 0 0 0 0
 2133 19 3 0 0 0 0 0 0 0 0 0 0 0 0 0 0 0
 2144 19 4 0 0 0 0 0 0 0 0 0 0 0 0 0 0 0
 2155 19 5 0 0 0 0 0 0 0 0 0 0 0 0 0 0 0
 2166 19 6 0 0 0 0 0 0 0 0 0 0 0 0 0 0 0
 2177 19 7 0 0 0 0 0 0 0 0 0 0 0 0 0 0 0
 2188 19 8 0 0 0 0 0 0 0 0 0 0 0 0 0 0 0
 2199 19 9 0 0 0 0 0 0 0 0 0 0 0 0 0 0 0
 2210 20 0 0 9447016 924624 0 0 0 0 0 0 0 2729544 0 0 0 0
 2221 20 1 2729544 0 9741480 0 0 0 0 0 0 0 18911752 0 0 0 0
 2232 20 2 0 9464096 0 0 0 0 0 0 0 0 10665712 0 0 0 0
 2243 20 3 0 0 0 0 0 0 0 0 0 0 0 0 0 0 0
 2254 20 4 0 0 0 0 0 0 0 0 0 0 0 0 0 0 0
 2265 20 5 0 0 0 0 0 0 0 0 0 0 0 0 0 0 0
 2276 20 6 0 0 0 0 0 0 0 0 0 0 0 0 0 0 0
 2287 20 7 0 0 0 0 0 0 0 0 0 0 0 0 0 0 0
 2298 20 8 0 0 0 0 0 0 0 0 0 0 0 0 0 0 0
 2309 20 9 0 0 0 0 0 0 0 0 0 0 0 0 0 0 0
 2320 21 0 0 2544 909048 0 0 0 0 0 0 0 10361104 0 0 0 0
 2331 21 1 9434016 0 9498544 0 0 0 0 0 0 0 1191296 0 0 0 0
 2342 21 2 927432 1188896 0 0 0 0 0 0 0 0 10407648 0 0 0 0
 2353 21 3 0 0 0 0 0 0 0 0 0 0 0 0 0 0 0
 2364 21 4 0 0 0 0 0 0 0 0 0 0 0 0 0 0 0
 2375 21 5 0 0 0 0 0 0 0 0 0 0 0 0 0 0 0
 2386 21 6 0 0 0 0 0 0 0 0 0 0 0 0 0 0 0
 2397 21 7 0 0 0 0 0 0 0 0 0 0 0 0 0 0 0
 2408 21 8 0 0 0 0 0 0 0 0 0 0 0 0 0 0 0
 2419 21 9 0 0 0 0 0 0 0 0 0 0 0 0 0 0 0
 2430 22 0 0 9500648 1632 0 0 0 0 0 0 0 10468512 0 0 0 0
 2441 22 1 9509528 0 527768 0 0 0 0 0 0 0 18655224 0 0 0 0
 2452 22 2 958080 9154352 0 0 0 0 0 0 0 0 529400 0 0 0 0
 2463 22 3 0 0 0 0 0 0 0 0 0 0 0 0 0 0 0
 2474 22 4 0 0 0 0 0 0 0 0 0 0 0 0 0 0 0
 2485 22 5 0 0 0 0 0 0 0 0 0 0 0 0 0 0 0
 2496 22 6 0 0 0 0 0 0 0 0 0 0 0 0 0 0 0
 2507 22 7 0 0 0 0 0 0 0 0 0 0 0 0 0 0 0
 2518 22 8 0 0 0 0 0 0 0 0 0 0 0 0 0 0 0
 2529 22 9 0 0 0 0 0 0 0 0 0 0 0 0 0 0 0
 2540 23 0 0 9456344 912248 0 0 0 0 0 0 0 10270408 0 0 0 0
 2551 23 1 9353088 0 9708512 0 0 0 0 0 0 0 18651360 0 0 0 0
 2562 23 2 916896 9194824 0 0 0 0 0 0 0 0 10619968 0 0 0 0
 2573 23 3 0 0 0 0 0 0 0 0 0 0 0 0 0 0 0
 2584 23 4 0 0 0 0 0 0 0 0 0 0 0 0 0 0 0
 2595 23 5 0 0 0 0 0 0 0 0 0 0 0 0 0 0 0
 2606 23 6 0 0 0 0 0 0 0 0 0 0 0 0 0 0 0
 2617 23 7 0 0 0 0 0 0 0 0 0 0 0 0 0 0 0
 2628 23 8 0 0 0 0 0 0 0 0 0 0 0 0 0 0 0
 2639 23 9 0 0 0 0 0 0 0 0 0 0 0 0 0 0 0
 2650 24 0 0 9408040 923312 0 0 0 0 0 0 0 10321008 0 0 0 0
 2661 24 1 9401440 0 9532552 0 0 0 0 0 0 0 18650320 0 0 0 0
 2672 24 2 919288 9242000 0 0 0 0 0 0 0 0 10454704 0 0 0 0
 2683 24 3 0 0 0 0 0 0 0 0 0 0 0 0 0 0 0
 2694 24 4 0 0 0 0 0 0 0 0 0 0 0 0 0 0 0
 2705 24 5 0 0 0 0 0 0 0 0 0 0 0 0 0 0 0
 2716 24 6 0 0 0 0 0 0 0 0 0 0 0 0 0 0 0
 2727 24 7 0 0 0 0 0 0 0 0 0 0 0 0 0 0 0
 2738 24 8 0 0 0 0 0 0 0 0 0 0 0 0 0 0 0
 2749 24 9 0 0 0 0 0 0 0 0 0 0 0 0 0 0 0
 2760 25 0 0 9457840 900304 0 0 0 0 0 0 0 10308104 0 0 0 0
 2771 25 1 9380048 0 9293192 0 0 0 0 0 0 0 18762896 0 0 0 0
 2782 25 2 928000 9305712 0 0 0 0 0 0 0 0 10193312 0 0 0 0
 2793 25 3 0 0 0 0 0 0 0 0 0 0 0 0 0 0 0
 2804 25 4 0 0 0 0 0 0 0 0 0 0 0 0 0 0 0
 2815 25 5 0 0 0 0 0 0 0 0 0 0 0 0 0 0 0
 2826 25 6 0 0 0 0 0 0 0 0 0 0 0 0 0 0 0
 2837 25 7 0 0 0 0 0 0 0 0 0 0 0 0 0 0 0
 2848 25 8 0 0 0 0 0 0 0 0 0 0 0 0 0 0 0
 2859 25 9 0 0 0 0 0 0 0 0 0 0 0 0 0 0 0
 2870 26 0 0 9460392 939000 0 0 0 0 0 0 0 10314560 0 0 0 0
 2881 26 1 9445112 0 9556984 0 0 0 0 0 0 0 18622160 0 0 0 0
 2892 26 2 869792 9162296 0 0 0 0 0 0 0 0 10496176 0 0 0 0
 2903 26 3 0 0 0 0 0 0 0 0 0 0 0 0 0 0 0
 2914 26 4 0 0 0 0 0 0 0 0 0 0 0 0 0 0 0
 2925 26 5 0 0 0 0 0 0 0 0 0 0 0 0 0 0 0
 2936 26 6 0 0 0 0 0 0 0 0 0 0 0 0 0 0 0
 2947 26 7 0 0 0 0 0 0 0 0 0 0 0 0 0 0 0
 2958 26 8 0 0 0 0 0 0 0 0 0 0 0 0 0 0 0
 2969 26 9 0 0 0 0 0 0 0 0 0 0 0 0 0 0 0
 2980 27 0 0 9316208 916048 0 0 0 0 0 0 0 10332944 0 0 0 0
 2991 27 1 9402512 0 9688296 0 0 0 0 0 0 0 18438544 0 0 0 0
 3002 27 2 930336 9122984 0 0 0 0 0 0 0 0 10604840 0 0 0 0
 3013 27 3 0 0 0 0 0 0 0 0 0 0 0 0 0 0 0
 3024 27 4 0 0 0 0 0 0 0 0 0 0 0 0 0 0 0
 3035 27 5 0 0 0 0 0 0 0 0 0 0 0 0 0 0 0
 3046 27 6 0 0 0 0 0 0 0 0 0 0 0 0 0 0 0
 3057 27 7 0 0 0 0 0 0 0 0 0 0 0 0 0 0 0
 3068 27 8 0 0 0 0 0 0 0 0 0 0 0 0 0 0 0
 3079 27 9 0 0 0 0 0 0 0 0 0 0 0 0 0 0 0
 3090 28 0 0 9465320 892368 0 0 0 0 0 0 0 10475440 0 0 0 0
 3101 28 1 9563392 0 9639856 0 0 0 0 0 0 0 18679376 0 0 0 0
 3112 28 2 912632 9214192 0 0 0 0 0 0 0 0 10532528 0 0 0 0
 3123 28 3 0 0 0 0 0 0 0 0 0 0 0 0 0 0 0
 3134 28 4 0 0 0 0 0 0 0 0 0 0 0 0 0 0 0
 3145 28 5 0 0 0 0 0 0 0 0 0 0 0 0 0 0 0
 3156 28 6 0 0 0 0 0 0 0 0 0 0 0 0 0 0 0
 3167 28 7 0 0 0 0 0 0 0 0 0 0 0 0 0 0 0
 3178 28 8 0 0 0 0 0 0 0 0 0 0 0 0 0 0 0
 3189 28 9 0 0 0 0 0 0 0 0 0 0 0 0 0 0 0
 3200 29 0 0 9532008 1012496 0 0 0 0 0 0 0 10276248 0 0 0 0
 3211 29 1 9343352 0 9731832 0 0 0 0 0 0 0 18834496 0 0 0 0
 3222 29 2 933296 9301992 0 0 0 0 0 0 0 0 10744296 0 0 0 0
 3233 29 3 0 0 0 0 0 0 0 0 0 0 0 0 0 0 0
 3244 29 4 0 0 0 0 0 0 0 0 0 0 0 0 0 0 0
 3255 29 5 0 0 0 0 0 0 0 0 0 0 0 0 0 0 0
 3266 29 6 0 0 0 0 0 0 0 0 0 0 0 0 0 0 0
 3277 29 7 0 0 0 0 0 0 0 0 0 0 0 0 0 0 0
 3288 29 8 0 0 0 0 0 0 0 0 0 0 0 0 0 0 0
 3299 29 9 0 0 0 0 0 0 0 0 0 0 0 0 0 0 0
 3310 30 0 0 9512112 906328 0 0 0 0 0 0 0 2719328 0 0 0 0
 3321 30 1 2719384 0 9693248 0 0 0 0 0 0 0 19109768 0 0 0 0
 3332 30 2 0 9596616 0 0 0 0 0 0 0 0 10600040 0 0 0 0
 3343 30 3 0 0 0 0 0 0 0 0 0 0 0 0 0 0 0
 3354 30 4 0 0 0 0 0 0 0 0 0 0 0 0 0 0 0
 3365 30 5 0 0 0 0 0 0 0 0 0 0 0 0 0 0 0
 3376 30 6 0 0 0 0 0 0 0 0 0 0 0 0 0 0 0
 3387 30 7 0 0 0 0 0 0 0 0 0 0 0 0 0 0 0
 3398 30 8 0 0 0 0 0 0 0 0 0 0 0 0 0 0 0
 3409 30 9 0 0 0 0 0 0 0 0 0 0 0 0 0 0 0
 3420 31 0 0 3168 904488 0 0 0 0 0 0 0 10398176 0 0 0 0
 3431 31 1 9448032 0 9614200 0 0 0 0 0 0 0 1203120 0 0 0 0
 3442 31 2 949752 1199920 0 0 0 0 0 0 0 0 10518296 0 0 0 0
 3453 31 3 0 0 0 0 0 0 0 0 0 0 0 0 0 0 0
 3464 31 4 0 0 0 0 0 0 0 0 0 0 0 0 0 0 0
 3475 31 5 0 0 0 0 0 0 0 0 0 0 0 0 0 0 0
 3486 31 6 0 0 0 0 0 0 0 0 0 0 0 0 0 0 0
 3497 31 7 0 0 0 0 0 0 0 0 0 0 0 0 0 0 0
 3508 31 8 0 0 0 0 0 0 0 0 0 0 0 0 0 0 0
 3519 31 9 0 0 0 0 0 0 0 0 0 0 0 0 0 0 0
 3530 32 0 0 9529392 1888 0 0 0 0 0 0 0 10469696 0 0 0 0
 3541 32 1 9505016 0 527344 0 0 0 0 0 0 0 18700296 0 0 0 0
 3552 32 2 964696 9170968 0 0 0 0 0 0 0 0 529056 0 0 0 0
 3563 32 3 0 0 0 0 0 0 0 0 0 0 0 0 0 0 0
 3574 32 4 0 0 0 0 0 0 0 0 0 0 0 0 0 0 0
 3585 32 5 0 0 0 0 0 0 0 0 0 0 0 0 0 0 0
 3596 32 6 0 0 0 0 0 0 0 0 0 0 0 0 0 0 0
 3607 32 7 0 0 0 0 0 0 0 0 0 0 0 0 0 0 0
 3618 32 8 0 0 0 0 0 0 0 0 0 0 0 0 0 0 0
 3629 32 9 0 0 0 0 0 0 0 0 0 0 0 0 0 0 0
 3640 33 0 0 9587208 910056 0 0 0 0 0 0 0 10276272 0 0 0 0
 3651 33 1 9354176 0 9564128 0 0 0 0 0 0 0 18854436 0 0 0 0
 3662 33 2 922680 9267756 0 0 0 0 0 0 0 0 10473416 0 0 0 0
 3673 33 3 0 0 0 0 0 0 0 0 0 0 0 0 0 0 0
 3684 33 4 0 0 0 0 0 0 0 0 0 0 0 0 0 0 0
 3695 33 5 0 0 0 0 0 0 0 0 0 0 0 0 0 0 0
 3706 33 6 0 0 0 0 0 0 0 0 0 0 0 0 0 0 0
 3717 33 7 0 0 0 0 0 0 0 0 0 0 0 0 0 0 0
 3728 33 8 0 0 0 0 0 0 0 0 0 0 0 0 0 0 0
 3739 33 9 0 0 0 0 0 0 0 0 0 0 0 0 0 0 0
 3750 34 0 0 9443256 924952 0 0 0 0 0 0 0 10378000 0 0 0 0
 3761 34 1 9419632 0 9593864 0 0 0 0 0 0 0 18754592 0 0 0 0
 3772 34 2 959568 9311072 0 0 0 0 0 0 0 0 10518808 0 0 0 0
 3783 34 3 0 0 0 0 0 0 0 0 0 0 0 0 0 0 0
 3794 34 4 0 0 0 0 0 0 0 0 0 0 0 0 0 0 0
 3805 34 5 0 0 0 0 0 0 0 0 0 0 0 0 0 0 0
 3816 34 6 0 0 0 0 0 0 0 0 0 0 0 0 0 0 0
 3827 34 7 0 0 0 0 0 0 0 0 0 0 0 0 0 0 0
 3838 34 8 0 0 0 0 0 0 0 0 0 0 0 0 0 0 0
 3849 34 9 0 0 0 0 0 0 0 0 0 0 0 0 0 0 0
 3860 35 0 0 9448920 918384 0 0 0 0 0 0 0 10242344 0 0 0 0
 3871 35 1 9323912 0 9323664 0 0 0 0 0 0 0 18772784 0 0 0 0
 3882 35 2 917528 9324440 0 0 0 0 0 0 0 0 10241600 0 0 0 0
 3893 35 3 0 0 0 0 0 0 0 0 0 0 0 0 0 0 0
 3904 35 4 0 0 0 0 0 0 0 0 0 0 0 0 0 0 0
 3915 35 5 0 0 0 0 0 0 0 0 0 0 0 0 0 0 0
 3926 35 6 0 0 0 0 0 0 0 0 0 0 0 0 0 0 0
 3937 35 7 0 0 0 0 0 0 0 0 0 0 0 0 0 0 0
 3948 35 8 0 0 0 0 0 0 0 0 0 0 0 0 0 0 0
 3959 35 9 0 0 0 0 0 0 0 0 0 0 0 0 0 0 0
 3970 36 0 0 9481992 930488 0 0 0 0 0 0 0 10331808 0 0 0 0
 3981 36 1 9466512 0 9590496 0 0 0 0 0 0 0 18724188 0 0 0 0
 3992 36 2 865800 9241748 0 0 0 0 0 0 0 0 10521568 0 0 0 0
 4003 36 3 0 0 0 0 0 0 0 0 0 0 0 0 0 0 0
 4014 36 4 0 0 0 0 0 0 0 0 0 0 0 0 0 0 0
 4025 36 5 0 0 0 0 0 0 0 0 0 0 0 0 0 0 0
 4036 36 6 0 0 0 0 0 0 0 0 0 0 0 0 0 0 0
 4047 36 7 0 0 0 0 0 0 0 0 0 0 0 0 0 0 0
 4058 36 8 0 0 0 0 0 0 0 0 0 0 0 0 0 0 0
 4069 36 9 0 0 0 0 0 0 0 0 0 0 0 0 0 0 0
 4080 37 0 0 9364528 910552 0 0 0 0 0 0 0 10369936 0 0 0 0
 4091 37 1 9429272 0 9722504 0 0 0 0 0 0 0 18557056 0 0 0 0
 4102 37 2 941200 9193616 0 0 0 0 0 0 0 0 10632600 0 0 0 0
 4113 37 3 0 0 0 0 0 0 0 0 0 0 0 0 0 0 0
 4124 37 4 0 0 0 0 0 0 0 0 0 0 0 0 0 0 0
 4135 37 5 0 0 0 0 0 0 0 0 0 0 0 0 0 0 0
 4146 37 6 0 0 0 0 0 0 0 0 0 0 0 0 0 0 0
 4157 37 7 0 0 0 0 0 0 0 0 0 0 0 0 0 0 0
 4168 37 8 0 0 0 0 0 0 0 0 0 0 0 0 0 0 0
 4179 37 9 0 0 0 0 0 0 0 0 0 0 0 0 0 0 0
 4190 38 0 0 9498064 922792 0 0 0 0 0 0 0 10454984 0 0 0 0
 4201 38 1 9498704 0 9623088 0 0 0 0 0 0 0 18755528 0 0 0 0
 4212 38 2 956472 9258200 0 0 0 0 0 0 0 0 10546496 0 0 0 0
 4223 38 3 0 0 0 0 0 0 0 0 0 0 0 0 0 0 0
 4234 38 4 0 0 0 0 0 0 0 0 0 0 0 0 0 0 0
 4245 38 5 0 0 0 0 0 0 0 0 0 0 0 0 0 0 0
 4256 38 6 0 0 0 0 0 0 0 0 0 0 0 0 0 0 0
 4267 38 7 0 0 0 0 0 0 0 0 0 0 0 0 0 0 0
 4278 38 8 0 0 0 0 0 0 0 0 0 0 0 0 0 0 0
 4289 38 9 0 0 0 0 0 0 0 0 0 0 0 0 0 0 0
 4300 39 0 0 9474608 971696 0 0 0 0 0 0 0 10249776 0 0 0 0
 4311 39 1 9316512 0 9603840 0 0 0 0 0 0 0 18694328 0 0 0 0
 4322 39 2 932968 9220456 0 0 0 0 0 0 0 0 10575432 0 0 0 0
 4333 39 3 0 0 0 0 0 0 0 0 0 0 0 0 0 0 0
 4344 39 4 0 0 0 0 0 0 0 0 0 0 0 0 0 0 0
 4355 39 5 0 0 0 0 0 0 0 0 0 0 0 0 0 0 0
 4366 39 6 0 0 0 0 0 0 0 0 0 0 0 0 0 0 0
 4377 39 7 0 0 0 0 0 0 0 0 0 0 0 0 0 0 0
 4388 39 8 0 0 0 0 0 0 0 0 0 0 0 0 0 0 0
 4399 39 9 0 0 0 0 0 0 0 0 0 0 0 0 0 0 0
 4410 40 0 0 9468256 923240 0 0 0 0 0 0 0 2703744 0 0 0 0
 4421 40 1 2703576 0 9588776 0 0 0 0 0 0 0 18816648 0 0 0 0
 4432 40 2 0 9347840 0 0 0 0 0 0 0 0 10511416 0 0 0 0
 4443 40 3 0 0 0 0 0 0 0 0 0 0 0 0 0 0 0
 4454 40 4 0 0 0 0 0 0 0 0 0 0 0 0 0 0 0
 4465 40 5 0 0 0 0 0 0 0 0 0 0 0 0 0 0 0
 4476 40 6 0 0 0 0 0 0 0 0 0 0 0 0 0 0 0
 4487 40 7 0 0 0 0 0 0 0 0 0 0 0 0 0 0 0
 4498 40 8 0 0 0 0 0 0 0 0 0 0 0 0 0 0 0
 4509 40 9 0 0 0 0 0 0 0 0 0 0 0 0 0 0 0
 4520 41 0 0 3208 915888 0 0 0 0 0 0 0 10338368 0 0 0 0
 4531 41 1 9393080 0 9577072 0 0 0 0 0 0 0 1214160 0 0 0 0
 4542 41 2 945720 1210952 0 0 0 0 0 0 0 0 10492960 0 0 0 0
 4553 41 3 0 0 0 0 0 0 0 0 0 0 0 0 0 0 0
 4564 41 4 0 0 0 0 0 0 0 0 0 0 0 0 0 0 0
 4575 41 5 0 0 0 0 0 0 0 0 0 0 0 0 0 0 0
 4586 41 6 0 0 0 0 0 0 0 0 0 0 0 0 0 0 0
 4597 41 7 0 0 0 0 0 0 0 0 0 0 0 0 0 0 0
 4608 41 8 0 0 0 0 0 0 0 0 0 0 0 0 0 0 0
 4619 41 9 0 0 0 0 0 0 0 0 0 0 0 0 0 0 0
 4630 42 0 0 9582200 1592 0 0 0 0 0 0 0 10421088 0 0 0 0
 4641 42 1 9448568 0 549376 0 0 0 0 0 0 0 18746216 0 0 0 0
 4652 42 2 971784 9163368 0 0 0 0 0 0 0 0 550792 0 0 0 0
 4663 42 3 0 0 0 0 0 0 0 0 0 0 0 0 0 0 0
 4674 42 4 0 0 0 0 0 0 0 0 0 0 0 0 0 0 0
 4685 42 5 0 0 0 0 0 0 0 0 0 0 0 0 0 0 0
 4696 42 6 0 0 0 0 0 0 0 0 0 0 0 0 0 0 0
 4707 42 7 0 0 0 0 0 0 0 0 0 0 0 0 0 0 0
 4718 42 8 0 0 0 0 0 0 0 0 0 0 0 0 0 0 0
 4729 42 9 0 0 0 0 0 0 0 0 0 0 0 0 0 0 0
 4740 43 0 0 9596800 896968 0 0 0 0 0 0 0 10224240 0 0 0 0
 4751 43 1 9309232 0 9592368 0 0 0 0 0 0 0 18816688 0 0 0 0
 4762 43 2 915360 9221136 0 0 0 0 0 0 0 0 10489584 0 0 0 0
 4773 43 3 0 0 0 0 0 0 0 0 0 0 0 0 0 0 0
 4784 43 4 0 0 0 0 0 0 0 0 0 0 0 0 0 0 0
 4795 43 5 0 0 0 0 0 0 0 0 0 0 0 0 0 0 0
 4806 43 6 0 0 0 0 0 0 0 0 0 0 0 0 0 0 0
 4817 43 7 0 0 0 0 0 0 0 0 0 0 0 0 0 0 0
 4828 43 8 0 0 0 0 0 0 0 0 0 0 0 0 0 0 0
 4839 43 9 0 0 0 0 0 0 0 0 0 0 0 0 0 0 0
 4850 44 0 0 9527496 914024 0 0 0 0 0 0 0 10353840 0 0 0 0
 4861 44 1 9435136 0 9634328 0 0 0 0 0 0 0 18705376 0 0 0 0
 4872 44 2 919688 9176784 0 0 0 0 0 0 0 0 10548408 0 0 0 0
 4883 44 3 0 0 0 0 0 0 0 0 0 0 0 0 0 0 0
 4894 44 4 0 0 0 0 0 0 0 0 0 0 0 0 0 0 0
 4905 44 5 0 0 0 0 0 0 0 0 0 0 0 0 0 0 0
 4916 44 6 0 0 0 0 0 0 0 0 0 0 0 0 0 0 0
 4927 44 7 0 0 0 0 0 0 0 0 0 0 0 0 0 0 0
 4938 44 8 0 0 0 0 0 0 0 0 0 0 0 0 0 0 0
 4949 44 9 0 0 0 0 0 0 0 0 0 0 0 0 0 0 0
 4960 45 0 0 9411880 901112 0 0 0 0 0 0 0 10301048 0 0 0 0
 4971 45 1 9374168 0 9322616 0 0 0 0 0 0 0 18712088 0 0 0 0
 4982 45 2 926832 9299912 0 0 0 0 0 0 0 0 10224160 0 0 0 0
 4993 45 3 0 0 0 0 0 0 0 0 0 0 0 0 0 0 0
 5004 45 4 0 0 0 0 0 0 0 0 0 0 0 0 0 0 0
 5015 45 5 0 0 0 0 0 0 0 0 0 0 0 0 0 0 0
 5026 45 6 0 0 0 0 0 0 0 0 0 0 0 0 0 0 0
 5037 45 7 0 0 0 0 0 0 0 0 0 0 0 0 0 0 0
 5048 45 8 0 0 0 0 0 0 0 0 0 0 0 0 0 0 0
 5059 45 9 0 0 0 0 0 0 0 0 0 0 0 0 0 0 0
 5070 46 0 0 9543344 887528 0 0 0 0 0 0 0 10329592 0 0 0 0
 5081 46 1 9453568 0 9474784 0 0 0 0 0 0 0 18751448 0 0 0 0
 5092 46 2 876528 9207160 0 0 0 0 0 0 0 0 10361080 0 0 0 0
 5103 46 3 0 0 0 0 0 0 0 0 0 0 0 0 0 0 0
 5114 46 4 0 0 0 0 0 0 0 0 0 0 0 0 0 0 0
 5125 46 5 0 0 0 0 0 0 0 0 0 0 0 0 0 0 0
 5136 46 6 0 0 0 0 0 0 0 0 0 0 0 0 0 0 0
 5147 46 7 0 0 0 0 0 0 0 0 0 0 0 0 0 0 0
 5158 46 8 0 0 0 0 0 0 0 0 0 0 0 0 0 0 0
 5169 46 9 0 0 0 0 0 0 0 0 0 0 0 0 0 0 0
 5180 47 0 0 9407504 933728 0 0 0 0 0 0 0 10385576 0 0 0 0
 5191 47 1 9455896 0 9692144 0 0 0 0 0 0 0 18579176 0 0 0 0
 5202 47 2 929504 9172680 0 0 0 0 0 0 0 0 10626000 0 0 0 0
 5213 47 3 0 0 0 0 0 0 0 0 0 0 0 0 0 0 0
 5224 47 4 0 0 0 0 0 0 0 0 0 0 0 0 0 0 0
 5235 47 5 0 0 0 0 0 0 0 0 0 0 0 0 0 0 0
 5246 47 6 0 0 0 0 0 0 0 0 0 0 0 0 0 0 0
 5257 47 7 0 0 0 0 0 0 0 0 0 0 0 0 0 0 0
 5268 47 8 0 0 0 0 0 0 0 0 0 0 0 0 0 0 0
 5279 47 9 0 0 0 0 0 0 0 0 0 0 0 0 0 0 0
 5290 48 0 0 9559160 932736 0 0 0 0 0 0 0 10547616 0 0 0 0
 5301 48 1 9580600 0 9471968 0 0 0 0 0 0 0 18892864 0 0 0 0
 5312 48 2 966696 9334400 0 0 0 0 0 0 0 0 10404696 0 0 0 0
 5323 48 3 0 0 0 0 0 0 0 0 0 0 0 0 0 0 0
 5334 48 4 0 0 0 0 0 0 0 0 0 0 0 0 0 0 0
 5345 48 5 0 0 0 0 0 0 0 0 0 0 0 0 0 0 0
 5356 48 6 0 0 0 0 0 0 0 0 0 0 0 0 0 0 0
 5367 48 7 0 0 0 0 0 0 0 0 0 0 0 0 0 0 0
 5378 48 8 0 0 0 0 0 0 0 0 0 0 0 0 0 0 0
 5389 48 9 0 0 0 0 0 0 0 0 0 0 0 0 0 0 0
 5400 49 0 0 9530592 992896 0 0 0 0 0 0 0 10306008 0 0 0 0
 5411 49 1 9374096 0 9721976 0 0 0 0 0 0 0 18860856 0 0 0 0
 5422 49 2 931616 9330616 0 0 0 0 0 0 0 0 10714776 0 0 0 0
 5433 49 3 0 0 0 0 0 0 0 0 0 0 0 0 0 0 0
 5444 49 4 0 0 0 0 0 0 0 0 0 0 0 0 0 0 0
 5455 49 5 0 0 0 0 0 0 0 0 0 0 0 0 0 0 0
 5466 49 6 0 0 0 0 0 0 0 0 0 0 0 0 0 0 0
 5477 49 7 0 0 0 0 0 0 0 0 0 0 0 0 0 0 0
 5488 49 8 0 0 0 0 0 0 0 0 0 0 0 0 0 0 0
 5499 49 9 0 0 0 0 0 0 0 0 0 0 0 0 0 0 0
 5510 50 0 0 9509120 915504 0 0 0 0 0 0 0 10424024 0 0 0 0
 5521 50 1 9459216 0 9612928 0 0 0 0 0 0 0 18600416 0 0 0 0
 5532 50 2 964496 9092408 0 0 0 0 0 0 0 0 10528560 0 0 0 0
 5543 50 3 0 0 0 0 0 0 0 0 0 0 0 0 0 0 0
 5554 50 4 0 0 0 0 0 0 0 0 0 0 0 0 0 0 0
 5565 50 5 0 0 0 0 0 0 0 0 0 0 0 0 0 0 0
 5576 50 6 0 0 0 0 0 0 0 0 0 0 0 0 0 0 0
 5587 50 7 0 0 0 0 0 0 0 0 0 0 0 0 0 0 0
 5598 50 8 0 0 0 0 0 0 0 0 0 0 0 0 0 0 0
 5609 50 9 0 0 0 0 0 0 0 0 0 0 0 0 0 0 0