# Format <LP ID> <Terminal ID> <Job ID> <Local Rank> <Total sends> <Total Recvs> <Bytes sent> <Bytes recvd> <Send time> <Comm. time> <Compute time> <Avg msg time> <Max Msg Time>
 0 0 0 0 1020 1020 67012300 70881100 991800478.303646 2124058265.425171 57158811025.000000 0.000000 0.000000
 1 1 0 1 1632 1632 101528728 105447128 860637014.588692 2198250738.653427 57071956126.000000 0.000000 0.000000
 2 2 0 2 1632 1632 81671440 87876240 650732525.303209 2459196007.604187 56803492326.000000 0.000000 0.000000
 3 3 0 3 2652 2652 122140908 122512108 44374790.789324 2301261244.471977 56968784546.000000 0.000000 0.000000
 4 4 0 4 1224 1224 87282720 79377120 759290816.318054 2513194163.588615 56753856775.000000 0.000000 0.000000
 11 5 0 5 2244 2244 128796668 120983868 65177080.096340 2064103919.756706 57202671241.000000 0.000000 0.000000
 12 6 0 6 2038 2040 105900352 111501968 172337045.108879 1334224680.660446 57934745108.000000 0.000000 0.000000
 13 7 0 7 2448 2447 122850088 133840480 387478055.454281 3596255063.037735 55668282894.000000 0.000000 0.000000
 14 8 0 8 2448 2447 129648464 127037256 564420009.916403 3503431193.100449 55757781209.000000 0.000000 0.000000
 15 9 0 9 1632 1632 101528728 105447128 1038698797.798534 2340434198.197319 56926602213.000000 0.000000 0.000000
 22 10 0 10 1632 1632 101106704 104975504 1823532902.895821 2880658132.670090 56385844612.000000 0.000000 0.000000
 23 11 0 11 2652 2652 115990100 122439700 461074087.937853 2430751344.070000 56833876490.000000 0.000000 0.000000
 24 12 0 12 2652 2652 121449252 121818852 1295113624.449545 2651661235.376198 56579310970.000000 0.000000 0.000000
 25 13 0 13 2244 2244 121577020 113569020 484076601.269104 2268754413.288757 56974075199.000000 0.000000 0.000000
 26 14 0 14 2244 2244 128018268 120307868 551193451.193823 2750255910.925598 56483908378.000000 0.000000 0.000000
 33 15 0 15 4078 4078 157040696 162053496 369305724.618898 3268151402.230156 55970859463.000000 0.000000 0.000000
 34 16 0 16 2448 2447 122330952 133564544 1468595535.041507 3693400302.769676 55543014550.000000 0.000000 0.000000
 35 17 0 17 2448 2447 129425328 126465320 1006841262.266913 3687973631.078354 55553140592.000000 0.000000 0.000000
 36 18 0 18 1632 1632 93037096 88318696 555166754.031740 2259366347.607910 56983738929.000000 0.000000 0.000000
 37 19 0 19 2652 2652 123552340 123086740 51539167.015972 2003736175.911148 57239011159.000000 0.000000 0.000000
 44 20 0 20 1222 1224 67421888 64652304 648421550.099068 1847605792.449341 57393399768.000000 0.000000 0.000000
 45 21 0 21 1428 1428 109255156 105485556 651559972.717714 1653400954.001564 57590578456.000000 0.000000 0.000000
 46 22 0 22 2650 2652 110905756 94006572 417029603.666718 1745075446.643776 57497220762.000000 0.000000 0.000000
 47 23 0 23 4080 4080 155143216 142964016 602741421.685562 3040961073.310654 56197503384.000000 0.000000 0.000000
 48 24 0 24 1832 1836 91979452 94542684 40083032.574078 828741185.440804 58388083030.000000 0.000000 0.000000
 55 25 0 25 1632 1631 112396208 123401000 334788257.342344 2669829537.241768 56542329255.000000 0.000000 0.000000
 56 26 0 26 1632 1631 119228192 112687384 328391254.024178 2098935746.476494 57116106678.000000 0.000000 0.000000
 57 27 0 27 3058 3060 128125500 123109516 257658031.875614 1933886079.927574 57286726663.000000 0.000000 0.000000
 58 28 0 28 2652 2652 122855852 122391852 962972881.436769 2288835985.008812 56929235683.000000 0.000000 0.000000
 59 29 0 29 1834 1836 101739292 98968108 485494730.960817 1397841322.057335 57821612862.000000 0.000000 0.000000
 66 30 0 30 1428 1428 108733436 105013436 598250250.172739 1873963025.769981 57337152020.000000 0.000000 0.000000
 67 31 0 31 4486 4488 145455800 128204616 189959588.660280 2589686890.664093 56625414774.000000 0.000000 0.000000
 68 32 0 32 4080 4080 154032192 142009792 957126417.522577 2980201096.293205 56239534006.000000 0.000000 0.000000
 69 33 0 33 3260 3262 143449408 145420624 277157859.900696 2607869529.498726 56602016919.000000 0.000000 0.000000
 70 34 0 34 1632 1631 112012824 123262416 1392294285.572161 2763288868.946945 56454907973.000000 0.000000 0.000000
 77 35 0 35 1632 1631 119141064 112304256 604054530.571259 2778359528.366425 56441491811.000000 0.000000 0.000000
 78 36 0 36 1834 1836 82764540 90399756 146559382.994850 2066998447.174118 57248289338.000000 0.000000 0.000000
 79 37 0 37 2448 2447 117378704 125215496 427237173.742207 1849281717.233276 57460977515.000000 0.000000 0.000000
 80 38 0 38 2244 2244 94932892 107382492 533664339.521944 775547931.159866 58535871630.000000 0.000000 0.000000
 81 39 0 39 3672 3672 141555832 142298232 217929632.345013 2978029750.012390 56334783968.000000 0.000000 0.000000
 88 40 0 40 816 816 68151920 64011120 712182557.845581 2442634454.284966 56869534745.000000 0.000000 0.000000
 89 41 0 41 1632 1632 109551896 105659096 365001677.155386 1479459400.647789 57826547614.000000 0.000000 0.000000
 90 42 0 42 1224 1224 93223488 96053888 63530069.881805 1165495832.005043 58141737632.000000 0.000000 0.000000
 91 43 0 43 2448 2447 122551000 133838992 409885819.730936 3521312642.625893 55788276094.000000 0.000000 0.000000
 92 44 0 44 1428 1428 110690892 104158092 404207464.586422 2170788052.236549 57141013586.000000 0.000000 0.000000
 99 45 0 45 2448 2447 117378704 125215496 206784947.517708 1941680077.141357 57360412773.000000 0.000000 0.000000
 100 46 0 46 2448 2447 116756048 124493640 646025592.514267 2455026733.907166 56846299721.000000 0.000000 0.000000
 101 47 0 47 3672 3672 129254424 142195224 475769756.196957 2736516252.214096 56573002832.000000 0.000000 0.000000
 102 48 0 48 3672 3672 140615304 141354504 65568153.133696 3300467078.405807 55916991118.000000 0.000000 0.000000
 103 49 0 49 1632 1632 102394744 98201144 237182112.792089 1674628118.417007 57544556412.000000 0.000000 0.000000
 110 50 0 50 1632 1632 109022112 105182112 691985383.151150 2183330307.366341 57036984531.000000 0.000000 0.000000
 111 51 0 51 2652 2651 144661140 146902732 479006472.352005 1705703659.549690 57508576457.000000 0.000000 0.000000
 112 52 0 52 2448 2447 122031864 133563056 590145259.198315 3450472753.231842 55764001949.000000 0.000000 0.000000
 113 53 0 53 1428 1428 110715252 103883252 437246993.584421 2013283507.869843 57207422336.000000 0.000000 0.000000
 114 54 0 54 2244 2244 108772276 107962676 79401869.361380 1015157801.201447 58202323690.000000 0.000000 0.000000
 121 55 0 55 3876 3875 139528396 142982788 220166515.739002 2904673513.905708 56313109732.000000 0.000000 0.000000
 122 56 0 56 1630 1631 80628248 81167456 181637523.419847 771633271.686928 58447754548.000000 0.000000 0.000000
 123 57 0 57 1836 1836 131908556 125287756 359718919.897215 2394894042.068527 56822509549.000000 0.000000 0.000000
 124 58 0 58 1834 1836 83025596 78555212 90434889.196211 1686676518.328613 57521600420.000000 0.000000 0.000000
 125 59 0 59 2856 2856 131487664 127617264 329528625.999382 1007314816.293442 58214470581.000000 0.000000 0.000000
 132 60 0 60 816 816 79130568 81685768 316464801.973957 468948321.440407 58776269753.000000 0.000000 0.000000
 133 61 0 61 1835 1835 112346364 123400764 299011600.470812 2773866250.703239 56462220552.000000 0.000000 0.000000
 134 62 0 62 1020 1020 100114220 93595820 227564603.216713 1264084569.762962 57983687055.000000 0.000000 0.000000
 135 63 0 63 3876 3875 143958436 143004828 389284454.792921 2585245853.435226 56658748585.000000 0.000000 0.000000
 136 64 0 64 3876 3875 138629660 142036052 498059738.293715 3104791365.040161 56142780619.000000 0.000000 0.000000
 143 65 0 65 2446 2447 114945664 115483272 206421334.995928 2330060947.502487 56919798120.000000 0.000000 0.000000
 144 66 0 66 1836 1836 131137964 124565164 563303253.169882 2775656586.790306 56461596762.000000 0.000000 0.000000
 145 67 0 67 3262 3264 117273296 112748512 211455118.115749 1360865105.422646 57889735032.000000 0.000000 0.000000
 146 68 0 68 2856 2856 130676712 126862312 900416874.282122 1648579733.693840 57596111458.000000 0.000000 0.000000
 147 69 0 69 1836 1835 130847748 132810940 677667024.635868 1180372510.244476 58064584941.000000 0.000000 0.000000
 154 70 0 70 1835 1835 111962980 123262180 772682147.579454 2829898225.948746 56414441541.000000 0.000000 0.000000
 155 71 0 71 1020 1020 100275948 93459948 556044988.807137 1341513747.206818 57902976101.000000 0.000000 0.000000
 156 72 0 72 1632 1632 101528728 105447128 1210234252.603096 1936717075.029068 57328359953.000000 0.000000 0.000000
 157 73 0 73 1632 1632 101528728 105447128 371640955.111519 1988992363.888374 57275257963.000000 0.000000 0.000000
 158 74 0 74 2652 2652 116236132 122442532 604752696.021690 1925528265.263405 57334018317.000000 0.000000 0.000000
 165 75 0 75 2652 2652 122140908 122512108 372277802.849775 1993804080.878922 57259263513.000000 0.000000 0.000000
 166 76 0 76 2244 2244 121851740 113843740 310063371.641403 1649409286.065140 57608219420.000000 0.000000 0.000000
 167 77 0 77 2244 2244 128796668 120983868 223161961.982258 1426801015.267250 57834026025.000000 0.000000 0.000000
 168 78 0 78 4078 4078 158091592 163203592 729453761.107899 2631401949.338623 56630031827.000000 0.000000 0.000000
 169 79 0 79 2448 2447 122850088 133840480 619476717.070965 3285381034.625496 55975685987.000000 0.000000 0.000000
 176 80 0 80 2448 2447 129648464 127037256 650723817.989313 3036973928.827682 56217725627.000000 0.000000 0.000000
 177 81 0 81 1632 1632 101528728 105447128 411091570.825716 2087013289.938545 57173646218.000000 0.000000 0.000000
 178 82 0 82 1020 1020 67012300 70881100 718008140.860943 2035534699.033600 57226153550.000000 0.000000 0.000000
 179 83 0 83 2652 2652 115990100 122439700 226047607.053753 2113564819.624031 57146194697.000000 0.000000 0.000000
 180 84 0 84 1632 1632 87576216 87945816 47193836.886133 1980247385.631294 57327116202.000000 0.000000 0.000000
 187 85 0 85 2244 2244 121577020 113569020 1220662475.460909 1794207012.563477 57515047780.000000 0.000000 0.000000
 188 86 0 86 1428 1428 94282332 86517532 678605073.080677 1804997456.847244 57500443708.000000 0.000000 0.000000
 189 87 0 87 3875 3874 156989236 162053228 611977507.401413 3157881065.275650 56151770483.000000 0.000000 0.000000
 190 88 0 88 1428 1427 97352524 108291716 168085938.018223 1867626868.852211 57441760662.000000 0.000000 0.000000
 191 89 0 89 1428 1427 104446900 101192492 367899880.741419 1318921842.815155 57976160839.000000 0.000000 0.000000
 198 90 0 90 2652 2652 127828012 123108012 946235802.276140 1862154018.106834 57452684654.000000 0.000000 0.000000
 199 91 0 91 2652 2652 123552340 123086740 544745696.616430 1814901619.022377 57498454093.000000 0.000000 0.000000
 200 92 0 92 1834 1836 102038012 99218828 1168878658.237755 1432808461.237236 57881166018.000000 0.000000 0.000000
 201 93 0 93 1428 1428 109255156 105485556 90163946.527517 1457939102.449623 57850114518.000000 0.000000 0.000000
 202 94 0 94 4486 4488 145807448 128751464 424913378.239197 2579796034.113602 56730207480.000000 0.000000 0.000000
 209 95 0 95 4080 4080 155143216 142964016 263336409.648106 2476106574.606140 56827566678.000000 0.000000 0.000000
 210 96 0 96 3260 3262 144225328 146244544 190427128.289886 1898212432.934074 57322693086.000000 0.000000 0.000000
 211 97 0 97 1632 1631 112396208 123401000 483127737.531000 2653332005.507469 56563256823.000000 0.000000 0.000000
 212 98 0 98 1632 1631 119228192 112687384 453284315.968813 2049981469.345985 57166772239.000000 0.000000 0.000000
 213 99 0 99 3058 3060 128125500 123109516 50038728.679253 1901726664.975746 57313184891.000000 0.000000 0.000000
 220 100 0 100 1632 1632 88812880 88297680 35589092.749660 1752674738.035057 57462561774.000000 0.000000 0.000000
 221 101 0 101 1631 1632 101687832 98967840 201956568.770550 1322653421.852348 57895330330.000000 0.000000 0.000000
 222 102 0 102 816 816 74690488 70919288 314510897.928911 1257917815.653488 57951427739.000000 0.000000 0.000000
 223 103 0 103 4283 4284 145404340 128204348 231626717.924322 2562470605.251984 56651557199.000000 0.000000 0.000000
 224 104 0 104 2652 2652 120350892 108219692 360746833.868845 1027212333.544914 58187814603.000000 0.000000 0.000000
 231 105 0 105 2854 2854 143346488 145420088 612787865.728268 2619484620.372993 56594712884.000000 0.000000 0.000000
 232 106 0 106 1020 1019 86898668 97852260 35513563.559013 1210904538.811409 58001610952.000000 0.000000 0.000000
 233 107 0 107 1020 1019 94026652 86842644 397187519.820103 650059490.969536 58561928509.000000 0.000000 0.000000
 234 108 0 108 2651 2651 117430164 125215764 47884953.869257 1774875105.104874 57509385808.000000 0.000000 0.000000
 235 109 0 109 2448 2447 117378704 125215496 45102956.282684 1791779465.403824 57492117314.000000 0.000000 0.000000
 242 110 0 110 3672 3672 129746480 142199280 68832292.196928 2846316755.668541 56435741816.000000 0.000000 0.000000
 243 111 0 111 3672 3672 141555832 142298232 225551962.054621 2913976688.703735 56368269199.000000 0.000000 0.000000
 244 112 0 112 1632 1632 102671080 98477480 319186817.924862 1568096466.869881 57703224192.000000 0.000000 0.000000
 245 113 0 113 1632 1632 109551896 105659096 120649874.757202 1388897705.679436 57892222907.000000 0.000000 0.000000
 246 114 0 114 2652 2651 145464540 147755732 511224717.281742 1207093396.181831 58073155073.000000 0.000000 0.000000
 253 115 0 115 2448 2447 122551000 133838992 821874213.769123 3517141311.199730 55751846279.000000 0.000000 0.000000
 254 116 0 116 1428 1428 110690892 104158092 754279265.913677 2186814874.815338 57085061091.000000 0.000000 0.000000
 255 117 0 117 2448 2447 117378704 125215496 537766915.656334 1944809656.476791 57339990669.000000 0.000000 0.000000
 256 118 0 118 1632 1631 82661632 90399224 720353187.507498 1893501990.312653 57389878505.000000 0.000000 0.000000
 257 119 0 119 3672 3672 129254424 142195224 122712519.732077 2731833631.285034 56547486744.000000 0.000000 0.000000
 264 120 0 120 2244 2244 106742244 107481444 36756012.157522 1708247471.110451 57558561166.000000 0.000000 0.000000
 265 121 0 121 1632 1632 102394744 98201144 558562834.019424 1511017728.153282 57748889242.000000 0.000000 0.000000
 266 122 0 122 1020 1020 75035964 71192764 894494298.677679 1617961215.164673 57635281257.000000 0.000000 0.000000
 267 123 0 123 2652 2651 144661140 146902732 520521941.298029 1589294010.713104 57674399425.000000 0.000000 0.000000
 268 124 0 124 1428 1427 97053436 108290228 55664991.065624 1760771162.364006 57502802151.000000 0.000000 0.000000
 275 125 0 125 816 816 85439504 78313104 35655345.137970 970260714.815018 58289040911.000000 0.000000 0.000000
 276 126 0 126 3876 3875 143765476 143003868 517151213.153151 2637335252.468826 56630894011.000000 0.000000 0.000000
 277 127 0 127 3876 3875 139528396 142982788 516578988.153376 2723528652.475800 56541711233.000000 0.000000 0.000000
 278 128 0 128 2446 2447 115493256 115984464 508596092.292543 2179725169.688637 57086011481.000000 0.000000 0.000000
 279 129 0 129 1836 1836 131908556 125287756 44786428.748447 2231609789.660080 57028829433.000000 0.000000 0.000000
 286 130 0 130 3262 3264 117825960 113299576 51714536.622828 1238795034.240822 58023741809.000000 0.000000 0.000000
 287 131 0 131 2856 2856 131487664 127617264 56773185.327169 926954363.079247 58325520907.000000 0.000000 0.000000
 288 132 0 132 1836 1835 131374812 133387604 504808983.366398 523659049.149834 58757803962.000000 0.000000 0.000000
 289 133 0 133 1835 1835 112346364 123400764 321857831.603443 2676073998.543846 56588411767.000000 0.000000 0.000000
 290 134 0 134 1020 1020 100114220 93595820 114435495.864325 1185702188.581200 58082697616.000000 0.000000 0.000000
 297 135 0 135 3876 3875 143958436 143004828 52780449.193073 2423490394.170120 56855209807.000000 0.000000 0.000000
 298 136 0 136 2448 2447 104586664 107941856 42599318.828209 1928998899.287132 57353059009.000000 0.000000 0.000000
 299 137 0 137 2243 2243 114894204 115483004 42332757.593102 2196494478.925232 57069260165.000000 0.000000 0.000000
 300 138 0 138 1020 1020 97095004 90471004 68244025.800983 1254168468.406555 58022141461.000000 0.000000 0.000000
 301 139 0 139 3059 3060 117221836 112748244 44839983.412428 1211417024.391396 58070454473.000000 0.000000 0.000000
 308 140 0 140 1836 1836 96693756 92872956 119897417.215857 1021733612.727081 58255856719.000000 0.000000 0.000000
 309 141 0 141 1836 1835 130847748 132810940 415943016.424799 1110780931.398895 58157336867.000000 0.000000 0.000000
 310 142 0 142 1223 1223 86848824 97852024 224164586.329483 1275474572.100166 57999139766.000000 0.000000 0.000000
 311 143 0 143 612 612 74862844 67750844 52639578.056042 299592920.853539 58974488818.000000 0.000000 0.000000