# Format <LP ID> <Group ID> <Router ID> <Link traffic per router port(s)># Router ports in the order: 10 local channels, 5 global channels
 10 0 0 0 644480 142968 36672 9456 10312 7264 523696 160248 65976 70248 68152 64784 65648 63448
 21 0 1 635808 0 785384 445800 358736 367304 348200 365272 916160 841320 2825312 48 48 48 56
 32 0 2 139952 779720 0 746600 174768 52280 45240 52272 76400 596768 238728 66816 62200 63928 67800
 43 0 3 37896 447880 741912 0 752960 212120 84224 85224 91296 149232 168064 61640 75512 70176 64464
 54 0 4 39352 338280 180648 733728 0 722144 204568 81328 79128 132936 100808 72688 69552 62784 64816
 65 0 5 38968 340304 48896 214176 711808 0 602096 205696 81240 124720 76376 65952 70192 67200 77752
 76 0 6 38280 316248 49856 85488 206120 592200 0 200720 90160 123224 59424 65864 66856 72096 69848
 87 0 7 545392 331496 55544 79384 78712 203208 191368 0 593168 249360 72608 76024 69904 68952 64760
 98 0 8 191808 874056 85320 85712 86728 86608 86864 584952 0 743808 67848 70192 65432 68768 69128
 109 0 9 97176 804664 604216 144912 123248 121016 123976 247592 756712 0 67792 62448 67264 63456 65560
 120 1 0 0 1158552 586128 471248 479584 467344 481656 720888 283864 184776 2731448 95536 89912 85568 82720
 131 1 1 1029464 0 580728 195192 83440 67336 70096 79192 567008 212560 137848 139720 145280 134592 132360
 142 1 2 553000 618648 0 1098544 526000 442728 451880 426888 507296 1260752 2850688 68048 67512 63344 65632
 153 1 3 447232 244944 1057280 0 450736 155792 161616 120648 136608 194232 266448 134296 137216 128512 133824
 164 1 4 432656 127632 528096 437440 0 528480 298384 119768 125480 167632 179616 143600 140256 136904 136376
 175 1 5 455552 132328 423960 160936 524032 0 767752 255104 126992 157640 135656 138720 133192 132200 129296
 186 1 6 458952 132192 411872 160096 279328 766312 0 751704 247336 152784 137432 141360 132464 125200 133480
 197 1 7 717432 121840 396536 137904 135496 243392 738128 0 601784 263360 129400 134112 137168 124992 132976
 208 1 8 296120 590208 466384 130176 135664 135008 251944 592912 0 758672 133872 134120 133976 121568 137776
 219 1 9 189824 268000 1184792 197056 167152 152472 162016 256272 758240 0 126736 129736 137008 141672 136576
 230 2 0 0 1140168 132384 173816 171736 170896 183864 640768 271744 178368 216624 137992 129672 129584 126000
 241 2 1 1181184 0 647560 607680 454384 445384 426152 195088 612016 258280 2843424 75968 71808 70152 73096
 252 2 2 72240 576624 0 763608 198496 82848 56096 52448 57968 572184 134248 126336 130024 132568 130640
 263 2 3 167120 562760 822184 0 1005784 559336 483256 450376 475696 759088 2779096 72264 78584 78720 74176
 274 2 4 173416 421832 249128 991632 0 803096 296696 136152 132456 152200 191704 131872 133384 145232 127672
 285 2 5 160336 416632 129960 575920 764752 0 782592 253736 123728 155160 140784 138024 130280 132800 127112
 296 2 6 182848 403336 125864 453304 289392 766248 0 751208 251936 159160 139536 125000 130664 128800 126904
 307 2 7 634336 192912 85568 412560 141968 251256 742816 0 599856 118392 127776 132272 136632 143896 135896
 318 2 8 286448 606608 96056 444096 127824 133888 252112 591760 0 240280 131208 135008 131720 134048 140512
 329 2 9 172304 258296 619464 696936 160016 144944 164088 134624 243168 0 124616 140120 137808 134792 138536
 340 3 0 0 814512 782144 155904 153464 161616 143848 585808 226808 135488 189496 111456 103560 94000 99584
 351 3 1 814120 0 1110856 259704 142728 122728 88320 91720 559504 242072 254760 100776 110336 93920 90464
 362 3 2 838816 1138944 0 1074488 638712 431952 383360 128600 104504 602624 2729280 45272 44216 43976 40760
 373 3 3 115472 218224 997304 0 990040 233328 75400 77912 78160 118120 98168 96384 109896 92448 101416
 384 3 4 149096 140832 615224 1067424 0 1095088 121936 85720 152216 450352 1467832 79304 79768 74768 68592
 395 3 5 152792 135248 417032 281024 1052304 0 116648 90560 93968 136600 102992 96720 97104 103472 106520
 406 3 6 151160 88104 342184 116496 125888 112328 0 682136 181832 83472 99904 101280 100168 102592 104064
 417 3 7 590648 85184 129016 80048 88048 88904 680424 0 648216 181128 102000 100760 99864 104624 102904
 428 3 8 230776 559872 92600 80992 143280 89976 179856 643112 0 693960 102664 114688 105648 101080 105304
 439 3 9 151976 237168 593152 155672 420480 126464 83752 187512 684448 0 98992 106664 98712 106408 111504
 450 4 0 0 830296 262384 672872 92600 91736 89560 76520 86120 84648 107568 36424 40976 36240 35144
 461 4 1 826896 0 675848 532576 42536 51672 46768 48528 45152 47720 167208 33416 37528 34096 35088
 472 4 2 262768 667144 0 515456 42648 39800 38792 41240 38344 35208 187824 35616 30224 35096 32584
 483 4 3 748608 533848 524992 0 7200 7936 6896 7360 9696 8480 1497280 1544 1280 1536 3248
 494 4 4 20632 35032 14296 800 0 0 0 0 0 0 34072 34056 34664 41736 38880
 505 4 5 84000 47000 37256 10056 0 0 0 0 0 0 35480 41736 39040 35536 39080
 516 4 6 83368 49432 38248 6936 0 0 0 0 0 0 35248 38568 35936 36728 36616
 527 4 7 88640 48504 38488 9432 0 0 0 0 0 0 37320 34592 34656 32832 33088
 538 4 8 87296 51064 43440 7008 0 0 0 0 0 0 38864 34328 34952 35168 36960
 549 4 9 93176 50216 45296 7304 0 0 0 0 0 0 33168 35976 33592 35232 40368
 560 5 0 0 76928 0 0 0 0 0 0 0 0 73248 0 0 0 0
 571 5 1 73232 0 63912 72 0 0 0 0 0 0 148440 0 0 0 0
 582 5 2 16 71512 0 70400 16 0 0 0 0 0 129848 0 0 0 0
 593 5 3 0 0 65936 0 37848 0 0 0 0 0 106528 0 0 0 0
 604 5 4 0 0 0 36056 0 0 0 0 0 0 37864 0 0 0 0
 615 5 5 0 0 0 0 0 0 0 0 0 0 0 0 0 0 0
 626 5 6 0 0 0 0 0 0 0 0 0 0 0 0 0 0 0
 637 5 7 0 0 0 0 0 0 0 0 0 0 0 0 0 0 0
 648 5 8 0 0 0 0 0 0 0 0 0 0 0 0 0 0 0
 659 5 9 0 0 0 0 0 0 0 0 0 0 0 0 0 0 0
 670 6 0 0 60184 16 0 0 0 0 0 0 0 72816 0 0 0 0
 681 6 1 72800 0 66176 16 0 0 0 0 0 0 130256 0 0 0 0
 692 6 2 0 70072 0 71520 0 0 0 0 0 0 131776 0 0 0 0
 703 6 3 16 0 65584 0 34488 0 0 0 0 0 107520 0 0 0 0
 714 6 4 0 0 0 35984 0 0 0 0 0 0 34488 0 0 0 0
 725 6 5 0 0 0 0 0 0 0 0 0 0 0 0 0 0 0
 736 6 6 0 0 0 0 0 0 0 0 0 0 0 0 0 0 0
 747 6 7 0 0 0 0 0 0 0 0 0 0 0 0 0 0 0
 758 6 8 0 0 0 0 0 0 0 0 0 0 0 0 0 0 0
 769 6 9 0 0 0 0 0 0 0 0 0 0 0 0 0 0 0
 780 7 0 0 73832 8 0 0 0 0 0 0 0 66456 0 0 0 0
 791 7 1 66440 0 66032 0 0 0 0 0 0 0 134280 0 0 0 0
 802 7 2 16 60440 0 68112 8 0 0 0 0 0 134328 0 0 0 0
 813 7 3 0 8 68288 0 35120 0 0 0 0 0 106056 0 0 0 0
 824 7 4 0 0 0 37944 0 0 0 0 0 0 35128 0 0 0 0
 835 7 5 0 0 0 0 0 0 0 0 0 0 0 0 0 0 0
 846 7 6 0 0 0 0 0 0 0 0 0 0 0 0 0 0 0
 857 7 7 0 0 0 0 0 0 0 0 0 0 0 0 0 0 0
 868 7 8 0 0 0 0 0 0 0 0 0 0 0 0 0 0 0
 879 7 9 0 0 0 0 0 0 0 0 0 0 0 0 0 0 0
 890 8 0 0 68856 16 0 0 0 0 0 0 0 68880 0 0 0 0
 901 8 1 68840 0 66176 0 0 0 0 0 0 0 133864 0 0 0 0
 912 8 2 40 64984 0 68552 0 0 0 0 0 0 131768 0 0 0 0
 923 8 3 0 24 65576 0 38360 0 0 0 0 0 107416 0 0 0 0
 934 8 4 0 0 0 38864 0 0 0 0 0 0 38360 0 0 0 0
 945 8 5 0 0 0 0 0 0 0 0 0 0 0 0 0 0 0
 956 8 6 0 0 0 0 0 0 0 0 0 0 0 0 0 0 0
 967 8 7 0 0 0 0 0 0 0 0 0 0 0 0 0 0 0
 978 8 8 0 0 0 0 0 0 0 0 0 0 0 0 0 0 0
 989 8 9 0 0 0 0 0 0 0 0 0 0 0 0 0 0 0
 1000 9 0 0 68504 40 0 0 0 0 0 0 0 64576 0 0 0 0
 1011 9 1 64576 0 62048 24 0 0 0 0 0 0 126320 0 0 0 0
 1022 9 2 0 57800 0 67216 0 0 0 0 0 0 123800 0 0 0 0
 1033 9 3 0 16 61680 0 38080 0 0 0 0 0 100376 0 0 0 0
 1044 9 4 0 0 32 33136 0 0 0 0 0 0 38080 0 0 0 0
 1055 9 5 0 0 0 0 0 0 0 0 0 0 0 0 0 0 0
 1066 9 6 0 0 0 0 0 0 0 0 0 0 0 0 0 0 0
 1077 9 7 0 0 0 0 0 0 0 0 0 0 0 0 0 0 0
 1088 9 8 0 0 0 0 0 0 0 0 0 0 0 0 0 0 0
 1099 9 9 0 0 0 0 0 0 0 0 0 0 0 0 0 0 0
 1110 10 0 0 68696 16 0 0 0 0 0 0 0 19792 0 0 0 0
 1121 10 1 19784 0 76936 0 0 0 0 0 0 0 135072 0 0 0 0
 1132 10 2 8 66360 0 73360 0 0 0 0 0 0 148912 0 0 0 0
 1143 10 3 0 16 71960 0 39984 0 0 0 0 0 109584 0 0 0 0
 1154 10 4 0 0 0 36224 0 0 0 0 0 0 39984 0 0 0 0
 1165 10 5 0 0 0 0 0 0 0 0 0 0 0 0 0 0 0
 1176 10 6 0 0 0 0 0 0 0 0 0 0 0 0 0 0 0
 1187 10 7 0 0 0 0 0 0 0 0 0 0 0 0 0 0 0
 1198 10 8 0 0 0 0 0 0 0 0 0 0 0 0 0 0 0
 1209 10 9 0 0 0 0 0 0 0 0 0 0 0 0 0 0 0
 1220 11 0 0 0 48 0 0 0 0 0 0 0 67976 0 0 0 0
 1231 11 1 67976 0 72216 32 0 0 0 0 0 0 10384 0 0 0 0
 1242 11 2 0 10376 0 65440 8 0 0 0 0 0 134304 0 0 0 0
 1253 11 3 0 8 62040 0 39520 0 0 0 0 0 98808 0 0 0 0
 1264 11 4 0 0 0 33336 0 0 0 0 0 0 39528 0 0 0 0
 1275 11 5 0 0 0 0 0 0 0 0 0 0 0 0 0 0 0
 1286 11 6 0 0 0 0 0 0 0 0 0 0 0 0 0 0 0
 1297 11 7 0 0 0 0 0 0 0 0 0 0 0 0 0 0 0
 1308 11 8 0 0 0 0 0 0 0 0 0 0 0 0 0 0 0
 1319 11 9 0 0 0 0 0 0 0 0 0 0 0 0 0 0 0
 1330 12 0 0 67992 0 0 0 0 0 0 0 0 66192 0 0 0 0
 1341 12 1 66160 0 2008 0 0 0 0 0 0 0 130928 0 0 0 0
 1352 12 2 32 62928 0 65208 8 0 0 0 0 0 9960 0 0 0 0
 1363 12 3 0 8 7952 0 37560 0 0 0 0 0 100760 0 0 0 0
 1374 12 4 0 0 0 35552 0 0 0 0 0 0 37568 0 0 0 0
 1385 12 5 0 0 0 0 0 0 0 0 0 0 0 0 0 0 0
 1396 12 6 0 0 0 0 0 0 0 0 0 0 0 0 0 0 0
 1407 12 7 0 0 0 0 0 0 0 0 0 0 0 0 0 0 0
 1418 12 8 0 0 0 0 0 0 0 0 0 0 0 0 0 0 0
 1429 12 9 0 0 0 0 0 0 0 0 0 0 0 0 0 0 0
 1440 13 0 0 63008 16 0 0 0 0 0 0 0 69240 0 0 0 0
 1451 13 1 69200 0 66600 8 0 0 0 0 0 0 128368 0 0 0 0
 1462 13 2 40 65360 0 7512 0 0 0 0 0 0 126928 0 0 0 0
 1473 13 3 0 0 60304 0 36600 0 0 0 0 0 9056 0 0 0 0
 1484 13 4 0 0 8 1536 0 0 0 0 0 0 36600 0 0 0 0
 1495 13 5 0 0 0 0 0 0 0 0 0 0 0 0 0 0 0
 1506 13 6 0 0 0 0 0 0 0 0 0 0 0 0 0 0 0
 1517 13 7 0 0 0 0 0 0 0 0 0 0 0 0 0 0 0
 1528 13 8 0 0 0 0 0 0 0 0 0 0 0 0 0 0 0
 1539 13 9 0 0 0 0 0 0 0 0 0 0 0 0 0 0 0
 1550 14 0 0 72920 8 0 0 0 0 0 0 0 62600 0 0 0 0
 1561 14 1 62600 0 82256 16 0 0 0 0 0 0 144920 0 0 0 0
 1572 14 2 0 72000 0 60504 8 0 0 0 0 0 152320 0 0 0 0
 1583 14 3 0 0 70056 0 9392 0 0 0 0 0 95032 0 0 0 0
 1594 14 4 0 0 0 34512 0 0 0 0 0 0 9400 0 0 0 0
 1605 14 5 0 0 0 0 0 0 0 0 0 0 0 0 0 0 0
 1616 14 6 0 0 0 0 0 0 0 0 0 0 0 0 0 0 0
 1627 14 7 0 0 0 0 0 0 0 0 0 0 0 0 0 0 0
 1638 14 8 0 0 0 0 0 0 0 0 0 0 0 0 0 0 0
 1649 14 9 0 0 0 0 0 0 0 0 0 0 0 0 0 0 0
 1660 15 0 0 66632 0 0 0 0 0 0 0 0 67528 0 0 0 0
 1671 15 1 67512 0 71904 8 16 0 0 0 0 0 137832 0 0 0 0
 1682 15 2 16 71200 0 68328 16 0 0 0 0 0 134224 0 0 0 0
 1693 15 3 0 0 62320 0 35576 0 0 0 0 0 110416 0 0 0 0
 1704 15 4 0 0 0 42080 0 0 0 0 0 0 35608 0 0 0 0
 1715 15 5 0 0 0 0 0 0 0 0 0 0 0 0 0 0 0
 1726 15 6 0 0 0 0 0 0 0 0 0 0 0 0 0 0 0
 1737 15 7 0 0 0 0 0 0 0 0 0 0 0 0 0 0 0
 1748 15 8 0 0 0 0 0 0 0 0 0 0 0 0 0 0 0
 1759 15 9 0 0 0 0 0 0 0 0 0 0 0 0 0 0 0
 1770 16 0 0 66352 0 0 0 0 0 0 0 0 68832 0 0 0 0
 1781 16 1 68832 0 74168 0 0 0 0 0 0 0 124920 0 0 0 0
 1792 16 2 0 58568 0 66856 0 0 0 0 0 0 140888 0 0 0 0
 1803 16 3 0 0 66720 0 35496 0 0 0 0 0 106032 0 0 0 0
 1814 16 4 0 0 0 39176 0 0 0 0 0 0 35496 0 0 0 0
 1825 16 5 0 0 0 0 0 0 0 0 0 0 0 0 0 0 0
 1836 16 6 0 0 0 0 0 0 0 0 0 0 0 0 0 0 0
 1847 16 7 0 0 0 0 0 0 0 0 0 0 0 0 0 0 0
 1858 16 8 0 0 0 0 0 0 0 0 0 0 0 0 0 0 0
 1869 16 9 0 0 0 0 0 0 0 0 0 0 0 0 0 0 0
 1880 17 0 0 76912 8 0 0 0 0 0 0 0 66136 0 0 0 0
 1891 17 1 66120 0 69104 0 0 0 0 0 0 0 143848 0 0 0 0
 1902 17 2 8 66936 0 65936 8 0 0 0 0 0 129648 0 0 0 0
 1913 17 3 8 0 60528 0 40240 0 0 0 0 0 100304 0 0 0 0
 1924 17 4 0 0 8 34368 0 0 0 0 0 0 40248 0 0 0 0
 1935 17 5 0 0 0 0 0 0 0 0 0 0 0 0 0 0 0
 1946 17 6 0 0 0 0 0 0 0 0 0 0 0 0 0 0 0
 1957 17 7 0 0 0 0 0 0 0 0 0 0 0 0 0 0 0
 1968 17 8 0 0 0 0 0 0 0 0 0 0 0 0 0 0 0
 1979 17 9 0 0 0 0 0 0 0 0 0 0 0 0 0 0 0
 1990 18 0 0 70512 0 0 0 0 0 0 0 0 62840 0 0 0 0
 2001 18 1 62840 0 73000 40 8 0 0 0 0 0 137384 0 0 0 0
 2012 18 2 0 66872 0 69552 0 0 0 0 0 0 145576 0 0 0 0
 2023 18 3 0 0 72576 0 42840 0 0 0 0 0 103920 0 0 0 0
 2034 18 4 0 0 0 34328 0 0 0 0 0 0 42848 0 0 0 0
 2045 18 5 0 0 0 0 0 0 0 0 0 0 0 0 0 0 0
 2056 18 6 0 0 0 0 0 0 0 0 0 0 0 0 0 0 0
 2067 18 7 0 0 0 0 0 0 0 0 0 0 0 0 0 0 0
 2078 18 8 0 0 0 0 0 0 0 0 0 0 0 0 0 0 0
 2089 18 9 0 0 0 0 0 0 0 0 0 0 0 0 0 0 0
 2100 19 0 0 63584 8 0 0 0 0 0 0 0 65776 0 0 0 0
 2111 19 1 65760 0 64664 8 0 0 0 0 0 0 134440 0 0 0 0
 2122 19 2 16 70856 0 71128 0 0 0 0 0 0 130328 0 0 0 0
 2133 19 3 0 0 65632 0 41488 0 0 0 0 0 107088 0 0 0 0
 2144 19 4 0 0 24 35952 0 0 0 0 0 0 41488 0 0 0 0
 2155 19 5 0 0 0 0 0 0 0 0 0 0 0 0 0 0 0
 2166 19 6 0 0 0 0 0 0 0 0 0 0 0 0 0 0 0
 2177 19 7 0 0 0 0 0 0 0 0 0 0 0 0 0 0 0
 2188 19 8 0 0 0 0 0 0 0 0 0 0 0 0 0 0 0
 2199 19 9 0 0 0 0 0 0 0 0 0 0 0 0 0 0 0
 2210 20 0 0 65344 0 8 0 0 0 0 0 0 21512 0 0 0 0
 2221 20 1 21512 0 68840 0 0 0 0 0 0 0 129472 0 0 0 0
 2232 20 2 0 64112 0 67328 8 0 0 0 0 0 136000 0 0 0 0
 2243 20 3 0 16 67152 0 36912 0 0 0 0 0 108704 0 0 0 0
 2254 20 4 0 0 8 41368 0 0 0 0 0 0 36920 0 0 0 0
 2265 20 5 0 0 0 0 0 0 0 0 0 0 0 0 0 0 0
 2276 20 6 0 0 0 0 0 0 0 0 0 0 0 0 0 0 0
 2287 20 7 0 0 0 0 0 0 0 0 0 0 0 0 0 0 0
 2298 20 8 0 0 0 0 0 0 0 0 0 0 0 0 0 0 0
 2309 20 9 0 0 0 0 0 0 0 0 0 0 0 0 0 0 0
 2320 21 0 0 24 24 0 0 0 0 0 0 0 70832 0 0 0 0
 2331 21 1 70824 0 75664 24 0 0 0 0 0 0 8336 0 0 0 0
 2342 21 2 8 8312 0 64032 0 0 0 0 0 0 145456 0 0 0 0
 2353 21 3 0 0 69760 0 41280 0 0 0 0 0 101936 0 0 0 0
 2364 21 4 0 0 8 37880 0 0 0 0 0 0 41280 0 0 0 0
 2375 21 5 0 0 0 0 0 0 0 0 0 0 0 0 0 0 0
 2386 21 6 0 0 0 0 0 0 0 0 0 0 0 0 0 0 0
 2397 21 7 0 0 0 0 0 0 0 0 0 0 0 0 0 0 0
 2408 21 8 0 0 0 0 0 0 0 0 0 0 0 0 0 0 0
 2419 21 9 0 0 0 0 0 0 0 0 0 0 0 0 0 0 0
 2430 22 0 0 62128 0 0 0 0 0 0 0 0 67504 0 0 0 0
 2441 22 1 67504 0 1392 8 0 0 0 0 0 0 131440 0 0 0 0
 2452 22 2 0 69312 0 63752 0 0 0 0 0 0 10472 0 0 0 0
 2463 22 3 0 0 9080 0 35128 0 0 0 0 0 94176 0 0 0 0
 2474 22 4 0 0 0 30416 0 0 0 0 0 0 35128 0 0 0 0
 2485 22 5 0 0 0 0 0 0 0 0 0 0 0 0 0 0 0
 2496 22 6 0 0 0 0 0 0 0 0 0 0 0 0 0 0 0
 2507 22 7 0 0 0 0 0 0 0 0 0 0 0 0 0 0 0
 2518 22 8 0 0 0 0 0 0 0 0 0 0 0 0 0 0 0
 2529 22 9 0 0 0 0 0 0 0 0 0 0 0 0 0 0 0
 2540 23 0 0 76584 8 0 0 0 0 0 0 0 67816 0 0 0 0
 2551 23 1 67800 0 69152 0 8 0 0 0 0 0 147752 0 0 0 0
 2562 23 2 16 71136 0 7808 0 0 0 0 0 0 143896 0 0 0 0
 2573 23 3 0 32 74736 0 36808 0 0 0 0 0 9088 0 0 0 0
 2584 23 4 0 0 0 1280 0 0 0 0 0 0 36816 0 0 0 0
 2595 23 5 0 0 0 0 0 0 0 0 0 0 0 0 0 0 0
 2606 23 6 0 0 0 0 0 0 0 0 0 0 0 0 0 0 0
 2617 23 7 0 0 0 0 0 0 0 0 0 0 0 0 0 0 0
 2628 23 8 0 0 0 0 0 0 0 0 0 0 0 0 0 0 0
 2639 23 9 0 0 0 0 0 0 0 0 0 0 0 0 0 0 0
 2650 24 0 0 70360 16 0 0 0 0 0 0 0 71064 0 0 0 0
 2661 24 1 71064 0 71192 24 0 0 0 0 0 0 141552 0 0 0 0
 2672 24 2 0 71152 0 64192 0 0 0 0 0 0 144960 0 0 0 0
 2683 24 3 0 40 73744 0 5792 0 0 0 0 0 99576 0 0 0 0
 2694 24 4 0 0 8 35360 0 0 0 0 0 0 5792 0 0 0 0
 2705 24 5 0 0 0 0 0 0 0 0 0 0 0 0 0 0 0
 2716 24 6 0 0 0 0 0 0 0 0 0 0 0 0 0 0 0
 2727 24 7 0 0 0 0 0 0 0 0 0 0 0 0 0 0 0
 2738 24 8 0 0 0 0 0 0 0 0 0 0 0 0 0 0 0
 2749 24 9 0 0 0 0 0 0 0 0 0 0 0 0 0 0 0
 2760 25 0 0 71392 0 0 0 0 0 0 0 0 66568 0 0 0 0
 2771 25 1 66560 0 67360 8 0 0 0 0 0 0 136144 0 0 0 0
 2782 25 2 8 64712 0 66240 0 0 0 0 0 0 131632 0 0 0 0
 2793 25 3 0 40 64272 0 33416 0 0 0 0 0 105640 0 0 0 0
 2804 25 4 0 0 0 39392 0 0 0 0 0 0 33416 0 0 0 0
 2815 25 5 0 0 0 0 0 0 0 0 0 0 0 0 0 0 0
 2826 25 6 0 0 0 0 0 0 0 0 0 0 0 0 0 0 0
 2837 25 7 0 0 0 0 0 0 0 0 0 0 0 0 0 0 0
 2848 25 8 0 0 0 0 0 0 0 0 0 0 0 0 0 0 0
 2859 25 9 0 0 0 0 0 0 0 0 0 0 0 0 0 0 0
 2870 26 0 0 66904 0 0 0 0 0 0 0 0 71432 0 0 0 0
 2881 26 1 71424 0 62288 32 0 0 0 0 0 0 141072 0 0 0 0
 2892 26 2 8 74168 0 58104 8 0 0 0 0 0 124992 0 0 0 0
 2903 26 3 0 0 62704 0 36768 0 0 0 0 0 94496 0 0 0 0
 2914 26 4 0 0 0 36360 0 0 0 0 0 0 36776 0 0 0 0
 2925 26 5 0 0 0 0 0 0 0 0 0 0 0 0 0 0 0
 2936 26 6 0 0 0 0 0 0 0 0 0 0 0 0 0 0 0
 2947 26 7 0 0 0 0 0 0 0 0 0 0 0 0 0 0 0
 2958 26 8 0 0 0 0 0 0 0 0 0 0 0 0 0 0 0
 2969 26 9 0 0 0 0 0 0 0 0 0 0 0 0 0 0 0
 2980 27 0 0 71512 8 0 0 0 0 0 0 0 69240 0 0 0 0
 2991 27 1 69240 0 68752 24 0 0 0 0 0 0 142040 0 0 0 0
 3002 27 2 0 70528 0 66816 0 0 0 0 0 0 134720 0 0 0 0
 3013 27 3 0 0 65944 0 35384 0 0 0 0 0 101952 0 0 0 0
 3024 27 4 0 0 16 35112 0 0 0 0 0 0 35384 0 0 0 0
 3035 27 5 0 0 0 0 0 0 0 0 0 0 0 0 0 0 0
 3046 27 6 0 0 0 0 0 0 0 0 0 0 0 0 0 0 0
 3057 27 7 0 0 0 0 0 0 0 0 0 0 0 0 0 0 0
 3068 27 8 0 0 0 0 0 0 0 0 0 0 0 0 0 0 0
 3079 27 9 0 0 0 0 0 0 0 0 0 0 0 0 0 0 0
 3090 28 0 0 66632 0 0 0 0 0 0 0 0 66832 0 0 0 0
 3101 28 1 66832 0 68840 8 24 0 0 0 0 0 136272 0 0 0 0
 3112 28 2 0 69584 0 63344 8 0 0 0 0 0 139624 0 0 0 0
 3123 28 3 0 56 70784 0 36232 0 0 0 0 0 98304 0 0 0 0
 3134 28 4 0 0 0 34952 0 0 0 0 0 0 36264 0 0 0 0
 3145 28 5 0 0 0 0 0 0 0 0 0 0 0 0 0 0 0
 3156 28 6 0 0 0 0 0 0 0 0 0 0 0 0 0 0 0
 3167 28 7 0 0 0 0 0 0 0 0 0 0 0 0 0 0 0
 3178 28 8 0 0 0 0 0 0 0 0 0 0 0 0 0 0 0
 3189 28 9 0 0 0 0 0 0 0 0 0 0 0 0 0 0 0
 3200 29 0 0 67880 8 0 0 0 0 0 0 0 67312 0 0 0 0
 3211 29 1 67312 0 71480 8 0 0 0 0 0 0 131016 0 0 0 0
 3222 29 2 0 63128 0 75352 0 0 0 0 0 0 137304 0 0 0 0
 3233 29 3 0 8 65816 0 33600 0 0 0 0 0 108952 0 0 0 0
 3244 29 4 0 0 0 33592 0 0 0 0 0 0 33600 0 0 0 0
 3255 29 5 0 0 0 0 0 0 0 0 0 0 0 0 0 0 0
 3266 29 6 0 0 0 0 0 0 0 0 0 0 0 0 0 0 0
 3277 29 7 0 0 0 0 0 0 0 0 0 0 0 0 0 0 0
 3288 29 8 0 0 0 0 0 0 0 0 0 0 0 0 0 0 0
 3299 29 9 0 0 0 0 0 0 0 0 0 0 0 0 0 0 0
 3310 30 0 0 66600 24 0 0 0 0 0 0 0 19528 0 0 0 0
 3321 30 1 19528 0 66960 8 0 0 0 0 0 0 131840 0 0 0 0
 3332 30 2 0 65232 0 66120 0 0 0 0 0 0 127184 0 0 0 0
 3343 30 3 0 8 60200 0 34232 0 0 0 0 0 102736 0 0 0 0
 3354 30 4 0 0 0 36608 0 0 0 0 0 0 34232 0 0 0 0
 3365 30 5 0 0 0 0 0 0 0 0 0 0 0 0 0 0 0
 3376 30 6 0 0 0 0 0 0 0 0 0 0 0 0 0 0 0
 3387 30 7 0 0 0 0 0 0 0 0 0 0 0 0 0 0 0
 3398 30 8 0 0 0 0 0 0 0 0 0 0 0 0 0 0 0
 3409 30 9 0 0 0 0 0 0 0 0 0 0 0 0 0 0 0
 3420 31 0 0 40 8 0 0 0 0 0 0 0 66232 0 0 0 0
 3431 31 1 66224 0 70120 16 0 0 0 0 0 0 13144 0 0 0 0
 3442 31 2 8 13088 0 58056 0 0 0 0 0 0 129872 0 0 0 0
 3453 31 3 0 16 59720 0 34960 0 0 0 0 0 92304 0 0 0 0
 3464 31 4 0 0 24 34232 0 0 0 0 0 0 34960 0 0 0 0
 3475 31 5 0 0 0 0 0 0 0 0 0 0 0 0 0 0 0
 3486 31 6 0 0 0 0 0 0 0 0 0 0 0 0 0 0 0
 3497 31 7 0 0 0 0 0 0 0 0 0 0 0 0 0 0 0
 3508 31 8 0 0 0 0 0 0 0 0 0 0 0 0 0 0 0
 3519 31 9 0 0 0 0 0 0 0 0 0 0 0 0 0 0 0
 3530 32 0 0 65216 0 0 0 0 0 0 0 0 63000 0 0 0 0
 3541 32 1 62984 0 1392 16 0 0 0 0 0 0 131744 0 0 0 0
 3552 32 2 16 66496 0 68024 8 0 0 0 0 0 9184 0 0 0 0
 3563 32 3 0 32 7792 0 36864 0 0 0 0 0 103416 0 0 0 0
 3574 32 4 0 0 0 35376 0 0 0 0 0 0 36872 0 0 0 0
 3585 32 5 0 0 0 0 0 0 0 0 0 0 0 0 0 0 0
 3596 32 6 0 0 0 0 0 0 0 0 0 0 0 0 0 0 0
 3607 32 7 0 0 0 0 0 0 0 0 0 0 0 0 0 0 0
 3618 32 8 0 0 0 0 0 0 0 0 0 0 0 0 0 0 0
 3629 32 9 0 0 0 0 0 0 0 0 0 0 0 0 0 0 0
 3640 33 0 0 70728 0 0 0 0 0 0 0 0 65792 0 0 0 0
 3651 33 1 65752 0 63688 0 0 0 0 0 0 0 140688 0 0 0 0
 3662 33 2 40 69952 0 10208 0 0 0 0 0 0 126824 0 0 0 0
 3673 33 3 0 8 63136 0 30880 0 0 0 0 0 11744 0 0 0 0
 3684 33 4 0 0 0 1536 0 0 0 0 0 0 30880 0 0 0 0
 3695 33 5 0 0 0 0 0 0 0 0 0 0 0 0 0 0 0
 3706 33 6 0 0 0 0 0 0 0 0 0 0 0 0 0 0 0
 3717 33 7 0 0 0 0 0 0 0 0 0 0 0 0 0 0 0
 3728 33 8 0 0 0 0 0 0 0 0 0 0 0 0 0 0 0
 3739 33 9 0 0 0 0 0 0 0 0 0 0 0 0 0 0 0
 3750 34 0 0 63688 8 0 0 0 0 0 0 0 67552 0 0 0 0
 3761 34 1 67552 0 71008 32 0 0 0 0 0 0 139280 0 0 0 0
 3772 34 2 0 75584 0 71128 0 0 0 0 0 0 136088 0 0 0 0
 3783 34 3 0 8 65072 0 9984 0 0 0 0 0 114368 0 0 0 0
 3794 34 4 0 0 0 43208 0 0 0 0 0 0 9984 0 0 0 0
 3805 34 5 0 0 0 0 0 0 0 0 0 0 0 0 0 0 0
 3816 34 6 0 0 0 0 0 0 0 0 0 0 0 0 0 0 0
 3827 34 7 0 0 0 0 0 0 0 0 0 0 0 0 0 0 0
 3838 34 8 0 0 0 0 0 0 0 0 0 0 0 0 0 0 0
 3849 34 9 0 0 0 0 0 0 0 0 0 0 0 0 0 0 0
 3860 35 0 0 67456 8 0 0 0 0 0 0 0 72496 0 0 0 0
 3871 35 1 72488 0 59584 8 0 0 0 0 0 0 136760 0 0 0 0
 3882 35 2 8 69304 0 64848 16 0 0 0 0 0 127736 0 0 0 0
 3893 35 3 0 0 68144 0 36912 0 0 0 0 0 100408 0 0 0 0
 3904 35 4 0 0 0 35552 0 0 0 0 0 0 36928 0 0 0 0
 3915 35 5 0 0 0 0 0 0 0 0 0 0 0 0 0 0 0
 3926 35 6 0 0 0 0 0 0 0 0 0 0 0 0 0 0 0
 3937 35 7 0 0 0 0 0 0 0 0 0 0 0 0 0 0 0
 3948 35 8 0 0 0 0 0 0 0 0 0 0 0 0 0 0 0
 3959 35 9 0 0 0 0 0 0 0 0 0 0 0 0 0 0 0
 3970 36 0 0 72576 24 0 0 0 0 0 0 0 65832 0 0 0 0
 3981 36 1 65824 0 61408 8 0 0 0 0 0 0 136208 0 0 0 0
 3992 36 2 8 63584 0 66272 0 0 0 0 0 0 128072 0 0 0 0
 4003 36 3 0 48 66640 0 37200 0 0 0 0 0 103048 0 0 0 0
 4014 36 4 0 0 0 36768 0 0 0 0 0 0 37200 0 0 0 0
 4025 36 5 0 0 0 0 0 0 0 0 0 0 0 0 0 0 0
 4036 36 6 0 0 0 0 0 0 0 0 0 0 0 0 0 0 0
 4047 36 7 0 0 0 0 0 0 0 0 0 0 0 0 0 0 0
 4058 36 8 0 0 0 0 0 0 0 0 0 0 0 0 0 0 0
 4069 36 9 0 0 0 0 0 0 0 0 0 0 0 0 0 0 0
 4080 37 0 0 69472 0 0 0 0 0 0 0 0 64680 0 0 0 0
 4091 37 1 64656 0 61912 0 0 0 0 0 0 0 139560 0 0 0 0
 4102 37 2 24 70080 0 75088 0 0 0 0 0 0 130488 0 0 0 0
 4113 37 3 0 8 68568 0 36568 0 0 0 0 0 108392 0 0 0 0
 4124 37 4 0 0 8 33304 0 0 0 0 0 0 36568 0 0 0 0
 4135 37 5 0 0 0 0 0 0 0 0 0 0 0 0 0 0 0
 4146 37 6 0 0 0 0 0 0 0 0 0 0 0 0 0 0 0
 4157 37 7 0 0 0 0 0 0 0 0 0 0 0 0 0 0 0
 4168 37 8 0 0 0 0 0 0 0 0 0 0 0 0 0 0 0
 4179 37 9 0 0 0 0 0 0 0 0 0 0 0 0 0 0 0
 4190 38 0 0 70256 0 0 0 0 0 0 0 0 56640 0 0 0 0
 4201 38 1 56632 0 65192 8 0 0 0 0 0 0 139568 0 0 0 0
 4212 38 2 0 69296 0 65328 0 0 0 0 0 0 132560 0 0 0 0
 4223 38 3 8 16 67368 0 34680 0 0 0 0 0 100504 0 0 0 0
 4234 38 4 0 0 0 35168 0 0 0 0 0 0 34680 0 0 0 0
 4245 38 5 0 0 0 0 0 0 0 0 0 0 0 0 0 0 0
 4256 38 6 0 0 0 0 0 0 0 0 0 0 0 0 0 0 0
 4267 38 7 0 0 0 0 0 0 0 0 0 0 0 0 0 0 0
 4278 38 8 0 0 0 0 0 0 0 0 0 0 0 0 0 0 0
 4289 38 9 0 0 0 0 0 0 0 0 0 0 0 0 0 0 0
 4300 39 0 0 64240 8 0 0 0 0 0 0 0 68048 0 0 0 0
 4311 39 1 68048 0 75464 16 0 0 0 0 0 0 132320 0 0 0 0
 4322 39 2 0 68080 0 67432 0 0 0 0 0 0 143720 0 0 0 0
 4333 39 3 0 0 68240 0 39264 0 0 0 0 0 102672 0 0 0 0
 4344 39 4 0 0 8 35224 0 0 0 0 0 0 39264 0 0 0 0
 4355 39 5 0 0 0 0 0 0 0 0 0 0 0 0 0 0 0
 4366 39 6 0 0 0 0 0 0 0 0 0 0 0 0 0 0 0
 4377 39 7 0 0 0 0 0 0 0 0 0 0 0 0 0 0 0
 4388 39 8 0 0 0 0 0 0 0 0 0 0 0 0 0 0 0
 4399 39 9 0 0 0 0 0 0 0 0 0 0 0 0 0 0 0
 4410 40 0 0 63760 0 0 0 0 0 0 0 0 19272 0 0 0 0
 4421 40 1 19272 0 64848 0 0 0 0 0 0 0 134112 0 0 0 0
 4432 40 2 0 70352 0 56928 24 0 0 0 0 0 130736 0 0 0 0
 4443 40 3 0 0 65880 0 34216 0 0 0 0 0 92320 0 0 0 0
 4454 40 4 0 0 8 35392 0 0 0 0 0 0 34240 0 0 0 0
 4465 40 5 0 0 0 0 0 0 0 0 0 0 0 0 0 0 0
 4476 40 6 0 0 0 0 0 0 0 0 0 0 0 0 0 0 0
 4487 40 7 0 0 0 0 0 0 0 0 0 0 0 0 0 0 0
 4498 40 8 0 0 0 0 0 0 0 0 0 0 0 0 0 0 0
 4509 40 9 0 0 0 0 0 0 0 0 0 0 0 0 0 0 0
 4520 41 0 0 32 24 0 0 0 0 0 0 0 70464 0 0 0 0
 4531 41 1 70464 0 62200 8 0 0 0 0 0 0 7888 0 0 0 0
 4542 41 2 0 7856 0 64944 8 0 0 0 0 0 122760 0 0 0 0
 4553 41 3 0 0 60536 0 30512 0 0 0 0 0 100336 0 0 0 0
 4564 41 4 0 0 0 35384 0 0 0 0 0 0 30520 0 0 0 0
 4575 41 5 0 0 0 0 0 0 0 0 0 0 0 0 0 0 0
 4586 41 6 0 0 0 0 0 0 0 0 0 0 0 0 0 0 0
 4597 41 7 0 0 0 0 0 0 0 0 0 0 0 0 0 0 0
 4608 41 8 0 0 0 0 0 0 0 0 0 0 0 0 0 0 0
 4619 41 9 0 0 0 0 0 0 0 0 0 0 0 0 0 0 0
 4630 42 0 0 68920 0 0 0 0 0 0 0 0 65824 0 0 0 0
 4641 42 1 65808 0 904 0 0 0 0 0 0 0 135608 0 0 0 0
 4652 42 2 16 66680 0 65160 0 0 0 0 0 0 7384 0 0 0 0
 4663 42 3 0 8 6480 0 35056 0 0 0 0 0 97992 0 0 0 0
 4674 42 4 0 0 0 32832 0 0 0 0 0 0 35056 0 0 0 0
 4685 42 5 0 0 0 0 0 0 0 0 0 0 0 0 0 0 0
 4696 42 6 0 0 0 0 0 0 0 0 0 0 0 0 0 0 0
 4707 42 7 0 0 0 0 0 0 0 0 0 0 0 0 0 0 0
 4718 42 8 0 0 0 0 0 0 0 0 0 0 0 0 0 0 0
 4729 42 9 0 0 0 0 0 0 0 0 0 0 0 0 0 0 0
 4740 43 0 0 64712 16 0 0 0 0 0 0 0 67224 0 0 0 0
 4751 43 1 67216 0 69376 0 0 0 0 0 0 0 130048 0 0 0 0
 4762 43 2 0 65336 0 9304 0 0 0 0 0 0 137200 0 0 0 0
 4773 43 3 8 0 67808 0 34832 0 0 0 0 0 12648 0 0 0 0
 4784 43 4 0 0 0 3344 0 0 0 0 0 0 34832 0 0 0 0
 4795 43 5 0 0 0 0 0 0 0 0 0 0 0 0 0 0 0
 4806 43 6 0 0 0 0 0 0 0 0 0 0 0 0 0 0 0
 4817 43 7 0 0 0 0 0 0 0 0 0 0 0 0 0 0 0
 4828 43 8 0 0 0 0 0 0 0 0 0 0 0 0 0 0 0
 4839 43 9 0 0 0 0 0 0 0 0 0 0 0 0 0 0 0
 4850 44 0 0 65992 0 0 0 0 0 0 0 0 65280 0 0 0 0
 4861 44 1 65256 0 73768 24 0 0 0 0 0 0 132784 0 0 0 0
 4872 44 2 24 66776 0 62168 0 0 0 0 0 0 134984 0 0 0 0
 4883 44 3 0 16 61216 0 7912 0 0 0 0 0 100976 0 0 0 0
 4894 44 4 0 0 0 38784 0 0 0 0 0 0 7912 0 0 0 0
 4905 44 5 0 0 0 0 0 0 0 0 0 0 0 0 0 0 0
 4916 44 6 0 0 0 0 0 0 0 0 0 0 0 0 0 0 0
 4927 44 7 0 0 0 0 0 0 0 0 0 0 0 0 0 0 0
 4938 44 8 0 0 0 0 0 0 0 0 0 0 0 0 0 0 0
 4949 44 9 0 0 0 0 0 0 0 0 0 0 0 0 0 0 0
 4960 45 0 0 78568 24 0 0 0 0 0 0 0 64224 0 0 0 0
 4971 45 1 64216 0 66696 0 0 0 0 0 0 0 144480 0 0 0 0
 4982 45 2 8 65904 0 62752 0 0 0 0 0 0 137944 0 0 0 0
 4993 45 3 0 8 71224 0 35664 0 0 0 0 0 101968 0 0 0 0
 5004 45 4 0 0 0 39216 0 0 0 0 0 0 35664 0 0 0 0
 5015 45 5 0 0 0 0 0 0 0 0 0 0 0 0 0 0 0
 5026 45 6 0 0 0 0 0 0 0 0 0 0 0 0 0 0 0
 5037 45 7 0 0 0 0 0 0 0 0 0 0 0 0 0 0 0
 5048 45 8 0 0 0 0 0 0 0 0 0 0 0 0 0 0 0
 5059 45 9 0 0 0 0 0 0 0 0 0 0 0 0 0 0 0
 5070 46 0 0 70752 40 0 0 0 0 0 0 0 67224 0 0 0 0
 5081 46 1 67208 0 67384 24 0 0 0 0 0 0 132280 0 0 0 0
 5092 46 2 16 61520 0 66240 0 0 0 0 0 0 136488 0 0 0 0
 5103 46 3 0 8 69056 0 35824 0 0 0 0 0 103456 0 0 0 0
 5114 46 4 0 0 8 37192 0 0 0 0 0 0 35824 0 0 0 0
 5125 46 5 0 0 0 0 0 0 0 0 0 0 0 0 0 0 0
 5136 46 6 0 0 0 0 0 0 0 0 0 0 0 0 0 0 0
 5147 46 7 0 0 0 0 0 0 0 0 0 0 0 0 0 0 0
 5158 46 8 0 0 0 0 0 0 0 0 0 0 0 0 0 0 0
 5169 46 9 0 0 0 0 0 0 0 0 0 0 0 0 0 0 0
 5180 47 0 0 65792 32 0 0 0 0 0 0 0 64512 0 0 0 0
 5191 47 1 64512 0 68968 16 0 0 0 0 0 0 139440 0 0 0 0
 5202 47 2 0 73640 0 63384 0 0 0 0 0 0 133448 0 0 0 0
 5213 47 3 0 8 64448 0 38768 0 0 0 0 0 97216 0 0 0 0
 5224 47 4 0 0 0 33816 0 0 0 0 0 0 38768 0 0 0 0
 5235 47 5 0 0 0 0 0 0 0 0 0 0 0 0 0 0 0
 5246 47 6 0 0 0 0 0 0 0 0 0 0 0 0 0 0 0
 5257 47 7 0 0 0 0 0 0 0 0 0 0 0 0 0 0 0
 5268 47 8 0 0 0 0 0 0 0 0 0 0 0 0 0 0 0
 5279 47 9 0 0 0 0 0 0 0 0 0 0 0 0 0 0 0
 5290 48 0 0 69576 24 0 0 0 0 0 0 0 70072 0 0 0 0
 5301 48 1 70064 0 68912 16 0 0 0 0 0 0 135096 0 0 0 0
 5312 48 2 8 65512 0 75480 0 0 0 0 0 0 138608 0 0 0 0
 5323 48 3 0 8 69672 0 36656 0 0 0 0 0 112456 0 0 0 0
 5334 48 4 0 0 0 36960 0 0 0 0 0 0 36656 0 0 0 0
 5345 48 5 0 0 0 0 0 0 0 0 0 0 0 0 0 0 0
 5356 48 6 0 0 0 0 0 0 0 0 0 0 0 0 0 0 0
 5367 48 7 0 0 0 0 0 0 0 0 0 0 0 0 0 0 0
 5378 48 8 0 0 0 0 0 0 0 0 0 0 0 0 0 0 0
 5389 48 9 0 0 0 0 0 0 0 0 0 0 0 0 0 0 0
 5400 49 0 0 65784 8 0 0 0 0 0 0 0 65592 0 0 0 0
 5411 49 1 65592 0 71672 0 0 0 0 0 0 0 136168 0 0 0 0
 5422 49 2 0 70384 0 70496 16 0 0 0 0 0 141104 0 0 0 0
 5433 49 3 0 0 69408 0 43544 0 0 0 0 0 110848 0 0 0 0
 5444 49 4 0 0 16 40352 0 0 0 0 0 0 43560 0 0 0 0
 5455 49 5 0 0 0 0 0 0 0 0 0 0 0 0 0 0 0
 5466 49 6 0 0 0 0 0 0 0 0 0 0 0 0 0 0 0
 5477 49 7 0 0 0 0 0 0 0 0 0 0 0 0 0 0 0
 5488 49 8 0 0 0 0 0 0 0 0 0 0 0 0 0 0 0
 5499 49 9 0 0 0 0 0 0 0 0 0 0 0 0 0 0 0
 5510 50 0 0 70904 0 0 0 0 0 0 0 0 70912 0 0 0 0
 5521 50 1 70896 0 69008 24 0 0 0 0 0 0 142272 0 0 0 0
 5532 50 2 8 71352 0 65696 0 0 0 0 0 0 130192 0 0 0 0
 5543 50 3 8 16 61144 0 38144 0 0 0 0 0 99760 0 0 0 0
 5554 50 4 0 0 40 34040 0 0 0 0 0 0 38144 0 0 0 0
 5565 50 5 0 0 0 0 0 0 0 0 0 0 0 0 0 0 0
 5576 50 6 0 0 0 0 0 0 0 0 0 0 0 0 0 0 0
 5587 50 7 0 0 0 0 0 0 0 0 0 0 0 0 0 0 0
 5598 50 8 0 0 0 0 0 0 0 0 0 0 0 0 0 0 0
 5609 50 9 0 0 0 0 0 0 0 0 0 0 0 0 0 0 0