# Format <LP ID> <Terminal ID> <Job ID> <Local Rank> <Total sends> <Total Recvs> <Bytes sent> <Bytes recvd> <Send time> <Comm. time> <Compute time> <Avg msg time> <Max Msg Time>
 0 0 0 0 478 478 379712 374336 6993135.557766 14744291.050215 816695890.000000 0.000000 0.000000
 1 1 0 1 832 832 502384 506272 55763097.415669 64456344.583558 767042391.000000 0.000000 0.000000
 2 2 0 2 566 566 503792 501008 66429197.885714 72643743.598274 758872619.000000 0.000000 0.000000
 3 3 0 3 840 840 510816 505344 285468850.416486 157131345.707637 674363699.000000 0.000000 0.000000
 4 4 0 4 464 464 506304 496032 34538008.589124 66786891.619466 764652252.000000 0.000000 0.000000
 11 5 0 5 386 386 376528 373792 10368261.310850 66319937.884766 765071214.000000 0.000000 0.000000
 12 6 0 6 654 654 509232 503040 200863969.164990 117440773.026283 714060173.000000 0.000000 0.000000
 13 7 0 7 790 790 629648 623648 117737676.338350 70376514.526525 761131215.000000 0.000000 0.000000
 14 8 0 8 1194 1194 641632 640528 29748414.536384 68309205.363208 763194045.000000 0.000000 0.000000
 15 9 0 9 1010 1010 628592 629120 13788087.041851 66533857.241334 764960474.000000 0.000000 0.000000
 22 10 0 10 956 956 630464 627536 5446728.059536 59727273.417775 771801106.000000 0.000000 0.000000
 23 11 0 11 528 528 502080 502656 115686523.099527 117957387.214043 713495802.000000 0.000000 0.000000
 24 12 0 12 1026 1026 507040 511216 178881475.105858 74331015.526852 758145711.000000 0.000000 0.000000
 25 13 0 13 1004 1004 633712 637312 215742335.382364 118596090.587966 712912094.000000 0.000000 0.000000
 26 14 0 14 1066 1066 637216 633856 9412490.851702 63720595.345819 767783111.000000 0.000000 0.000000
 33 15 0 15 1042 1042 635520 632544 188572689.955453 117068305.346538 714392356.000000 0.000000 0.000000
 34 16 0 16 978 978 631728 633312 6271116.191791 60840189.964933 770608169.000000 0.000000 0.000000
 35 17 0 17 628 628 509008 502912 240416506.309882 159136098.251699 672336136.000000 0.000000 0.000000
 36 18 0 18 756 756 510544 505744 84331191.428214 62915055.436427 768560535.000000 0.000000 0.000000
 37 19 0 19 1224 1224 637680 635664 256804005.645760 118051349.759588 713454762.000000 0.000000 0.000000
 44 20 0 20 1058 1058 637728 632304 86444579.713643 60241958.528928 771238388.000000 0.000000 0.000000
 45 21 0 21 708 708 633792 628800 334991592.780171 158614501.210463 672831064.000000 0.000000 0.000000
 46 22 0 22 1132 1132 633472 636928 61348928.889807 74172501.728349 757269167.000000 0.000000 0.000000
 47 23 0 23 740 740 503136 503376 10190289.137017 65321560.778498 766109427.000000 0.000000 0.000000
 48 24 0 24 664 664 502160 501872 54825269.038839 36422653.660615 795023928.000000 0.000000 0.000000
 55 25 0 25 674 674 633744 636432 102977745.782771 125603304.548034 705883225.000000 0.000000 0.000000
 56 26 0 26 1028 1028 634352 630848 155854344.585155 118004480.801035 713451020.000000 0.000000 0.000000
 57 27 0 27 1236 1236 639520 637600 14694098.285047 50437266.549246 780946680.000000 0.000000 0.000000
 58 28 0 28 878 878 636640 630160 170578692.034356 123457215.452442 707976179.000000 0.000000 0.000000
 59 29 0 29 690 690 509184 505872 330704093.375812 227454370.102440 603902049.000000 0.000000 0.000000
 66 30 0 30 646 646 382720 379504 44140698.690564 72037426.586849 759209355.000000 0.000000 0.000000
 67 31 0 31 768 768 502352 507968 301547416.242703 158663116.091968 672645071.000000 0.000000 0.000000
 68 32 0 32 670 670 502448 501248 81086916.791754 121651507.341141 709736060.000000 0.000000 0.000000
 69 33 0 33 794 794 508528 506320 444164858.971421 226839855.645940 604497546.000000 0.000000 0.000000
 70 34 0 34 676 676 505280 507824 55751875.619783 73987977.808020 757365393.000000 0.000000 0.000000
 77 35 0 35 516 516 376432 378304 125791831.187577 184824174.828403 647057523.000000 0.000000 0.000000
 78 36 0 36 650 650 506832 500784 498418611.169924 223592020.865194 607997547.000000 0.000000 0.000000
 79 37 0 37 1008 1008 624176 633488 103157548.617160 74996872.158339 756644398.000000 0.000000 0.000000
 80 38 0 38 886 886 634528 627184 487758129.836210 186368886.724120 646090548.000000 0.000000 0.000000
 81 39 0 39 726 726 627344 625760 421633542.258348 180391822.109306 651129057.000000 0.000000 0.000000
 88 40 0 40 1080 1080 633088 627424 135696241.102754 114453868.465191 717076821.000000 0.000000 0.000000
 89 41 0 41 804 804 508528 507328 388929235.277133 225567233.262952 605888360.000000 0.000000 0.000000
 90 42 0 42 996 996 631104 633792 395643067.309365 159164549.446496 673316533.000000 0.000000 0.000000
 91 43 0 43 1044 1044 757920 762576 329623854.521654 123890799.007717 707812452.000000 0.000000 0.000000
 92 44 0 44 1010 1010 763248 761664 31433923.584888 72669586.541644 758853698.000000 0.000000 0.000000
 99 45 0 45 1952 1952 772496 774320 497979995.999614 223621805.080382 608106236.000000 0.000000 0.000000
 100 46 0 46 998 998 754928 759008 254369706.933862 178996404.714349 652706295.000000 0.000000 0.000000
 101 47 0 47 1016 1016 634240 635488 220262431.840619 159912750.921569 672233209.000000 0.000000 0.000000
 102 48 0 48 858 858 633072 629184 61524915.808606 61282531.328384 771205243.000000 0.000000 0.000000
 103 49 0 49 1852 1852 770576 771728 799687511.039448 239383126.519842 593100174.000000 0.000000 0.000000
 110 50 0 50 1036 1036 756224 760544 469919948.482076 231489742.997023 600243037.000000 0.000000 0.000000
 111 51 0 51 1096 1096 759184 767632 459385145.229572 242193147.608883 589437937.000000 0.000000 0.000000
 112 52 0 52 1508 1508 764976 769008 298825778.412765 227348523.068808 604362413.000000 0.000000 0.000000
 113 53 0 53 704 704 623760 625344 485183175.134701 182458371.981002 649109675.000000 0.000000 0.000000
 114 54 0 54 708 708 631088 630992 11945388.941106 14045386.169287 818440668.000000 0.000000 0.000000
 121 55 0 55 1344 1344 765184 764800 33857813.856547 35110930.494911 796594149.000000 0.000000 0.000000
 122 56 0 56 1614 1614 762800 774128 308108392.527056 183043550.402847 648604208.000000 0.000000 0.000000
 123 57 0 57 1642 1642 774336 767760 609133972.570619 184380241.889619 647085551.000000 0.000000 0.000000
 124 58 0 58 1346 1346 758496 760512 368250517.161421 243329806.455184 588195262.000000 0.000000 0.000000
 125 59 0 59 1214 1214 640496 637136 124587594.642079 180049762.966754 651468909.000000 0.000000 0.000000
 132 60 0 60 926 926 635488 636784 502905518.722139 237125592.963331 594362798.000000 0.000000 0.000000
 133 61 0 61 954 954 760448 760688 490253852.769990 235600930.997229 595896548.000000 0.000000 0.000000
 134 62 0 62 1460 1460 760976 761840 587746267.591588 236734762.426938 594755941.000000 0.000000 0.000000
 135 63 0 63 1066 1066 761504 762656 458253012.304233 235643586.695218 595813770.000000 0.000000 0.000000
 136 64 0 64 1752 1752 771520 770080 518534741.201413 226050809.596478 605386612.000000 0.000000 0.000000
 143 65 0 65 1130 1130 629584 637984 342131313.573005 242948680.031882 588934979.000000 0.000000 0.000000
 144 66 0 66 718 718 503712 504912 361064169.442697 229871065.423205 601548077.000000 0.000000 0.000000
 145 67 0 67 670 670 625856 634496 395959947.659965 234290451.079212 597204964.000000 0.000000 0.000000
 146 68 0 68 1562 1562 647200 639568 19669632.941744 45075281.853324 786384479.000000 0.000000 0.000000
 147 69 0 69 780 780 627696 630960 338399023.325756 228513733.680366 602841595.000000 0.000000 0.000000
 154 70 0 70 884 884 632112 631392 294438797.058974 242189649.269659 589696219.000000 0.000000 0.000000
 155 71 0 71 704 704 503200 503872 247437092.269905 226809652.459514 605078384.000000 0.000000 0.000000
 156 72 0 72 848 848 512208 506160 268357718.832756 157256290.688871 674390039.000000 0.000000 0.000000
 157 73 0 73 1212 1212 630768 630672 11766972.156030 28421267.871097 804040071.000000 0.000000 0.000000
 158 74 0 74 1194 1194 637120 634864 355006431.907516 151836620.340087 680632112.000000 0.000000 0.000000
 165 75 0 75 682 682 631424 621872 142745839.901295 161852031.303000 670611911.000000 0.000000 0.000000
 166 76 0 76 944 944 628368 629616 22420207.468022 43153129.682811 788551505.000000 0.000000 0.000000
 167 77 0 77 602 602 504448 501568 379176589.478190 233887354.773542 598260518.000000 0.000000 0.000000
 168 78 0 78 942 942 634640 632528 58557829.418791 50255974.534851 781769533.000000 0.000000 0.000000
 169 79 0 79 968 968 758752 756064 902648427.836874 227551107.907213 604163049.000000 0.000000 0.000000
 176 80 0 80 1024 1024 757440 759024 83717319.806383 55754755.086493 776711502.000000 0.000000 0.000000
 177 81 0 81 1454 1454 762912 764400 195675621.791830 181607060.828140 650131936.000000 0.000000 0.000000
 178 82 0 82 1544 1544 769936 772144 450735024.083727 224706356.363585 607443728.000000 0.000000 0.000000
 179 83 0 83 1078 1078 633808 634048 652020241.676839 230479229.978448 601675330.000000 0.000000 0.000000
 180 84 0 84 1054 1054 632272 636880 406345965.815395 189509953.502557 642978458.000000 0.000000 0.000000
 187 85 0 85 1702 1702 763456 764992 422747872.908975 117278411.030328 714458894.000000 0.000000 0.000000
 188 86 0 86 1096 1096 769744 758848 387832211.778592 224201293.486968 607542806.000000 0.000000 0.000000
 189 87 0 87 1548 1548 765776 767888 909205878.341319 227305846.158026 604435671.000000 0.000000 0.000000
 190 88 0 88 1014 1014 752480 756128 190405849.068884 220396143.038296 611326093.000000 0.000000 0.000000
 191 89 0 89 1390 1390 643456 643168 309919297.607771 241101886.100900 591050605.000000 0.000000 0.000000
 198 90 0 90 1628 1628 639792 643248 189027558.152675 185558872.235136 646148561.000000 0.000000 0.000000
 199 91 0 91 1666 1666 772480 776464 578225500.835178 228037027.355160 603679498.000000 0.000000 0.000000
 200 92 0 92 1722 1722 764720 766832 158613693.391985 176609874.868414 655132148.000000 0.000000 0.000000
 201 93 0 93 1458 1458 764800 769120 189774109.488634 189576924.922943 642073414.000000 0.000000 0.000000
 202 94 0 94 1538 1538 762832 763408 562432310.093383 239417892.409622 592299966.000000 0.000000 0.000000
 209 95 0 95 740 740 628560 629424 358584992.983092 231931137.423394 599639680.000000 0.000000 0.000000
 210 96 0 96 992 992 636784 632080 476490379.150386 177583323.319615 653838124.000000 0.000000 0.000000
 211 97 0 97 1456 1456 759536 767456 163912031.110781 116889282.923754 714825174.000000 0.000000 0.000000
 212 98 0 98 1050 1050 757648 756352 5398852.441410 37372941.184668 794279802.000000 0.000000 0.000000
 213 99 0 99 1584 1584 773504 767936 23149937.447880 50008468.315352 781391453.000000 0.000000 0.000000
 220 100 0 100 1012 1012 752656 757504 105864091.473820 126785683.128995 704744694.000000 0.000000 0.000000
 221 101 0 101 1028 1028 637200 636000 70374493.355333 118637815.517848 712886368.000000 0.000000 0.000000
 222 102 0 102 822 822 504432 505200 96058175.030752 163850296.017070 667511375.000000 0.000000 0.000000
 223 103 0 103 724 724 630896 630752 293219233.956338 120375404.085547 711045200.000000 0.000000 0.000000
 224 104 0 104 1170 1170 635392 630928 379136551.520625 163923154.267461 667463315.000000 0.000000 0.000000
 231 105 0 105 1080 1080 627600 634848 58861711.592351 72560053.028645 758838194.000000 0.000000 0.000000
 232 106 0 106 1034 1034 628688 630656 280815259.492284 181369341.439556 650005248.000000 0.000000 0.000000
 233 107 0 107 736 736 504896 505472 63139228.205906 124692218.731435 707196409.000000 0.000000 0.000000
 234 108 0 108 748 748 505968 506112 289132458.084539 226763849.781985 605263629.000000 0.000000 0.000000
 235 109 0 109 1266 1266 640096 637120 469937224.957686 224155179.153073 607495798.000000 0.000000 0.000000
 242 110 0 110 882 882 626944 630880 85723974.249960 59724995.287791 772744375.000000 0.000000 0.000000
 243 111 0 111 884 884 630400 625072 459728045.142900 230429275.601952 601125781.000000 0.000000 0.000000
 244 112 0 112 1132 1132 637584 634800 202804379.179588 117532649.187359 713952281.000000 0.000000 0.000000
 245 113 0 113 496 496 503952 498384 29764829.265652 51959378.135772 779481022.000000 0.000000 0.000000
 246 114 0 114 668 668 625664 621584 341030969.627050 220996713.031157 611037454.000000 0.000000 0.000000
 253 115 0 115 1482 1482 762320 770384 369430232.291537 125769047.200423 706682779.000000 0.000000 0.000000
 254 116 0 116 1732 1732 776432 773456 322568380.172085 171432844.528078 661025762.000000 0.000000 0.000000
 255 117 0 117 2020 2020 764192 770144 290828712.714021 179496157.460770 652957976.000000 0.000000 0.000000
 256 118 0 118 1038 1038 756176 758672 61437189.625258 78468234.821587 753241457.000000 0.000000 0.000000
 257 119 0 119 854 854 633344 631952 404229019.052349 185686003.411164 646469194.000000 0.000000 0.000000
 264 120 0 120 1318 1318 641840 636224 494985462.388422 183532665.169719 648499433.000000 0.000000 0.000000
 265 121 0 121 1494 1494 762304 756544 461177809.137405 237826695.391273 593871454.000000 0.000000 0.000000
 266 122 0 122 1114 1114 760736 755984 629345669.617813 188068789.672655 644387748.000000 0.000000 0.000000
 267 123 0 123 1504 1504 760528 758992 162811305.630849 187050263.215779 644587222.000000 0.000000 0.000000
 268 124 0 124 1284 1284 761312 759584 11660291.722256 41687076.475753 790035750.000000 0.000000 0.000000
 275 125 0 125 962 962 636848 631280 22083261.275382 56265666.682210 775307858.000000 0.000000 0.000000
 276 126 0 126 772 772 632336 628784 749137910.009219 242441471.321267 589054438.000000 0.000000 0.000000
 277 127 0 127 1444 1444 766352 761504 264560675.088110 239936726.512208 591780388.000000 0.000000 0.000000
 278 128 0 128 1086 1086 754992 754464 342671648.981950 242192023.395278 589463426.000000 0.000000 0.000000
 279 129 0 129 1474 1474 763632 759936 1018449157.503605 239240485.313593 592297471.000000 0.000000 0.000000
 286 130 0 130 1666 1666 765712 766912 208514700.806525 231787240.515964 599745434.000000 0.000000 0.000000
 287 131 0 131 1270 1270 636032 633968 213062269.399261 229136151.680004 602390332.000000 0.000000 0.000000
 288 132 0 132 1168 1168 634896 636192 428915759.679932 228092765.588829 603346439.000000 0.000000 0.000000
 289 133 0 133 1854 1854 761120 771488 68454208.649793 54503939.916949 776995561.000000 0.000000 0.000000
 290 134 0 134 1530 1530 769872 767184 22337302.137987 43526628.567099 787986704.000000 0.000000 0.000000
 297 135 0 135 1688 1688 763888 770032 418196095.289134 180537554.616324 650966543.000000 0.000000 0.000000
 298 136 0 136 1006 1006 760800 759840 624769453.438736 234911694.439984 596597563.000000 0.000000 0.000000
 299 137 0 137 1182 1182 634784 635504 176891269.660950 225224212.818208 606212316.000000 0.000000 0.000000
 300 138 0 138 774 774 507168 509328 502569112.313959 238664294.601193 592713543.000000 0.000000 0.000000
 301 139 0 139 1064 1064 636640 635920 478398455.604628 231031316.193989 600411601.000000 0.000000 0.000000
 308 140 0 140 676 676 622560 624000 315933368.990188 229392985.155500 602050026.000000 0.000000 0.000000
 309 141 0 141 1082 1082 628464 633840 451213862.436348 241626426.077041 589812591.000000 0.000000 0.000000
 310 142 0 142 958 958 630512 629792 518323158.510202 235317034.206510 596116442.000000 0.000000 0.000000
 311 143 0 143 544 544 503920 504304 163251839.406675 241906207.216995 589481718.000000 0.000000 0.000000
 312 144 0 144 942 942 510096 503760 13989733.358238 47949748.329979 783548375.000000 0.000000 0.000000
 319 145 0 145 754 754 622736 619376 286095116.139954 239934459.195642 591829365.000000 0.000000 0.000000
 320 146 0 146 1178 1178 634096 629584 241459337.831490 227716448.525116 603890369.000000 0.000000 0.000000
 321 147 0 147 682 682 628752 626448 308386806.085314 238503147.830802 593112403.000000 0.000000 0.000000
 322 148 0 148 930 930 627856 633328 418670049.783916 235257633.500286 596289517.000000 0.000000 0.000000
 323 149 0 149 748 748 505344 501600 253719246.615951 227449934.175439 604039512.000000 0.000000 0.000000
 330 150 0 150 904 904 632336 626816 288454919.846921 239527210.702413 592507592.000000 0.000000 0.000000
 331 151 0 151 1574 1574 765968 773168 475909823.408149 240979332.788612 590793095.000000 0.000000 0.000000
 332 152 0 152 1064 1064 754272 764784 349184063.750931 239661778.370357 592797465.000000 0.000000 0.000000
 333 153 0 153 1022 1022 759280 756832 7808783.349818 54395052.831323 777229183.000000 0.000000 0.000000
 334 154 0 154 1392 1392 762240 769488 427654920.228840 237470102.079697 594149660.000000 0.000000 0.000000
 341 155 0 155 732 732 634656 634608 659171341.507344 229586724.971839 601962336.000000 0.000000 0.000000
 342 156 0 156 1096 1096 634208 637280 301051235.071040 239089239.455569 592446573.000000 0.000000 0.000000
 343 157 0 157 1082 1082 768768 762288 250922697.204642 238701234.131548 593069125.000000 0.000000 0.000000
 344 158 0 158 1540 1540 765264 764496 697541410.126460 236253476.162997 595390790.000000 0.000000 0.000000
 345 159 0 159 1070 1070 763200 758112 344983826.276746 244319174.852763 587318306.000000 0.000000 0.000000
 352 160 0 160 1070 1070 762960 761328 202681638.222281 232578320.160884 598975361.000000 0.000000 0.000000
 353 161 0 161 1002 1002 632368 633280 350720165.587820 234646393.008108 596894113.000000 0.000000 0.000000
 354 162 0 162 736 736 629648 627632 266873818.210161 226394262.964723 605129250.000000 0.000000 0.000000
 355 163 0 163 972 972 751936 758272 755755645.929021 234085190.914422 597453030.000000 0.000000 0.000000
 356 164 0 164 1762 1762 769920 774192 372532312.779884 240582753.019178 591059447.000000 0.000000 0.000000
 363 165 0 165 1684 1684 764032 766672 325545558.445404 233549700.073984 597993650.000000 0.000000 0.000000
 364 166 0 166 1410 1410 760896 762960 518807527.337616 239123742.648926 592421474.000000 0.000000 0.000000
 365 167 0 167 948 948 629584 631648 260564661.157735 236649744.998030 594846172.000000 0.000000 0.000000
 366 168 0 168 954 954 636928 635248 6494595.391016 28958163.323524 802504146.000000 0.000000 0.000000
 367 169 0 169 1270 1270 764064 762480 734108699.017526 223635722.564440 607848660.000000 0.000000 0.000000
 374 170 0 170 1506 1506 759744 761376 25149529.651873 44573159.827213 786953171.000000 0.000000 0.000000
 375 171 0 171 980 980 753952 755872 6425313.153293 38056407.985250 793469188.000000 0.000000 0.000000
 376 172 0 172 1702 1702 767456 772976 100747217.676738 121026476.849062 710474154.000000 0.000000 0.000000
 377 173 0 173 846 846 628224 633456 243470443.421902 236475036.380906 594977703.000000 0.000000 0.000000
 378 174 0 174 644 644 504432 504480 451536146.365988 239666071.545600 591771534.000000 0.000000 0.000000
 385 175 0 175 898 898 629008 630592 173195146.707306 77633463.033814 753831248.000000 0.000000 0.000000
 386 176 0 176 1394 1394 646064 640832 395854067.089299 182054659.254790 649868608.000000 0.000000 0.000000
 387 177 0 177 1448 1448 639376 642640 150598517.088539 179544972.023455 651926151.000000 0.000000 0.000000
 388 178 0 178 1090 1090 632064 636576 250142704.070100 184422785.124732 647025429.000000 0.000000 0.000000
 389 179 0 179 964 964 511216 509680 237654035.991381 227073998.661679 604859591.000000 0.000000 0.000000
 396 180 0 180 654 654 386480 380576 305269215.508090 235895918.980265 595556320.000000 0.000000 0.000000
 397 181 0 181 654 654 503696 504848 407930475.249384 183004589.777259 648476104.000000 0.000000 0.000000
 398 182 0 182 734 734 505232 506288 162102584.847506 188517570.860247 643060515.000000 0.000000 0.000000
 399 183 0 183 1032 1032 513760 510208 217640057.970931 161160454.317757 670314894.000000 0.000000 0.000000
 400 184 0 184 778 778 507072 502992 188609093.834917 231440261.924862 600051984.000000 0.000000 0.000000
 407 185 0 185 726 726 379568 380288 155477064.348402 161506602.356718 669876580.000000 0.000000 0.000000
 408 186 0 186 784 784 508000 504880 148009628.346833 182718180.631496 648781901.000000 0.000000 0.000000
 409 187 0 187 1380 1380 636608 637856 408965208.025432 233213395.277583 598559271.000000 0.000000 0.000000
 410 188 0 188 690 690 625216 626992 390507749.273275 162771899.912697 668844185.000000 0.000000 0.000000
 411 189 0 189 682 682 624640 625600 321799157.704206 231003992.552099 600620482.000000 0.000000 0.000000
 418 190 0 190 1206 1206 640240 635248 633551716.721365 228447558.767989 603103811.000000 0.000000 0.000000
 419 191 0 191 728 728 501328 505264 184132437.843685 229833613.828798 601626445.000000 0.000000 0.000000
 420 192 0 192 722 722 504384 505824 6370654.372515 40212372.299307 791313461.000000 0.000000 0.000000
 421 193 0 193 1064 1064 630992 636752 40054943.998362 74236308.213569 757304220.000000 0.000000 0.000000
 422 194 0 194 972 972 633456 631440 364844804.151476 227921875.014261 603722631.000000 0.000000 0.000000
 429 195 0 195 1156 1156 639328 635680 331872595.627514 228738946.977685 602806714.000000 0.000000 0.000000
 430 196 0 196 788 788 623344 629008 237307229.142840 237490534.046638 594057012.000000 0.000000 0.000000
 431 197 0 197 884 884 509120 511712 72024942.214485 121735965.794157 709675798.000000 0.000000 0.000000
 432 198 0 198 950 950 506496 506832 195230470.520224 164851333.345180 666599174.000000 0.000000 0.000000
 433 199 0 199 1086 1086 637728 640224 202162441.114610 161434158.188278 670052538.000000 0.000000 0.000000
 440 200 0 200 1188 1188 639888 638736 292380247.691136 120898128.324025 710630907.000000 0.000000 0.000000
 441 201 0 201 1102 1102 635808 634752 128110757.483180 120541181.126279 710987086.000000 0.000000 0.000000
 442 202 0 202 1612 1612 640704 639600 416055928.318773 226784207.135275 604719130.000000 0.000000 0.000000
 443 203 0 203 694 694 506704 504256 5904733.178013 119756026.831842 711680562.000000 0.000000 0.000000
 444 204 0 204 934 934 504896 508400 98820749.489975 124177961.128381 707237879.000000 0.000000 0.000000
 451 205 0 205 896 896 633104 633152 484464667.559608 187467108.066013 644000311.000000 0.000000 0.000000
 452 206 0 206 1174 1174 626864 633632 457731357.934508 183311555.954858 648613665.000000 0.000000 0.000000
 453 207 0 207 804 804 630752 631856 43736870.622557 77510874.014078 753962904.000000 0.000000 0.000000
 454 208 0 208 970 970 635776 635968 125666417.838770 117883769.803717 713569390.000000 0.000000 0.000000
 455 209 0 209 606 606 507216 505296 270521571.983771 232073325.546258 599862227.000000 0.000000 0.000000
 462 210 0 210 464 464 377376 377184 295781859.535390 162385209.774356 668963302.000000 0.000000 0.000000
 463 211 0 211 736 736 501488 503840 272712316.056581 186981465.262378 644945966.000000 0.000000 0.000000
 464 212 0 212 866 866 503504 507824 18391077.214814 48438984.421491 783490615.000000 0.000000 0.000000
 465 213 0 213 776 776 501200 504656 443160168.845422 237542927.652202 594386814.000000 0.000000 0.000000
 466 214 0 214 576 576 500176 504832 274125260.425425 235391431.735789 596546427.000000 0.000000 0.000000
 473 215 0 215 468 468 375408 379872 262567083.244300 227079296.145058 604858323.000000 0.000000 0.000000