# Format <LP ID> <Terminal ID> <Job ID> <Local Rank> <Total sends> <Total Recvs> <Bytes sent> <Bytes recvd> <Send time> <Comm. time> <Compute time> <Avg msg time> <Max Msg Time>
 0 0 0 0 386 386 375504 372576 34165047.102010 95311201.472835 421445414.000000 0.000000 0.000000
 1 1 0 1 436 436 499744 496960 92041157.871808 116107426.680681 400680969.000000 0.000000 0.000000
 2 2 0 2 432 432 380560 378304 21179077.740446 110717421.385836 406014323.000000 0.000000 0.000000
 3 3 0 3 438 438 501776 497360 2326435.392090 62920103.199107 453870765.000000 0.000000 0.000000
 4 4 0 4 798 798 634624 632464 59381504.687130 105668663.904993 411178033.000000 0.000000 0.000000
 11 5 0 5 566 566 505488 501888 73463189.987274 110572869.825637 406217948.000000 0.000000 0.000000
 12 6 0 6 378 378 377264 374768 111445553.646989 111206791.728472 405552232.000000 0.000000 0.000000
 13 7 0 7 636 636 503376 505680 209020952.812435 110175595.415797 406617530.000000 0.000000 0.000000
 14 8 0 8 430 430 377664 378480 112369491.375914 113741049.157239 403005036.000000 0.000000 0.000000
 15 9 0 9 648 648 505520 505424 73536118.943055 107106299.041535 409691593.000000 0.000000 0.000000
 22 10 0 10 646 646 628512 629376 58988395.249776 113730287.190240 403118618.000000 0.000000 0.000000
 23 11 0 11 618 618 504176 505712 51645568.534181 114120651.778716 402669890.000000 0.000000 0.000000
 24 12 0 12 764 764 628688 628640 186959418.085711 107926744.425133 408924470.000000 0.000000 0.000000
 25 13 0 13 1060 1060 760240 756640 262083818.397072 95802414.497526 421055583.000000 0.000000 0.000000
 26 14 0 14 640 640 627024 628944 215542669.311966 112173587.643471 404679939.000000 0.000000 0.000000
 33 15 0 15 496 496 498080 501104 117769739.941688 112323830.104580 404476753.000000 0.000000 0.000000
 34 16 0 16 818 818 629824 638080 132856770.514247 108199211.849148 408656717.000000 0.000000 0.000000
 35 17 0 17 562 562 503296 504928 104207369.660123 105059193.898335 411724256.000000 0.000000 0.000000
 36 18 0 18 420 420 375680 371408 115265604.291862 110199404.811834 406548900.000000 0.000000 0.000000
 37 19 0 19 500 500 499920 499536 103393995.728530 96821931.655415 419973314.000000 0.000000 0.000000
 44 20 0 20 446 446 377088 375792 112027442.757565 111274144.349871 405490972.000000 0.000000 0.000000
 45 21 0 21 562 562 503040 505680 121829230.534064 112507555.966026 404295339.000000 0.000000 0.000000
 46 22 0 22 842 842 635616 640320 147440395.689252 109880897.744264 406977339.000000 0.000000 0.000000
 47 23 0 23 556 556 500432 500288 118024500.264191 111409808.462419 405389169.000000 0.000000 0.000000
 48 24 0 24 458 458 377408 377984 15554481.994885 13765772.581543 502964206.000000 0.000000 0.000000
 55 25 0 25 568 568 500112 503712 15420095.135718 14219595.536878 502581788.000000 0.000000 0.000000
 56 26 0 26 420 420 373712 372320 13247990.132576 14423202.682586 502344323.000000 0.000000 0.000000