# Format <LP id> <Terminal ID> <Total Data Size> <Aggregate packet latency> <# Flits/Packets finished> <Avg hops> <Busy Time>
 5 0 3061376 1294.979524 6904 1.779912 0.000000
 6 1 3039904 2475.099474 6748 1.769127 0.000000
 7 2 3039904 1558.081500 6748 1.772547 0.000000
 8 3 3039904 1702.954200 6748 1.772706 0.000000
 9 4 3061376 1207.290548 6904 1.773091 0.000000
 16 5 3039904 1716.310733 6748 2.148561 0.000000
 17 6 3039904 2154.255150 6748 2.174408 0.000000
 18 7 3039904 1409.148983 6748 2.180690 0.000000
 19 8 3061376 1092.212228 6904 2.701819 0.000000
 20 9 3007488 977.649427 6488 2.712494 0.000000
 27 10 3007488 1305.049985 6488 2.685291 0.000000
 28 11 3007488 888.919575 6488 2.877830 0.000000
 29 12 3007488 2091.647287 6488 2.624206 0.000000
 30 13 3007488 1444.221864 6488 2.624206 0.000000
 31 14 3039904 1260.265119 6748 2.770797 0.000000
 38 15 3007488 924.838360 6488 2.886952 0.000000
 39 16 3039904 1198.013851 6748 2.869334 0.000000
 40 17 3007488 813.014325 6488 2.725037 0.000000
 41 18 3007488 844.860676 6488 2.888011 0.000000
 42 19 3039904 1403.820198 6748 2.839908 0.000000
 49 20 3039904 861.883911 6748 2.842771 0.000000
 50 21 3007488 753.962186 6488 2.727073 0.000000
 51 22 3039904 794.667158 6748 2.719660 0.000000
 52 23 3039904 726.072108 6748 2.528312 0.000000
 53 24 3061376 1023.504467 6904 2.677513 0.000000
 60 25 3039904 854.594741 6748 2.184667 0.000000
 61 26 3039904 1497.687842 6748 2.235963 0.000000
 62 27 3039904 1289.201277 6748 2.691188 0.000000
 63 28 3061376 1028.418818 6904 2.847107 0.000000
 64 29 3007488 1665.282717 6488 2.856003 0.000000
 71 30 3007488 762.027012 6488 2.697182 0.000000
 72 31 3007488 697.906511 6488 2.886219 0.000000
 73 32 3007488 990.643824 6488 2.726584 0.000000
 74 33 3007488 1167.258732 6488 2.700114 0.000000
 75 34 3039904 1651.256569 6748 2.838874 0.000000
 82 35 3007488 925.261466 6488 2.887685 0.000000
 83 36 3039904 1891.425548 6748 2.870765 0.000000
 84 37 3007488 1288.690294 6488 2.724304 0.000000
 85 38 3007488 737.576820 6488 2.890862 0.000000
 86 39 3039904 1258.572258 6748 2.845475 0.000000
 93 40 3039904 747.880276 6748 2.835534 0.000000
 94 41 3007488 768.036729 6488 2.680160 0.000000
 95 42 3039904 890.672770 6748 2.681565 0.000000
 96 43 3039904 1017.488469 6748 2.534913 0.000000
 97 44 3061376 971.344412 6904 2.693900 0.000000
 104 45 3007488 1354.513868 6488 2.680078 0.000000
 105 46 3007488 829.688808 6488 2.539013 0.000000
 106 47 3007488 962.362170 6488 3.135038 0.000000
 107 48 3007488 1960.268538 6488 3.664115 0.000000
 108 49 3007488 1391.806405 6488 3.779117 0.000000
 115 50 3039904 2137.461750 6748 3.122236 0.000000
 116 51 3007488 1508.717081 6488 2.705897 0.000000
 117 52 3039904 1785.090110 6748 2.169000 0.000000
 118 53 3007488 1114.955584 6488 3.208666 0.000000
 119 54 3007488 1073.306915 6488 2.807949 0.000000
 126 55 3039904 1135.004613 6748 3.305551 0.000000
 127 56 3039904 1464.297863 6748 2.678225 0.000000
 128 57 3007488 973.425804 6488 2.646034 0.000000
 129 58 3039904 1992.986463 6748 3.397964 0.000000
 130 59 3039904 1204.291293 6748 3.209559 0.000000
 137 60 3061376 961.333908 6904 3.861847 0.000000
 138 61 2963712 1036.469702 6072 3.153293 0.000000
 139 62 2963712 1159.536161 6072 2.673862 0.000000
 140 63 2963712 699.247210 6072 2.681987 0.000000
 141 64 2963712 571.006346 6072 2.170476 0.000000
 148 65 2963712 708.245762 6072 2.689098 0.000000
 149 66 2963712 667.156370 6072 2.170899 0.000000
 150 67 2963712 607.879221 6072 2.172169 0.000000
 151 68 2963712 741.280187 6072 1.666667 0.000000
 152 69 2963712 984.471054 6072 3.005333 0.000000
 159 70 3007488 1230.759659 6488 3.209317 0.000000
 160 71 2963712 610.864187 6072 2.343914 0.000000
 161 72 3007488 1083.767429 6488 2.716648 0.000000
 162 73 2963712 710.974350 6072 2.839682 0.000000
 163 74 3007488 1653.839967 6488 3.210376 0.000000
 170 75 2963712 1177.910835 6072 2.334180 0.000000
 171 76 3007488 2568.907347 6488 2.852745 0.000000
 172 77 2963712 822.004224 6072 2.675639 0.000000
 173 78 2963712 771.632511 6072 2.337481 0.000000
 174 79 3007488 1030.246209 6488 2.891106 0.000000
 181 80 3007488 1173.421993 6488 2.891269 0.000000
 182 81 2963712 802.806587 6072 2.127391 0.000000
 183 82 2963712 568.408190 6072 2.168106 0.000000
 184 83 3007488 804.394340 6488 2.735950 0.000000
 185 84 3007488 860.551904 6488 2.565809 0.000000
 192 85 2963712 545.423783 6072 2.004317 0.000000
 193 86 3007488 918.191048 6488 2.694576 0.000000
 194 87 3007488 961.628727 6488 2.734403 0.000000
 195 88 3039904 773.730245 6748 2.735168 0.000000
 196 89 2963712 755.560662 6072 2.336973 0.000000
 203 90 3007488 709.303628 6488 2.358039 0.000000
 204 91 3007488 690.118011 6488 2.886138 0.000000
 205 92 3039904 833.196097 6748 2.729203 0.000000
 206 93 2963712 870.928127 6072 2.336211 0.000000
 207 94 2963712 979.902610 6072 2.843575 0.000000
 214 95 2963712 766.790588 6072 2.127899 0.000000
 215 96 2963712 917.766213 6072 3.345776 0.000000
 216 97 3007488 776.601688 6488 2.683173 0.000000
 217 98 3007488 956.218809 6488 3.815849 0.000000
 218 99 3007488 856.399936 6488 3.203128 0.000000
 225 100 3007488 1458.442812 6488 3.874247 0.000000
 226 101 2963712 1090.210258 6072 3.100051 0.000000
 227 102 3007488 1289.269574 6488 3.130722 0.000000
 228 103 2963712 773.342408 6072 2.670560 0.000000
 229 104 3007488 859.178091 6488 2.714693 0.000000
 236 105 3007488 1000.547797 6488 3.089021 0.000000
 237 106 3039904 839.159954 6748 3.117942 0.000000
 238 107 3007488 785.023866 6488 2.233914 0.000000
 239 108 3039904 876.746640 6748 2.675521 0.000000
 240 109 2963712 931.491312 6072 3.303623 0.000000
 247 110 2963712 1027.461605 6072 2.688082 0.000000
 248 111 3007488 1076.263234 6488 3.395178 0.000000
 249 112 3007488 661.555592 6488 2.742222 0.000000
 250 113 3007488 867.407961 6488 3.392979 0.000000
 251 114 3007488 713.670253 6488 2.245317 0.000000
 258 115 3039904 1463.561164 6748 3.353110 0.000000
 259 116 3039904 1149.082520 6748 2.924765 0.000000
 260 117 2963712 707.578963 6072 2.172169 0.000000
 261 118 3007488 1436.657828 6488 2.888337 0.000000
 262 119 3007488 1239.763531 6488 2.890454 0.000000
 269 120 3039904 788.880788 6748 3.391840 0.000000
 270 121 3007488 848.303881 6488 2.239616 0.000000
 271 122 3039904 759.559203 6748 2.756959 0.000000
 272 123 3039904 1101.854820 6748 2.767457 0.000000
 273 124 3061376 949.241817 6904 3.053003 0.000000
 280 125 0 nan 0 nan 0.000000
 281 126 0 nan 0 nan 0.000000
 282 127 0 nan 0 nan 0.000000
 283 128 0 nan 0 nan 0.000000
 284 129 0 nan 0 nan 0.000000
 291 130 0 nan 0 nan 0.000000
 292 131 0 nan 0 nan 0.000000
 293 132 0 nan 0 nan 0.000000
 294 133 0 nan 0 nan 0.000000
 295 134 0 nan 0 nan 0.000000
 302 135 0 nan 0 nan 0.000000
 303 136 0 nan 0 nan 0.000000
 304 137 0 nan 0 nan 0.000000
 305 138 0 nan 0 nan 0.000000
 306 139 0 nan 0 nan 0.000000
 313 140 0 nan 0 nan 0.000000
 314 141 0 nan 0 nan 0.000000
 315 142 0 nan 0 nan 0.000000
 316 143 0 nan 0 nan 0.000000
 317 144 0 nan 0 nan 0.000000
 324 145 0 nan 0 nan 0.000000
 325 146 0 nan 0 nan 0.000000
 326 147 0 nan 0 nan 0.000000
 327 148 0 nan 0 nan 0.000000
 328 149 0 nan 0 nan 0.000000
 335 150 0 nan 0 nan 0.000000
 336 151 0 nan 0 nan 0.000000
 337 152 0 nan 0 nan 0.000000
 338 153 0 nan 0 nan 0.000000
 339 154 0 nan 0 nan 0.000000
 346 155 0 nan 0 nan 0.000000
 347 156 0 nan 0 nan 0.000000
 348 157 0 nan 0 nan 0.000000
 349 158 0 nan 0 nan 0.000000
 350 159 0 nan 0 nan 0.000000
 357 160 0 nan 0 nan 0.000000
 358 161 0 nan 0 nan 0.000000
 359 162 0 nan 0 nan 0.000000
 360 163 0 nan 0 nan 0.000000
 361 164 0 nan 0 nan 0.000000
 368 165 0 nan 0 nan 0.000000
 369 166 0 nan 0 nan 0.000000
 370 167 0 nan 0 nan 0.000000
 371 168 0 nan 0 nan 0.000000
 372 169 0 nan 0 nan 0.000000
 379 170 0 nan 0 nan 0.000000
 380 171 0 nan 0 nan 0.000000
 381 172 0 nan 0 nan 0.000000
 382 173 0 nan 0 nan 0.000000
 383 174 0 nan 0 nan 0.000000
 390 175 0 nan 0 nan 0.000000
 391 176 0 nan 0 nan 0.000000
 392 177 0 nan 0 nan 0.000000
 393 178 0 nan 0 nan 0.000000
 394 179 0 nan 0 nan 0.000000
 401 180 0 nan 0 nan 0.000000
 402 181 0 nan 0 nan 0.000000
 403 182 0 nan 0 nan 0.000000
 404 183 0 nan 0 nan 0.000000
 405 184 0 nan 0 nan 0.000000
 412 185 0 nan 0 nan 0.000000
 413 186 0 nan 0 nan 0.000000
 414 187 0 nan 0 nan 0.000000
 415 188 0 nan 0 nan 0.000000
 416 189 0 nan 0 nan 0.000000
 423 190 0 nan 0 nan 0.000000
 424 191 0 nan 0 nan 0.000000
 425 192 0 nan 0 nan 0.000000
 426 193 0 nan 0 nan 0.000000
 427 194 0 nan 0 nan 0.000000
 434 195 0 nan 0 nan 0.000000
 435 196 0 nan 0 nan 0.000000
 436 197 0 nan 0 nan 0.000000
 437 198 0 nan 0 nan 0.000000
 438 199 0 nan 0 nan 0.000000
 445 200 0 nan 0 nan 0.000000
 446 201 0 nan 0 nan 0.000000
 447 202 0 nan 0 nan 0.000000
 448 203 0 nan 0 nan 0.000000
 449 204 0 nan 0 nan 0.000000
 456 205 0 nan 0 nan 0.000000
 457 206 0 nan 0 nan 0.000000
 458 207 0 nan 0 nan 0.000000
 459 208 0 nan 0 nan 0.000000
 460 209 0 nan 0 nan 0.000000
 467 210 0 nan 0 nan 0.000000
 468 211 0 nan 0 nan 0.000000
 469 212 0 nan 0 nan 0.000000
 470 213 0 nan 0 nan 0.000000
 471 214 0 nan 0 nan 0.000000
 478 215 0 nan 0 nan 0.000000
 479 216 0 nan 0 nan 0.000000
 480 217 0 nan 0 nan 0.000000
 481 218 0 nan 0 nan 0.000000
 482 219 0 nan 0 nan 0.000000
 489 220 0 nan 0 nan 0.000000
 490 221 0 nan 0 nan 0.000000
 491 222 0 nan 0 nan 0.000000
 492 223 0 nan 0 nan 0.000000
 493 224 0 nan 0 nan 0.000000
 500 225 0 nan 0 nan 0.000000
 501 226 0 nan 0 nan 0.000000
 502 227 0 nan 0 nan 0.000000
 503 228 0 nan 0 nan 0.000000
 504 229 0 nan 0 nan 0.000000
 511 230 0 nan 0 nan 0.000000
 512 231 0 nan 0 nan 0.000000
 513 232 0 nan 0 nan 0.000000
 514 233 0 nan 0 nan 0.000000
 515 234 0 nan 0 nan 0.000000
 522 235 0 nan 0 nan 0.000000
 523 236 0 nan 0 nan 0.000000
 524 237 0 nan 0 nan 0.000000
 525 238 0 nan 0 nan 0.000000
 526 239 0 nan 0 nan 0.000000
 533 240 0 nan 0 nan 0.000000
 534 241 0 nan 0 nan 0.000000
 535 242 0 nan 0 nan 0.000000
 536 243 0 nan 0 nan 0.000000
 537 244 0 nan 0 nan 0.000000
 544 245 0 nan 0 nan 0.000000
 545 246 0 nan 0 nan 0.000000
 546 247 0 nan 0 nan 0.000000
 547 248 0 nan 0 nan 0.000000
 548 249 0 nan 0 nan 0.000000
 555 250 0 nan 0 nan 0.000000
 556 251 0 nan 0 nan 0.000000
 557 252 0 nan 0 nan 0.000000
 558 253 0 nan 0 nan 0.000000
 559 254 0 nan 0 nan 0.000000
 566 255 0 nan 0 nan 0.000000
 567 256 0 nan 0 nan 0.000000
 568 257 0 nan 0 nan 0.000000
 569 258 0 nan 0 nan 0.000000
 570 259 0 nan 0 nan 0.000000
 577 260 0 nan 0 nan 0.000000
 578 261 0 nan 0 nan 0.000000
 579 262 0 nan 0 nan 0.000000
 580 263 0 nan 0 nan 0.000000
 581 264 0 nan 0 nan 0.000000
 588 265 0 nan 0 nan 0.000000
 589 266 0 nan 0 nan 0.000000
 590 267 0 nan 0 nan 0.000000
 591 268 0 nan 0 nan 0.000000
 592 269 0 nan 0 nan 0.000000
 599 270 0 nan 0 nan 0.000000
 600 271 0 nan 0 nan 0.000000
 601 272 0 nan 0 nan 0.000000
 602 273 0 nan 0 nan 0.000000
 603 274 0 nan 0 nan 0.000000
 610 275 0 nan 0 nan 0.000000
 611 276 0 nan 0 nan 0.000000
 612 277 0 nan 0 nan 0.000000
 613 278 0 nan 0 nan 0.000000
 614 279 0 nan 0 nan 0.000000
 621 280 0 nan 0 nan 0.000000
 622 281 0 nan 0 nan 0.000000
 623 282 0 nan 0 nan 0.000000
 624 283 0 nan 0 nan 0.000000
 625 284 0 nan 0 nan 0.000000
 632 285 0 nan 0 nan 0.000000
 633 286 0 nan 0 nan 0.000000
 634 287 0 nan 0 nan 0.000000
 635 288 0 nan 0 nan 0.000000
 636 289 0 nan 0 nan 0.000000
 643 290 0 nan 0 nan 0.000000
 644 291 0 nan 0 nan 0.000000
 645 292 0 nan 0 nan 0.000000
 646 293 0 nan 0 nan 0.000000
 647 294 0 nan 0 nan 0.000000
 654 295 0 nan 0 nan 0.000000
 655 296 0 nan 0 nan 0.000000
 656 297 0 nan 0 nan 0.000000
 657 298 0 nan 0 nan 0.000000
 658 299 0 nan 0 nan 0.000000
 665 300 0 nan 0 nan 0.000000
 666 301 0 nan 0 nan 0.000000
 667 302 0 nan 0 nan 0.000000
 668 303 0 nan 0 nan 0.000000
 669 304 0 nan 0 nan 0.000000
 676 305 0 nan 0 nan 0.000000
 677 306 0 nan 0 nan 0.000000
 678 307 0 nan 0 nan 0.000000
 679 308 0 nan 0 nan 0.000000
 680 309 0 nan 0 nan 0.000000
 687 310 0 nan 0 nan 0.000000
 688 311 0 nan 0 nan 0.000000
 689 312 0 nan 0 nan 0.000000
 690 313 0 nan 0 nan 0.000000
 691 314 0 nan 0 nan 0.000000
 698 315 0 nan 0 nan 0.000000
 699 316 0 nan 0 nan 0.000000
 700 317 0 nan 0 nan 0.000000
 701 318 0 nan 0 nan 0.000000
 702 319 0 nan 0 nan 0.000000
 709 320 0 nan 0 nan 0.000000
 710 321 0 nan 0 nan 0.000000
 711 322 0 nan 0 nan 0.000000
 712 323 0 nan 0 nan 0.000000
 713 324 0 nan 0 nan 0.000000
 720 325 0 nan 0 nan 0.000000
 721 326 0 nan 0 nan 0.000000
 722 327 0 nan 0 nan 0.000000
 723 328 0 nan 0 nan 0.000000
 724 329 0 nan 0 nan 0.000000
 731 330 0 nan 0 nan 0.000000
 732 331 0 nan 0 nan 0.000000
 733 332 0 nan 0 nan 0.000000
 734 333 0 nan 0 nan 0.000000
 735 334 0 nan 0 nan 0.000000
 742 335 0 nan 0 nan 0.000000
 743 336 0 nan 0 nan 0.000000
 744 337 0 nan 0 nan 0.000000
 745 338 0 nan 0 nan 0.000000
 746 339 0 nan 0 nan 0.000000
 753 340 0 nan 0 nan 0.000000
 754 341 0 nan 0 nan 0.000000
 755 342 0 nan 0 nan 0.000000
 756 343 0 nan 0 nan 0.000000
 757 344 0 nan 0 nan 0.000000
 764 345 0 nan 0 nan 0.000000
 765 346 0 nan 0 nan 0.000000
 766 347 0 nan 0 nan 0.000000
 767 348 0 nan 0 nan 0.000000
 768 349 0 nan 0 nan 0.000000
 775 350 0 nan 0 nan 0.000000
 776 351 0 nan 0 nan 0.000000
 777 352 0 nan 0 nan 0.000000
 778 353 0 nan 0 nan 0.000000
 779 354 0 nan 0 nan 0.000000
 786 355 0 nan 0 nan 0.000000
 787 356 0 nan 0 nan 0.000000
 788 357 0 nan 0 nan 0.000000
 789 358 0 nan 0 nan 0.000000
 790 359 0 nan 0 nan 0.000000
 797 360 0 nan 0 nan 0.000000
 798 361 0 nan 0 nan 0.000000
 799 362 0 nan 0 nan 0.000000
 800 363 0 nan 0 nan 0.000000
 801 364 0 nan 0 nan 0.000000
 808 365 0 nan 0 nan 0.000000
 809 366 0 nan 0 nan 0.000000
 810 367 0 nan 0 nan 0.000000
 811 368 0 nan 0 nan 0.000000
 812 369 0 nan 0 nan 0.000000
 819 370 0 nan 0 nan 0.000000
 820 371 0 nan 0 nan 0.000000
 821 372 0 nan 0 nan 0.000000
 822 373 0 nan 0 nan 0.000000
 823 374 0 nan 0 nan 0.000000
 830 375 0 nan 0 nan 0.000000
 831 376 0 nan 0 nan 0.000000
 832 377 0 nan 0 nan 0.000000
 833 378 0 nan 0 nan 0.000000
 834 379 0 nan 0 nan 0.000000
 841 380 0 nan 0 nan 0.000000
 842 381 0 nan 0 nan 0.000000
 843 382 0 nan 0 nan 0.000000
 844 383 0 nan 0 nan 0.000000
 845 384 0 nan 0 nan 0.000000
 852 385 0 nan 0 nan 0.000000
 853 386 0 nan 0 nan 0.000000
 854 387 0 nan 0 nan 0.000000
 855 388 0 nan 0 nan 0.000000
 856 389 0 nan 0 nan 0.000000
 863 390 0 nan 0 nan 0.000000
 864 391 0 nan 0 nan 0.000000
 865 392 0 nan 0 nan 0.000000
 866 393 0 nan 0 nan 0.000000
 867 394 0 nan 0 nan 0.000000
 874 395 0 nan 0 nan 0.000000
 875 396 0 nan 0 nan 0.000000
 876 397 0 nan 0 nan 0.000000
 877 398 0 nan 0 nan 0.000000
 878 399 0 nan 0 nan 0.000000
 885 400 0 nan 0 nan 0.000000
 886 401 0 nan 0 nan 0.000000
 887 402 0 nan 0 nan 0.000000
 888 403 0 nan 0 nan 0.000000
 889 404 0 nan 0 nan 0.000000
 896 405 0 nan 0 nan 0.000000
 897 406 0 nan 0 nan 0.000000
 898 407 0 nan 0 nan 0.000000
 899 408 0 nan 0 nan 0.000000
 900 409 0 nan 0 nan 0.000000
 907 410 0 nan 0 nan 0.000000
 908 411 0 nan 0 nan 0.000000
 909 412 0 nan 0 nan 0.000000
 910 413 0 nan 0 nan 0.000000
 911 414 0 nan 0 nan 0.000000
 918 415 0 nan 0 nan 0.000000
 919 416 0 nan 0 nan 0.000000
 920 417 0 nan 0 nan 0.000000
 921 418 0 nan 0 nan 0.000000
 922 419 0 nan 0 nan 0.000000
 929 420 0 nan 0 nan 0.000000
 930 421 0 nan 0 nan 0.000000
 931 422 0 nan 0 nan 0.000000
 932 423 0 nan 0 nan 0.000000
 933 424 0 nan 0 nan 0.000000
 940 425 0 nan 0 nan 0.000000
 941 426 0 nan 0 nan 0.000000
 942 427 0 nan 0 nan 0.000000
 943 428 0 nan 0 nan 0.000000
 944 429 0 nan 0 nan 0.000000
 951 430 0 nan 0 nan 0.000000
 952 431 0 nan 0 nan 0.000000
 953 432 0 nan 0 nan 0.000000
 954 433 0 nan 0 nan 0.000000
 955 434 0 nan 0 nan 0.000000
 962 435 0 nan 0 nan 0.000000
 963 436 0 nan 0 nan 0.000000
 964 437 0 nan 0 nan 0.000000
 965 438 0 nan 0 nan 0.000000
 966 439 0 nan 0 nan 0.000000
 973 440 0 nan 0 nan 0.000000
 974 441 0 nan 0 nan 0.000000
 975 442 0 nan 0 nan 0.000000
 976 443 0 nan 0 nan 0.000000
 977 444 0 nan 0 nan 0.000000
 984 445 0 nan 0 nan 0.000000
 985 446 0 nan 0 nan 0.000000
 986 447 0 nan 0 nan 0.000000
 987 448 0 nan 0 nan 0.000000
 988 449 0 nan 0 nan 0.000000
 995 450 0 nan 0 nan 0.000000
 996 451 0 nan 0 nan 0.000000
 997 452 0 nan 0 nan 0.000000
 998 453 0 nan 0 nan 0.000000
 999 454 0 nan 0 nan 0.000000
 1006 455 0 nan 0 nan 0.000000
 1007 456 0 nan 0 nan 0.000000
 1008 457 0 nan 0 nan 0.000000
 1009 458 0 nan 0 nan 0.000000
 1010 459 0 nan 0 nan 0.000000
 1017 460 0 nan 0 nan 0.000000
 1018 461 0 nan 0 nan 0.000000
 1019 462 0 nan 0 nan 0.000000
 1020 463 0 nan 0 nan 0.000000
 1021 464 0 nan 0 nan 0.000000
 1028 465 0 nan 0 nan 0.000000
 1029 466 0 nan 0 nan 0.000000
 1030 467 0 nan 0 nan 0.000000
 1031 468 0 nan 0 nan 0.000000
 1032 469 0 nan 0 nan 0.000000
 1039 470 0 nan 0 nan 0.000000
 1040 471 0 nan 0 nan 0.000000
 1041 472 0 nan 0 nan 0.000000
 1042 473 0 nan 0 nan 0.000000
 1043 474 0 nan 0 nan 0.000000
 1050 475 0 nan 0 nan 0.000000
 1051 476 0 nan 0 nan 0.000000
 1052 477 0 nan 0 nan 0.000000
 1053 478 0 nan 0 nan 0.000000
 1054 479 0 nan 0 nan 0.000000
 1061 480 0 nan 0 nan 0.000000
 1062 481 0 nan 0 nan 0.000000
 1063 482 0 nan 0 nan 0.000000
 1064 483 0 nan 0 nan 0.000000
 1065 484 0 nan 0 nan 0.000000
 1072 485 0 nan 0 nan 0.000000
 1073 486 0 nan 0 nan 0.000000
 1074 487 0 nan 0 nan 0.000000
 1075 488 0 nan 0 nan 0.000000
 1076 489 0 nan 0 nan 0.000000
 1083 490 0 nan 0 nan 0.000000
 1084 491 0 nan 0 nan 0.000000
 1085 492 0 nan 0 nan 0.000000
 1086 493 0 nan 0 nan 0.000000
 1087 494 0 nan 0 nan 0.000000
 1094 495 0 nan 0 nan 0.000000
 1095 496 0 nan 0 nan 0.000000
 1096 497 0 nan 0 nan 0.000000
 1097 498 0 nan 0 nan 0.000000
 1098 499 0 nan 0 nan 0.000000
 1105 500 0 nan 0 nan 0.000000
 1106 501 0 nan 0 nan 0.000000
 1107 502 0 nan 0 nan 0.000000
 1108 503 0 nan 0 nan 0.000000
 1109 504 0 nan 0 nan 0.000000
 1116 505 0 nan 0 nan 0.000000
 1117 506 0 nan 0 nan 0.000000
 1118 507 0 nan 0 nan 0.000000
 1119 508 0 nan 0 nan 0.000000
 1120 509 0 nan 0 nan 0.000000
 1127 510 0 nan 0 nan 0.000000
 1128 511 0 nan 0 nan 0.000000
 1129 512 0 nan 0 nan 0.000000
 1130 513 0 nan 0 nan 0.000000
 1131 514 0 nan 0 nan 0.000000
 1138 515 0 nan 0 nan 0.000000
 1139 516 0 nan 0 nan 0.000000
 1140 517 0 nan 0 nan 0.000000
 1141 518 0 nan 0 nan 0.000000
 1142 519 0 nan 0 nan 0.000000
 1149 520 0 nan 0 nan 0.000000
 1150 521 0 nan 0 nan 0.000000
 1151 522 0 nan 0 nan 0.000000
 1152 523 0 nan 0 nan 0.000000
 1153 524 0 nan 0 nan 0.000000
 1160 525 0 nan 0 nan 0.000000
 1161 526 0 nan 0 nan 0.000000
 1162 527 0 nan 0 nan 0.000000
 1163 528 0 nan 0 nan 0.000000
 1164 529 0 nan 0 nan 0.000000
 1171 530 0 nan 0 nan 0.000000
 1172 531 0 nan 0 nan 0.000000
 1173 532 0 nan 0 nan 0.000000
 1174 533 0 nan 0 nan 0.000000
 1175 534 0 nan 0 nan 0.000000
 1182 535 0 nan 0 nan 0.000000
 1183 536 0 nan 0 nan 0.000000
 1184 537 0 nan 0 nan 0.000000
 1185 538 0 nan 0 nan 0.000000
 1186 539 0 nan 0 nan 0.000000
 1193 540 0 nan 0 nan 0.000000
 1194 541 0 nan 0 nan 0.000000
 1195 542 0 nan 0 nan 0.000000
 1196 543 0 nan 0 nan 0.000000
 1197 544 0 nan 0 nan 0.000000
 1204 545 0 nan 0 nan 0.000000
 1205 546 0 nan 0 nan 0.000000
 1206 547 0 nan 0 nan 0.000000
 1207 548 0 nan 0 nan 0.000000
 1208 549 0 nan 0 nan 0.000000
 1215 550 0 nan 0 nan 0.000000
 1216 551 0 nan 0 nan 0.000000
 1217 552 0 nan 0 nan 0.000000
 1218 553 0 nan 0 nan 0.000000
 1219 554 0 nan 0 nan 0.000000
 1226 555 0 nan 0 nan 0.000000
 1227 556 0 nan 0 nan 0.000000
 1228 557 0 nan 0 nan 0.000000
 1229 558 0 nan 0 nan 0.000000
 1230 559 0 nan 0 nan 0.000000
 1237 560 0 nan 0 nan 0.000000
 1238 561 0 nan 0 nan 0.000000
 1239 562 0 nan 0 nan 0.000000
 1240 563 0 nan 0 nan 0.000000
 1241 564 0 nan 0 nan 0.000000
 1248 565 0 nan 0 nan 0.000000
 1249 566 0 nan 0 nan 0.000000
 1250 567 0 nan 0 nan 0.000000
 1251 568 0 nan 0 nan 0.000000
 1252 569 0 nan 0 nan 0.000000
 1259 570 0 nan 0 nan 0.000000
 1260 571 0 nan 0 nan 0.000000
 1261 572 0 nan 0 nan 0.000000
 1262 573 0 nan 0 nan 0.000000
 1263 574 0 nan 0 nan 0.000000
 1270 575 0 nan 0 nan 0.000000
 1271 576 0 nan 0 nan 0.000000
 1272 577 0 nan 0 nan 0.000000
 1273 578 0 nan 0 nan 0.000000
 1274 579 0 nan 0 nan 0.000000
 1281 580 0 nan 0 nan 0.000000
 1282 581 0 nan 0 nan 0.000000
 1283 582 0 nan 0 nan 0.000000
 1284 583 0 nan 0 nan 0.000000
 1285 584 0 nan 0 nan 0.000000
 1292 585 0 nan 0 nan 0.000000
 1293 586 0 nan 0 nan 0.000000
 1294 587 0 nan 0 nan 0.000000
 1295 588 0 nan 0 nan 0.000000
 1296 589 0 nan 0 nan 0.000000
 1303 590 0 nan 0 nan 0.000000
 1304 591 0 nan 0 nan 0.000000
 1305 592 0 nan 0 nan 0.000000
 1306 593 0 nan 0 nan 0.000000
 1307 594 0 nan 0 nan 0.000000
 1314 595 0 nan 0 nan 0.000000
 1315 596 0 nan 0 nan 0.000000
 1316 597 0 nan 0 nan 0.000000
 1317 598 0 nan 0 nan 0.000000
 1318 599 0 nan 0 nan 0.000000
 1325 600 0 nan 0 nan 0.000000
 1326 601 0 nan 0 nan 0.000000
 1327 602 0 nan 0 nan 0.000000
 1328 603 0 nan 0 nan 0.000000
 1329 604 0 nan 0 nan 0.000000
 1336 605 0 nan 0 nan 0.000000
 1337 606 0 nan 0 nan 0.000000
 1338 607 0 nan 0 nan 0.000000
 1339 608 0 nan 0 nan 0.000000
 1340 609 0 nan 0 nan 0.000000
 1347 610 0 nan 0 nan 0.000000
 1348 611 0 nan 0 nan 0.000000
 1349 612 0 nan 0 nan 0.000000
 1350 613 0 nan 0 nan 0.000000
 1351 614 0 nan 0 nan 0.000000
 1358 615 0 nan 0 nan 0.000000
 1359 616 0 nan 0 nan 0.000000
 1360 617 0 nan 0 nan 0.000000
 1361 618 0 nan 0 nan 0.000000
 1362 619 0 nan 0 nan 0.000000
 1369 620 0 nan 0 nan 0.000000
 1370 621 0 nan 0 nan 0.000000
 1371 622 0 nan 0 nan 0.000000
 1372 623 0 nan 0 nan 0.000000
 1373 624 0 nan 0 nan 0.000000
 1380 625 0 nan 0 nan 0.000000
 1381 626 0 nan 0 nan 0.000000
 1382 627 0 nan 0 nan 0.000000
 1383 628 0 nan 0 nan 0.000000
 1384 629 0 nan 0 nan 0.000000
 1391 630 0 nan 0 nan 0.000000
 1392 631 0 nan 0 nan 0.000000
 1393 632 0 nan 0 nan 0.000000
 1394 633 0 nan 0 nan 0.000000
 1395 634 0 nan 0 nan 0.000000
 1402 635 0 nan 0 nan 0.000000
 1403 636 0 nan 0 nan 0.000000
 1404 637 0 nan 0 nan 0.000000
 1405 638 0 nan 0 nan 0.000000
 1406 639 0 nan 0 nan 0.000000
 1413 640 0 nan 0 nan 0.000000
 1414 641 0 nan 0 nan 0.000000
 1415 642 0 nan 0 nan 0.000000
 1416 643 0 nan 0 nan 0.000000
 1417 644 0 nan 0 nan 0.000000
 1424 645 0 nan 0 nan 0.000000
 1425 646 0 nan 0 nan 0.000000
 1426 647 0 nan 0 nan 0.000000
 1427 648 0 nan 0 nan 0.000000
 1428 649 0 nan 0 nan 0.000000
 1435 650 0 nan 0 nan 0.000000
 1436 651 0 nan 0 nan 0.000000
 1437 652 0 nan 0 nan 0.000000
 1438 653 0 nan 0 nan 0.000000
 1439 654 0 nan 0 nan 0.000000
 1446 655 0 nan 0 nan 0.000000
 1447 656 0 nan 0 nan 0.000000
 1448 657 0 nan 0 nan 0.000000
 1449 658 0 nan 0 nan 0.000000
 1450 659 0 nan 0 nan 0.000000
 1457 660 0 nan 0 nan 0.000000
 1458 661 0 nan 0 nan 0.000000
 1459 662 0 nan 0 nan 0.000000
 1460 663 0 nan 0 nan 0.000000
 1461 664 0 nan 0 nan 0.000000
 1468 665 0 nan 0 nan 0.000000
 1469 666 0 nan 0 nan 0.000000
 1470 667 0 nan 0 nan 0.000000
 1471 668 0 nan 0 nan 0.000000
 1472 669 0 nan 0 nan 0.000000
 1479 670 0 nan 0 nan 0.000000
 1480 671 0 nan 0 nan 0.000000
 1481 672 0 nan 0 nan 0.000000
 1482 673 0 nan 0 nan 0.000000
 1483 674 0 nan 0 nan 0.000000
 1490 675 0 nan 0 nan 0.000000
 1491 676 0 nan 0 nan 0.000000
 1492 677 0 nan 0 nan 0.000000
 1493 678 0 nan 0 nan 0.000000
 1494 679 0 nan 0 nan 0.000000
 1501 680 0 nan 0 nan 0.000000
 1502 681 0 nan 0 nan 0.000000
 1503 682 0 nan 0 nan 0.000000
 1504 683 0 nan 0 nan 0.000000
 1505 684 0 nan 0 nan 0.000000
 1512 685 0 nan 0 nan 0.000000
 1513 686 0 nan 0 nan 0.000000
 1514 687 0 nan 0 nan 0.000000
 1515 688 0 nan 0 nan 0.000000
 1516 689 0 nan 0 nan 0.000000
 1523 690 0 nan 0 nan 0.000000
 1524 691 0 nan 0 nan 0.000000
 1525 692 0 nan 0 nan 0.000000
 1526 693 0 nan 0 nan 0.000000
 1527 694 0 nan 0 nan 0.000000
 1534 695 0 nan 0 nan 0.000000
 1535 696 0 nan 0 nan 0.000000
 1536 697 0 nan 0 nan 0.000000
 1537 698 0 nan 0 nan 0.000000
 1538 699 0 nan 0 nan 0.000000
 1545 700 0 nan 0 nan 0.000000
 1546 701 0 nan 0 nan 0.000000
 1547 702 0 nan 0 nan 0.000000
 1548 703 0 nan 0 nan 0.000000
 1549 704 0 nan 0 nan 0.000000
 1556 705 0 nan 0 nan 0.000000
 1557 706 0 nan 0 nan 0.000000
 1558 707 0 nan 0 nan 0.000000
 1559 708 0 nan 0 nan 0.000000
 1560 709 0 nan 0 nan 0.000000
 1567 710 0 nan 0 nan 0.000000
 1568 711 0 nan 0 nan 0.000000
 1569 712 0 nan 0 nan 0.000000
 1570 713 0 nan 0 nan 0.000000
 1571 714 0 nan 0 nan 0.000000
 1578 715 0 nan 0 nan 0.000000
 1579 716 0 nan 0 nan 0.000000
 1580 717 0 nan 0 nan 0.000000
 1581 718 0 nan 0 nan 0.000000
 1582 719 0 nan 0 nan 0.000000
 1589 720 0 nan 0 nan 0.000000
 1590 721 0 nan 0 nan 0.000000
 1591 722 0 nan 0 nan 0.000000
 1592 723 0 nan 0 nan 0.000000
 1593 724 0 nan 0 nan 0.000000
 1600 725 0 nan 0 nan 0.000000
 1601 726 0 nan 0 nan 0.000000
 1602 727 0 nan 0 nan 0.000000
 1603 728 0 nan 0 nan 0.000000
 1604 729 0 nan 0 nan 0.000000
 1611 730 0 nan 0 nan 0.000000
 1612 731 0 nan 0 nan 0.000000
 1613 732 0 nan 0 nan 0.000000
 1614 733 0 nan 0 nan 0.000000
 1615 734 0 nan 0 nan 0.000000
 1622 735 0 nan 0 nan 0.000000
 1623 736 0 nan 0 nan 0.000000
 1624 737 0 nan 0 nan 0.000000
 1625 738 0 nan 0 nan 0.000000
 1626 739 0 nan 0 nan 0.000000
 1633 740 0 nan 0 nan 0.000000
 1634 741 0 nan 0 nan 0.000000
 1635 742 0 nan 0 nan 0.000000
 1636 743 0 nan 0 nan 0.000000
 1637 744 0 nan 0 nan 0.000000
 1644 745 0 nan 0 nan 0.000000
 1645 746 0 nan 0 nan 0.000000
 1646 747 0 nan 0 nan 0.000000
 1647 748 0 nan 0 nan 0.000000
 1648 749 0 nan 0 nan 0.000000
 1655 750 0 nan 0 nan 0.000000
 1656 751 0 nan 0 nan 0.000000
 1657 752 0 nan 0 nan 0.000000
 1658 753 0 nan 0 nan 0.000000
 1659 754 0 nan 0 nan 0.000000
 1666 755 0 nan 0 nan 0.000000
 1667 756 0 nan 0 nan 0.000000
 1668 757 0 nan 0 nan 0.000000
 1669 758 0 nan 0 nan 0.000000
 1670 759 0 nan 0 nan 0.000000
 1677 760 0 nan 0 nan 0.000000
 1678 761 0 nan 0 nan 0.000000
 1679 762 0 nan 0 nan 0.000000
 1680 763 0 nan 0 nan 0.000000
 1681 764 0 nan 0 nan 0.000000
 1688 765 0 nan 0 nan 0.000000
 1689 766 0 nan 0 nan 0.000000
 1690 767 0 nan 0 nan 0.000000
 1691 768 0 nan 0 nan 0.000000
 1692 769 0 nan 0 nan 0.000000
 1699 770 0 nan 0 nan 0.000000
 1700 771 0 nan 0 nan 0.000000
 1701 772 0 nan 0 nan 0.000000
 1702 773 0 nan 0 nan 0.000000
 1703 774 0 nan 0 nan 0.000000
 1710 775 0 nan 0 nan 0.000000
 1711 776 0 nan 0 nan 0.000000
 1712 777 0 nan 0 nan 0.000000
 1713 778 0 nan 0 nan 0.000000
 1714 779 0 nan 0 nan 0.000000
 1721 780 0 nan 0 nan 0.000000
 1722 781 0 nan 0 nan 0.000000
 1723 782 0 nan 0 nan 0.000000
 1724 783 0 nan 0 nan 0.000000
 1725 784 0 nan 0 nan 0.000000
 1732 785 0 nan 0 nan 0.000000
 1733 786 0 nan 0 nan 0.000000
 1734 787 0 nan 0 nan 0.000000
 1735 788 0 nan 0 nan 0.000000
 1736 789 0 nan 0 nan 0.000000
 1743 790 0 nan 0 nan 0.000000
 1744 791 0 nan 0 nan 0.000000
 1745 792 0 nan 0 nan 0.000000
 1746 793 0 nan 0 nan 0.000000
 1747 794 0 nan 0 nan 0.000000
 1754 795 0 nan 0 nan 0.000000
 1755 796 0 nan 0 nan 0.000000
 1756 797 0 nan 0 nan 0.000000
 1757 798 0 nan 0 nan 0.000000
 1758 799 0 nan 0 nan 0.000000
 1765 800 0 nan 0 nan 0.000000
 1766 801 0 nan 0 nan 0.000000
 1767 802 0 nan 0 nan 0.000000
 1768 803 0 nan 0 nan 0.000000
 1769 804 0 nan 0 nan 0.000000
 1776 805 0 nan 0 nan 0.000000
 1777 806 0 nan 0 nan 0.000000
 1778 807 0 nan 0 nan 0.000000
 1779 808 0 nan 0 nan 0.000000
 1780 809 0 nan 0 nan 0.000000
 1787 810 0 nan 0 nan 0.000000
 1788 811 0 nan 0 nan 0.000000
 1789 812 0 nan 0 nan 0.000000
 1790 813 0 nan 0 nan 0.000000
 1791 814 0 nan 0 nan 0.000000
 1798 815 0 nan 0 nan 0.000000
 1799 816 0 nan 0 nan 0.000000
 1800 817 0 nan 0 nan 0.000000
 1801 818 0 nan 0 nan 0.000000
 1802 819 0 nan 0 nan 0.000000
 1809 820 0 nan 0 nan 0.000000
 1810 821 0 nan 0 nan 0.000000
 1811 822 0 nan 0 nan 0.000000
 1812 823 0 nan 0 nan 0.000000
 1813 824 0 nan 0 nan 0.000000
 1820 825 0 nan 0 nan 0.000000
 1821 826 0 nan 0 nan 0.000000
 1822 827 0 nan 0 nan 0.000000
 1823 828 0 nan 0 nan 0.000000
 1824 829 0 nan 0 nan 0.000000
 1831 830 0 nan 0 nan 0.000000
 1832 831 0 nan 0 nan 0.000000
 1833 832 0 nan 0 nan 0.000000
 1834 833 0 nan 0 nan 0.000000
 1835 834 0 nan 0 nan 0.000000
 1842 835 0 nan 0 nan 0.000000
 1843 836 0 nan 0 nan 0.000000
 1844 837 0 nan 0 nan 0.000000
 1845 838 0 nan 0 nan 0.000000
 1846 839 0 nan 0 nan 0.000000
 1853 840 0 nan 0 nan 0.000000
 1854 841 0 nan 0 nan 0.000000
 1855 842 0 nan 0 nan 0.000000
 1856 843 0 nan 0 nan 0.000000
 1857 844 0 nan 0 nan 0.000000
 1864 845 0 nan 0 nan 0.000000
 1865 846 0 nan 0 nan 0.000000
 1866 847 0 nan 0 nan 0.000000
 1867 848 0 nan 0 nan 0.000000
 1868 849 0 nan 0 nan 0.000000
 1875 850 0 nan 0 nan 0.000000
 1876 851 0 nan 0 nan 0.000000
 1877 852 0 nan 0 nan 0.000000
 1878 853 0 nan 0 nan 0.000000
 1879 854 0 nan 0 nan 0.000000
 1886 855 0 nan 0 nan 0.000000
 1887 856 0 nan 0 nan 0.000000
 1888 857 0 nan 0 nan 0.000000
 1889 858 0 nan 0 nan 0.000000
 1890 859 0 nan 0 nan 0.000000
 1897 860 0 nan 0 nan 0.000000
 1898 861 0 nan 0 nan 0.000000
 1899 862 0 nan 0 nan 0.000000
 1900 863 0 nan 0 nan 0.000000
 1901 864 0 nan 0 nan 0.000000
 1908 865 0 nan 0 nan 0.000000
 1909 866 0 nan 0 nan 0.000000
 1910 867 0 nan 0 nan 0.000000
 1911 868 0 nan 0 nan 0.000000
 1912 869 0 nan 0 nan 0.000000
 1919 870 0 nan 0 nan 0.000000
 1920 871 0 nan 0 nan 0.000000
 1921 872 0 nan 0 nan 0.000000
 1922 873 0 nan 0 nan 0.000000
 1923 874 0 nan 0 nan 0.000000
 1930 875 0 nan 0 nan 0.000000
 1931 876 0 nan 0 nan 0.000000
 1932 877 0 nan 0 nan 0.000000
 1933 878 0 nan 0 nan 0.000000
 1934 879 0 nan 0 nan 0.000000
 1941 880 0 nan 0 nan 0.000000
 1942 881 0 nan 0 nan 0.000000
 1943 882 0 nan 0 nan 0.000000
 1944 883 0 nan 0 nan 0.000000
 1945 884 0 nan 0 nan 0.000000
 1952 885 0 nan 0 nan 0.000000
 1953 886 0 nan 0 nan 0.000000
 1954 887 0 nan 0 nan 0.000000
 1955 888 0 nan 0 nan 0.000000
 1956 889 0 nan 0 nan 0.000000
 1963 890 0 nan 0 nan 0.000000
 1964 891 0 nan 0 nan 0.000000
 1965 892 0 nan 0 nan 0.000000
 1966 893 0 nan 0 nan 0.000000
 1967 894 0 nan 0 nan 0.000000
 1974 895 0 nan 0 nan 0.000000
 1975 896 0 nan 0 nan 0.000000
 1976 897 0 nan 0 nan 0.000000
 1977 898 0 nan 0 nan 0.000000
 1978 899 0 nan 0 nan 0.000000
 1985 900 0 nan 0 nan 0.000000
 1986 901 0 nan 0 nan 0.000000
 1987 902 0 nan 0 nan 0.000000
 1988 903 0 nan 0 nan 0.000000
 1989 904 0 nan 0 nan 0.000000
 1996 905 0 nan 0 nan 0.000000
 1997 906 0 nan 0 nan 0.000000
 1998 907 0 nan 0 nan 0.000000
 1999 908 0 nan 0 nan 0.000000
 2000 909 0 nan 0 nan 0.000000
 2007 910 0 nan 0 nan 0.000000
 2008 911 0 nan 0 nan 0.000000
 2009 912 0 nan 0 nan 0.000000
 2010 913 0 nan 0 nan 0.000000
 2011 914 0 nan 0 nan 0.000000
 2018 915 0 nan 0 nan 0.000000
 2019 916 0 nan 0 nan 0.000000
 2020 917 0 nan 0 nan 0.000000
 2021 918 0 nan 0 nan 0.000000
 2022 919 0 nan 0 nan 0.000000
 2029 920 0 nan 0 nan 0.000000
 2030 921 0 nan 0 nan 0.000000
 2031 922 0 nan 0 nan 0.000000
 2032 923 0 nan 0 nan 0.000000
 2033 924 0 nan 0 nan 0.000000
 2040 925 0 nan 0 nan 0.000000
 2041 926 0 nan 0 nan 0.000000
 2042 927 0 nan 0 nan 0.000000
 2043 928 0 nan 0 nan 0.000000
 2044 929 0 nan 0 nan 0.000000
 2051 930 0 nan 0 nan 0.000000
 2052 931 0 nan 0 nan 0.000000
 2053 932 0 nan 0 nan 0.000000
 2054 933 0 nan 0 nan 0.000000
 2055 934 0 nan 0 nan 0.000000
 2062 935 0 nan 0 nan 0.000000
 2063 936 0 nan 0 nan 0.000000
 2064 937 0 nan 0 nan 0.000000
 2065 938 0 nan 0 nan 0.000000
 2066 939 0 nan 0 nan 0.000000
 2073 940 0 nan 0 nan 0.000000
 2074 941 0 nan 0 nan 0.000000
 2075 942 0 nan 0 nan 0.000000
 2076 943 0 nan 0 nan 0.000000
 2077 944 0 nan 0 nan 0.000000
 2084 945 0 nan 0 nan 0.000000
 2085 946 0 nan 0 nan 0.000000
 2086 947 0 nan 0 nan 0.000000
 2087 948 0 nan 0 nan 0.000000
 2088 949 0 nan 0 nan 0.000000
 2095 950 0 nan 0 nan 0.000000
 2096 951 0 nan 0 nan 0.000000
 2097 952 0 nan 0 nan 0.000000
 2098 953 0 nan 0 nan 0.000000
 2099 954 0 nan 0 nan 0.000000
 2106 955 0 nan 0 nan 0.000000
 2107 956 0 nan 0 nan 0.000000
 2108 957 0 nan 0 nan 0.000000
 2109 958 0 nan 0 nan 0.000000
 2110 959 0 nan 0 nan 0.000000
 2117 960 0 nan 0 nan 0.000000
 2118 961 0 nan 0 nan 0.000000
 2119 962 0 nan 0 nan 0.000000
 2120 963 0 nan 0 nan 0.000000
 2121 964 0 nan 0 nan 0.000000
 2128 965 0 nan 0 nan 0.000000
 2129 966 0 nan 0 nan 0.000000
 2130 967 0 nan 0 nan 0.000000
 2131 968 0 nan 0 nan 0.000000
 2132 969 0 nan 0 nan 0.000000
 2139 970 0 nan 0 nan 0.000000
 2140 971 0 nan 0 nan 0.000000
 2141 972 0 nan 0 nan 0.000000
 2142 973 0 nan 0 nan 0.000000
 2143 974 0 nan 0 nan 0.000000
 2150 975 0 nan 0 nan 0.000000
 2151 976 0 nan 0 nan 0.000000
 2152 977 0 nan 0 nan 0.000000
 2153 978 0 nan 0 nan 0.000000
 2154 979 0 nan 0 nan 0.000000
 2161 980 0 nan 0 nan 0.000000
 2162 981 0 nan 0 nan 0.000000
 2163 982 0 nan 0 nan 0.000000
 2164 983 0 nan 0 nan 0.000000
 2165 984 0 nan 0 nan 0.000000
 2172 985 0 nan 0 nan 0.000000
 2173 986 0 nan 0 nan 0.000000
 2174 987 0 nan 0 nan 0.000000
 2175 988 0 nan 0 nan 0.000000
 2176 989 0 nan 0 nan 0.000000
 2183 990 0 nan 0 nan 0.000000
 2184 991 0 nan 0 nan 0.000000
 2185 992 0 nan 0 nan 0.000000
 2186 993 0 nan 0 nan 0.000000
 2187 994 0 nan 0 nan 0.000000
 2194 995 0 nan 0 nan 0.000000
 2195 996 0 nan 0 nan 0.000000
 2196 997 0 nan 0 nan 0.000000
 2197 998 0 nan 0 nan 0.000000
 2198 999 0 nan 0 nan 0.000000
 2205 1000 0 nan 0 nan 0.000000
 2206 1001 0 nan 0 nan 0.000000
 2207 1002 0 nan 0 nan 0.000000
 2208 1003 0 nan 0 nan 0.000000
 2209 1004 0 nan 0 nan 0.000000
 2216 1005 0 nan 0 nan 0.000000
 2217 1006 0 nan 0 nan 0.000000
 2218 1007 0 nan 0 nan 0.000000
 2219 1008 0 nan 0 nan 0.000000
 2220 1009 0 nan 0 nan 0.000000
 2227 1010 0 nan 0 nan 0.000000
 2228 1011 0 nan 0 nan 0.000000
 2229 1012 0 nan 0 nan 0.000000
 2230 1013 0 nan 0 nan 0.000000
 2231 1014 0 nan 0 nan 0.000000
 2238 1015 0 nan 0 nan 0.000000
 2239 1016 0 nan 0 nan 0.000000
 2240 1017 0 nan 0 nan 0.000000
 2241 1018 0 nan 0 nan 0.000000
 2242 1019 0 nan 0 nan 0.000000
 2249 1020 0 nan 0 nan 0.000000
 2250 1021 0 nan 0 nan 0.000000
 2251 1022 0 nan 0 nan 0.000000
 2252 1023 0 nan 0 nan 0.000000
 2253 1024 0 nan 0 nan 0.000000
 2260 1025 0 nan 0 nan 0.000000
 2261 1026 0 nan 0 nan 0.000000
 2262 1027 0 nan 0 nan 0.000000
 2263 1028 0 nan 0 nan 0.000000
 2264 1029 0 nan 0 nan 0.000000
 2271 1030 0 nan 0 nan 0.000000
 2272 1031 0 nan 0 nan 0.000000
 2273 1032 0 nan 0 nan 0.000000
 2274 1033 0 nan 0 nan 0.000000
 2275 1034 0 nan 0 nan 0.000000
 2282 1035 0 nan 0 nan 0.000000
 2283 1036 0 nan 0 nan 0.000000
 2284 1037 0 nan 0 nan 0.000000
 2285 1038 0 nan 0 nan 0.000000
 2286 1039 0 nan 0 nan 0.000000
 2293 1040 0 nan 0 nan 0.000000
 2294 1041 0 nan 0 nan 0.000000
 2295 1042 0 nan 0 nan 0.000000
 2296 1043 0 nan 0 nan 0.000000
 2297 1044 0 nan 0 nan 0.000000
 2304 1045 0 nan 0 nan 0.000000
 2305 1046 0 nan 0 nan 0.000000
 2306 1047 0 nan 0 nan 0.000000
 2307 1048 0 nan 0 nan 0.000000
 2308 1049 0 nan 0 nan 0.000000
 2315 1050 0 nan 0 nan 0.000000
 2316 1051 0 nan 0 nan 0.000000
 2317 1052 0 nan 0 nan 0.000000
 2318 1053 0 nan 0 nan 0.000000
 2319 1054 0 nan 0 nan 0.000000
 2326 1055 0 nan 0 nan 0.000000
 2327 1056 0 nan 0 nan 0.000000
 2328 1057 0 nan 0 nan 0.000000
 2329 1058 0 nan 0 nan 0.000000
 2330 1059 0 nan 0 nan 0.000000
 2337 1060 0 nan 0 nan 0.000000
 2338 1061 0 nan 0 nan 0.000000
 2339 1062 0 nan 0 nan 0.000000
 2340 1063 0 nan 0 nan 0.000000
 2341 1064 0 nan 0 nan 0.000000
 2348 1065 0 nan 0 nan 0.000000
 2349 1066 0 nan 0 nan 0.000000
 2350 1067 0 nan 0 nan 0.000000
 2351 1068 0 nan 0 nan 0.000000
 2352 1069 0 nan 0 nan 0.000000
 2359 1070 0 nan 0 nan 0.000000
 2360 1071 0 nan 0 nan 0.000000
 2361 1072 0 nan 0 nan 0.000000
 2362 1073 0 nan 0 nan 0.000000
 2363 1074 0 nan 0 nan 0.000000
 2370 1075 0 nan 0 nan 0.000000
 2371 1076 0 nan 0 nan 0.000000
 2372 1077 0 nan 0 nan 0.000000
 2373 1078 0 nan 0 nan 0.000000
 2374 1079 0 nan 0 nan 0.000000
 2381 1080 0 nan 0 nan 0.000000
 2382 1081 0 nan 0 nan 0.000000
 2383 1082 0 nan 0 nan 0.000000
 2384 1083 0 nan 0 nan 0.000000
 2385 1084 0 nan 0 nan 0.000000
 2392 1085 0 nan 0 nan 0.000000
 2393 1086 0 nan 0 nan 0.000000
 2394 1087 0 nan 0 nan 0.000000
 2395 1088 0 nan 0 nan 0.000000
 2396 1089 0 nan 0 nan 0.000000
 2403 1090 0 nan 0 nan 0.000000
 2404 1091 0 nan 0 nan 0.000000
 2405 1092 0 nan 0 nan 0.000000
 2406 1093 0 nan 0 nan 0.000000
 2407 1094 0 nan 0 nan 0.000000
 2414 1095 0 nan 0 nan 0.000000
 2415 1096 0 nan 0 nan 0.000000
 2416 1097 0 nan 0 nan 0.000000
 2417 1098 0 nan 0 nan 0.000000
 2418 1099 0 nan 0 nan 0.000000
 2425 1100 0 nan 0 nan 0.000000
 2426 1101 0 nan 0 nan 0.000000
 2427 1102 0 nan 0 nan 0.000000
 2428 1103 0 nan 0 nan 0.000000
 2429 1104 0 nan 0 nan 0.000000
 2436 1105 0 nan 0 nan 0.000000
 2437 1106 0 nan 0 nan 0.000000
 2438 1107 0 nan 0 nan 0.000000
 2439 1108 0 nan 0 nan 0.000000
 2440 1109 0 nan 0 nan 0.000000
 2447 1110 0 nan 0 nan 0.000000
 2448 1111 0 nan 0 nan 0.000000
 2449 1112 0 nan 0 nan 0.000000
 2450 1113 0 nan 0 nan 0.000000
 2451 1114 0 nan 0 nan 0.000000
 2458 1115 0 nan 0 nan 0.000000
 2459 1116 0 nan 0 nan 0.000000
 2460 1117 0 nan 0 nan 0.000000
 2461 1118 0 nan 0 nan 0.000000
 2462 1119 0 nan 0 nan 0.000000
 2469 1120 0 nan 0 nan 0.000000
 2470 1121 0 nan 0 nan 0.000000
 2471 1122 0 nan 0 nan 0.000000
 2472 1123 0 nan 0 nan 0.000000
 2473 1124 0 nan 0 nan 0.000000
 2480 1125 0 nan 0 nan 0.000000
 2481 1126 0 nan 0 nan 0.000000
 2482 1127 0 nan 0 nan 0.000000
 2483 1128 0 nan 0 nan 0.000000
 2484 1129 0 nan 0 nan 0.000000
 2491 1130 0 nan 0 nan 0.000000
 2492 1131 0 nan 0 nan 0.000000
 2493 1132 0 nan 0 nan 0.000000
 2494 1133 0 nan 0 nan 0.000000
 2495 1134 0 nan 0 nan 0.000000
 2502 1135 0 nan 0 nan 0.000000
 2503 1136 0 nan 0 nan 0.000000
 2504 1137 0 nan 0 nan 0.000000
 2505 1138 0 nan 0 nan 0.000000
 2506 1139 0 nan 0 nan 0.000000
 2513 1140 0 nan 0 nan 0.000000
 2514 1141 0 nan 0 nan 0.000000
 2515 1142 0 nan 0 nan 0.000000
 2516 1143 0 nan 0 nan 0.000000
 2517 1144 0 nan 0 nan 0.000000
 2524 1145 0 nan 0 nan 0.000000
 2525 1146 0 nan 0 nan 0.000000
 2526 1147 0 nan 0 nan 0.000000
 2527 1148 0 nan 0 nan 0.000000
 2528 1149 0 nan 0 nan 0.000000
 2535 1150 0 nan 0 nan 0.000000
 2536 1151 0 nan 0 nan 0.000000
 2537 1152 0 nan 0 nan 0.000000
 2538 1153 0 nan 0 nan 0.000000
 2539 1154 0 nan 0 nan 0.000000
 2546 1155 0 nan 0 nan 0.000000
 2547 1156 0 nan 0 nan 0.000000
 2548 1157 0 nan 0 nan 0.000000
 2549 1158 0 nan 0 nan 0.000000
 2550 1159 0 nan 0 nan 0.000000
 2557 1160 0 nan 0 nan 0.000000
 2558 1161 0 nan 0 nan 0.000000
 2559 1162 0 nan 0 nan 0.000000
 2560 1163 0 nan 0 nan 0.000000
 2561 1164 0 nan 0 nan 0.000000
 2568 1165 0 nan 0 nan 0.000000
 2569 1166 0 nan 0 nan 0.000000
 2570 1167 0 nan 0 nan 0.000000
 2571 1168 0 nan 0 nan 0.000000
 2572 1169 0 nan 0 nan 0.000000
 2579 1170 0 nan 0 nan 0.000000
 2580 1171 0 nan 0 nan 0.000000
 2581 1172 0 nan 0 nan 0.000000
 2582 1173 0 nan 0 nan 0.000000
 2583 1174 0 nan 0 nan 0.000000
 2590 1175 0 nan 0 nan 0.000000
 2591 1176 0 nan 0 nan 0.000000
 2592 1177 0 nan 0 nan 0.000000
 2593 1178 0 nan 0 nan 0.000000
 2594 1179 0 nan 0 nan 0.000000
 2601 1180 0 nan 0 nan 0.000000
 2602 1181 0 nan 0 nan 0.000000
 2603 1182 0 nan 0 nan 0.000000
 2604 1183 0 nan 0 nan 0.000000
 2605 1184 0 nan 0 nan 0.000000
 2612 1185 0 nan 0 nan 0.000000
 2613 1186 0 nan 0 nan 0.000000
 2614 1187 0 nan 0 nan 0.000000
 2615 1188 0 nan 0 nan 0.000000
 2616 1189 0 nan 0 nan 0.000000
 2623 1190 0 nan 0 nan 0.000000
 2624 1191 0 nan 0 nan 0.000000
 2625 1192 0 nan 0 nan 0.000000
 2626 1193 0 nan 0 nan 0.000000
 2627 1194 0 nan 0 nan 0.000000
 2634 1195 0 nan 0 nan 0.000000
 2635 1196 0 nan 0 nan 0.000000
 2636 1197 0 nan 0 nan 0.000000
 2637 1198 0 nan 0 nan 0.000000
 2638 1199 0 nan 0 nan 0.000000
 2645 1200 0 nan 0 nan 0.000000
 2646 1201 0 nan 0 nan 0.000000
 2647 1202 0 nan 0 nan 0.000000
 2648 1203 0 nan 0 nan 0.000000
 2649 1204 0 nan 0 nan 0.000000
 2656 1205 0 nan 0 nan 0.000000
 2657 1206 0 nan 0 nan 0.000000
 2658 1207 0 nan 0 nan 0.000000
 2659 1208 0 nan 0 nan 0.000000
 2660 1209 0 nan 0 nan 0.000000
 2667 1210 0 nan 0 nan 0.000000
 2668 1211 0 nan 0 nan 0.000000
 2669 1212 0 nan 0 nan 0.000000
 2670 1213 0 nan 0 nan 0.000000
 2671 1214 0 nan 0 nan 0.000000
 2678 1215 0 nan 0 nan 0.000000
 2679 1216 0 nan 0 nan 0.000000
 2680 1217 0 nan 0 nan 0.000000
 2681 1218 0 nan 0 nan 0.000000
 2682 1219 0 nan 0 nan 0.000000
 2689 1220 0 nan 0 nan 0.000000
 2690 1221 0 nan 0 nan 0.000000
 2691 1222 0 nan 0 nan 0.000000
 2692 1223 0 nan 0 nan 0.000000
 2693 1224 0 nan 0 nan 0.000000
 2700 1225 0 nan 0 nan 0.000000
 2701 1226 0 nan 0 nan 0.000000
 2702 1227 0 nan 0 nan 0.000000
 2703 1228 0 nan 0 nan 0.000000
 2704 1229 0 nan 0 nan 0.000000
 2711 1230 0 nan 0 nan 0.000000
 2712 1231 0 nan 0 nan 0.000000
 2713 1232 0 nan 0 nan 0.000000
 2714 1233 0 nan 0 nan 0.000000
 2715 1234 0 nan 0 nan 0.000000
 2722 1235 0 nan 0 nan 0.000000
 2723 1236 0 nan 0 nan 0.000000
 2724 1237 0 nan 0 nan 0.000000
 2725 1238 0 nan 0 nan 0.000000
 2726 1239 0 nan 0 nan 0.000000
 2733 1240 0 nan 0 nan 0.000000
 2734 1241 0 nan 0 nan 0.000000
 2735 1242 0 nan 0 nan 0.000000
 2736 1243 0 nan 0 nan 0.000000
 2737 1244 0 nan 0 nan 0.000000
 2744 1245 0 nan 0 nan 0.000000
 2745 1246 0 nan 0 nan 0.000000
 2746 1247 0 nan 0 nan 0.000000
 2747 1248 0 nan 0 nan 0.000000
 2748 1249 0 nan 0 nan 0.000000
 2755 1250 0 nan 0 nan 0.000000
 2756 1251 0 nan 0 nan 0.000000
 2757 1252 0 nan 0 nan 0.000000
 2758 1253 0 nan 0 nan 0.000000
 2759 1254 0 nan 0 nan 0.000000
 2766 1255 0 nan 0 nan 0.000000
 2767 1256 0 nan 0 nan 0.000000
 2768 1257 0 nan 0 nan 0.000000
 2769 1258 0 nan 0 nan 0.000000
 2770 1259 0 nan 0 nan 0.000000
 2777 1260 0 nan 0 nan 0.000000
 2778 1261 0 nan 0 nan 0.000000
 2779 1262 0 nan 0 nan 0.000000
 2780 1263 0 nan 0 nan 0.000000
 2781 1264 0 nan 0 nan 0.000000
 2788 1265 0 nan 0 nan 0.000000
 2789 1266 0 nan 0 nan 0.000000
 2790 1267 0 nan 0 nan 0.000000
 2791 1268 0 nan 0 nan 0.000000
 2792 1269 0 nan 0 nan 0.000000
 2799 1270 0 nan 0 nan 0.000000
 2800 1271 0 nan 0 nan 0.000000
 2801 1272 0 nan 0 nan 0.000000
 2802 1273 0 nan 0 nan 0.000000
 2803 1274 0 nan 0 nan 0.000000
 2810 1275 0 nan 0 nan 0.000000
 2811 1276 0 nan 0 nan 0.000000
 2812 1277 0 nan 0 nan 0.000000
 2813 1278 0 nan 0 nan 0.000000
 2814 1279 0 nan 0 nan 0.000000
 2821 1280 0 nan 0 nan 0.000000
 2822 1281 0 nan 0 nan 0.000000
 2823 1282 0 nan 0 nan 0.000000
 2824 1283 0 nan 0 nan 0.000000
 2825 1284 0 nan 0 nan 0.000000
 2832 1285 0 nan 0 nan 0.000000
 2833 1286 0 nan 0 nan 0.000000
 2834 1287 0 nan 0 nan 0.000000
 2835 1288 0 nan 0 nan 0.000000
 2836 1289 0 nan 0 nan 0.000000
 2843 1290 0 nan 0 nan 0.000000
 2844 1291 0 nan 0 nan 0.000000
 2845 1292 0 nan 0 nan 0.000000
 2846 1293 0 nan 0 nan 0.000000
 2847 1294 0 nan 0 nan 0.000000
 2854 1295 0 nan 0 nan 0.000000
 2855 1296 0 nan 0 nan 0.000000
 2856 1297 0 nan 0 nan 0.000000
 2857 1298 0 nan 0 nan 0.000000
 2858 1299 0 nan 0 nan 0.000000
 2865 1300 0 nan 0 nan 0.000000
 2866 1301 0 nan 0 nan 0.000000
 2867 1302 0 nan 0 nan 0.000000
 2868 1303 0 nan 0 nan 0.000000
 2869 1304 0 nan 0 nan 0.000000
 2876 1305 0 nan 0 nan 0.000000
 2877 1306 0 nan 0 nan 0.000000
 2878 1307 0 nan 0 nan 0.000000
 2879 1308 0 nan 0 nan 0.000000
 2880 1309 0 nan 0 nan 0.000000
 2887 1310 0 nan 0 nan 0.000000
 2888 1311 0 nan 0 nan 0.000000
 2889 1312 0 nan 0 nan 0.000000
 2890 1313 0 nan 0 nan 0.000000
 2891 1314 0 nan 0 nan 0.000000
 2898 1315 0 nan 0 nan 0.000000
 2899 1316 0 nan 0 nan 0.000000
 2900 1317 0 nan 0 nan 0.000000
 2901 1318 0 nan 0 nan 0.000000
 2902 1319 0 nan 0 nan 0.000000
 2909 1320 0 nan 0 nan 0.000000
 2910 1321 0 nan 0 nan 0.000000
 2911 1322 0 nan 0 nan 0.000000
 2912 1323 0 nan 0 nan 0.000000
 2913 1324 0 nan 0 nan 0.000000
 2920 1325 0 nan 0 nan 0.000000
 2921 1326 0 nan 0 nan 0.000000
 2922 1327 0 nan 0 nan 0.000000
 2923 1328 0 nan 0 nan 0.000000
 2924 1329 0 nan 0 nan 0.000000
 2931 1330 0 nan 0 nan 0.000000
 2932 1331 0 nan 0 nan 0.000000
 2933 1332 0 nan 0 nan 0.000000
 2934 1333 0 nan 0 nan 0.000000
 2935 1334 0 nan 0 nan 0.000000
 2942 1335 0 nan 0 nan 0.000000
 2943 1336 0 nan 0 nan 0.000000
 2944 1337 0 nan 0 nan 0.000000
 2945 1338 0 nan 0 nan 0.000000
 2946 1339 0 nan 0 nan 0.000000
 2953 1340 0 nan 0 nan 0.000000
 2954 1341 0 nan 0 nan 0.000000
 2955 1342 0 nan 0 nan 0.000000
 2956 1343 0 nan 0 nan 0.000000
 2957 1344 0 nan 0 nan 0.000000
 2964 1345 0 nan 0 nan 0.000000
 2965 1346 0 nan 0 nan 0.000000
 2966 1347 0 nan 0 nan 0.000000
 2967 1348 0 nan 0 nan 0.000000
 2968 1349 0 nan 0 nan 0.000000
 2975 1350 0 nan 0 nan 0.000000
 2976 1351 0 nan 0 nan 0.000000
 2977 1352 0 nan 0 nan 0.000000
 2978 1353 0 nan 0 nan 0.000000
 2979 1354 0 nan 0 nan 0.000000
 2986 1355 0 nan 0 nan 0.000000
 2987 1356 0 nan 0 nan 0.000000
 2988 1357 0 nan 0 nan 0.000000
 2989 1358 0 nan 0 nan 0.000000
 2990 1359 0 nan 0 nan 0.000000
 2997 1360 0 nan 0 nan 0.000000
 2998 1361 0 nan 0 nan 0.000000
 2999 1362 0 nan 0 nan 0.000000
 3000 1363 0 nan 0 nan 0.000000
 3001 1364 0 nan 0 nan 0.000000
 3008 1365 0 nan 0 nan 0.000000
 3009 1366 0 nan 0 nan 0.000000
 3010 1367 0 nan 0 nan 0.000000
 3011 1368 0 nan 0 nan 0.000000
 3012 1369 0 nan 0 nan 0.000000
 3019 1370 0 nan 0 nan 0.000000
 3020 1371 0 nan 0 nan 0.000000
 3021 1372 0 nan 0 nan 0.000000
 3022 1373 0 nan 0 nan 0.000000
 3023 1374 0 nan 0 nan 0.000000
 3030 1375 0 nan 0 nan 0.000000
 3031 1376 0 nan 0 nan 0.000000
 3032 1377 0 nan 0 nan 0.000000
 3033 1378 0 nan 0 nan 0.000000
 3034 1379 0 nan 0 nan 0.000000
 3041 1380 0 nan 0 nan 0.000000
 3042 1381 0 nan 0 nan 0.000000
 3043 1382 0 nan 0 nan 0.000000
 3044 1383 0 nan 0 nan 0.000000
 3045 1384 0 nan 0 nan 0.000000
 3052 1385 0 nan 0 nan 0.000000
 3053 1386 0 nan 0 nan 0.000000
 3054 1387 0 nan 0 nan 0.000000
 3055 1388 0 nan 0 nan 0.000000
 3056 1389 0 nan 0 nan 0.000000
 3063 1390 0 nan 0 nan 0.000000
 3064 1391 0 nan 0 nan 0.000000
 3065 1392 0 nan 0 nan 0.000000
 3066 1393 0 nan 0 nan 0.000000
 3067 1394 0 nan 0 nan 0.000000
 3074 1395 0 nan 0 nan 0.000000
 3075 1396 0 nan 0 nan 0.000000
 3076 1397 0 nan 0 nan 0.000000
 3077 1398 0 nan 0 nan 0.000000
 3078 1399 0 nan 0 nan 0.000000
 3085 1400 0 nan 0 nan 0.000000
 3086 1401 0 nan 0 nan 0.000000
 3087 1402 0 nan 0 nan 0.000000
 3088 1403 0 nan 0 nan 0.000000
 3089 1404 0 nan 0 nan 0.000000
 3096 1405 0 nan 0 nan 0.000000
 3097 1406 0 nan 0 nan 0.000000
 3098 1407 0 nan 0 nan 0.000000
 3099 1408 0 nan 0 nan 0.000000
 3100 1409 0 nan 0 nan 0.000000
 3107 1410 0 nan 0 nan 0.000000
 3108 1411 0 nan 0 nan 0.000000
 3109 1412 0 nan 0 nan 0.000000
 3110 1413 0 nan 0 nan 0.000000
 3111 1414 0 nan 0 nan 0.000000
 3118 1415 0 nan 0 nan 0.000000
 3119 1416 0 nan 0 nan 0.000000
 3120 1417 0 nan 0 nan 0.000000
 3121 1418 0 nan 0 nan 0.000000
 3122 1419 0 nan 0 nan 0.000000
 3129 1420 0 nan 0 nan 0.000000
 3130 1421 0 nan 0 nan 0.000000
 3131 1422 0 nan 0 nan 0.000000
 3132 1423 0 nan 0 nan 0.000000
 3133 1424 0 nan 0 nan 0.000000
 3140 1425 0 nan 0 nan 0.000000
 3141 1426 0 nan 0 nan 0.000000
 3142 1427 0 nan 0 nan 0.000000
 3143 1428 0 nan 0 nan 0.000000
 3144 1429 0 nan 0 nan 0.000000
 3151 1430 0 nan 0 nan 0.000000
 3152 1431 0 nan 0 nan 0.000000
 3153 1432 0 nan 0 nan 0.000000
 3154 1433 0 nan 0 nan 0.000000
 3155 1434 0 nan 0 nan 0.000000
 3162 1435 0 nan 0 nan 0.000000
 3163 1436 0 nan 0 nan 0.000000
 3164 1437 0 nan 0 nan 0.000000
 3165 1438 0 nan 0 nan 0.000000
 3166 1439 0 nan 0 nan 0.000000
 3173 1440 0 nan 0 nan 0.000000
 3174 1441 0 nan 0 nan 0.000000
 3175 1442 0 nan 0 nan 0.000000
 3176 1443 0 nan 0 nan 0.000000
 3177 1444 0 nan 0 nan 0.000000
 3184 1445 0 nan 0 nan 0.000000
 3185 1446 0 nan 0 nan 0.000000
 3186 1447 0 nan 0 nan 0.000000
 3187 1448 0 nan 0 nan 0.000000
 3188 1449 0 nan 0 nan 0.000000
 3195 1450 0 nan 0 nan 0.000000
 3196 1451 0 nan 0 nan 0.000000
 3197 1452 0 nan 0 nan 0.000000
 3198 1453 0 nan 0 nan 0.000000
 3199 1454 0 nan 0 nan 0.000000
 3206 1455 0 nan 0 nan 0.000000
 3207 1456 0 nan 0 nan 0.000000
 3208 1457 0 nan 0 nan 0.000000
 3209 1458 0 nan 0 nan 0.000000
 3210 1459 0 nan 0 nan 0.000000
 3217 1460 0 nan 0 nan 0.000000
 3218 1461 0 nan 0 nan 0.000000
 3219 1462 0 nan 0 nan 0.000000
 3220 1463 0 nan 0 nan 0.000000
 3221 1464 0 nan 0 nan 0.000000
 3228 1465 0 nan 0 nan 0.000000
 3229 1466 0 nan 0 nan 0.000000
 3230 1467 0 nan 0 nan 0.000000
 3231 1468 0 nan 0 nan 0.000000
 3232 1469 0 nan 0 nan 0.000000
 3239 1470 0 nan 0 nan 0.000000
 3240 1471 0 nan 0 nan 0.000000
 3241 1472 0 nan 0 nan 0.000000
 3242 1473 0 nan 0 nan 0.000000
 3243 1474 0 nan 0 nan 0.000000
 3250 1475 0 nan 0 nan 0.000000
 3251 1476 0 nan 0 nan 0.000000
 3252 1477 0 nan 0 nan 0.000000
 3253 1478 0 nan 0 nan 0.000000
 3254 1479 0 nan 0 nan 0.000000
 3261 1480 0 nan 0 nan 0.000000
 3262 1481 0 nan 0 nan 0.000000
 3263 1482 0 nan 0 nan 0.000000
 3264 1483 0 nan 0 nan 0.000000
 3265 1484 0 nan 0 nan 0.000000
 3272 1485 0 nan 0 nan 0.000000
 3273 1486 0 nan 0 nan 0.000000
 3274 1487 0 nan 0 nan 0.000000
 3275 1488 0 nan 0 nan 0.000000
 3276 1489 0 nan 0 nan 0.000000
 3283 1490 0 nan 0 nan 0.000000
 3284 1491 0 nan 0 nan 0.000000
 3285 1492 0 nan 0 nan 0.000000
 3286 1493 0 nan 0 nan 0.000000
 3287 1494 0 nan 0 nan 0.000000
 3294 1495 0 nan 0 nan 0.000000
 3295 1496 0 nan 0 nan 0.000000
 3296 1497 0 nan 0 nan 0.000000
 3297 1498 0 nan 0 nan 0.000000
 3298 1499 0 nan 0 nan 0.000000
 3305 1500 0 nan 0 nan 0.000000
 3306 1501 0 nan 0 nan 0.000000
 3307 1502 0 nan 0 nan 0.000000
 3308 1503 0 nan 0 nan 0.000000
 3309 1504 0 nan 0 nan 0.000000
 3316 1505 0 nan 0 nan 0.000000
 3317 1506 0 nan 0 nan 0.000000
 3318 1507 0 nan 0 nan 0.000000
 3319 1508 0 nan 0 nan 0.000000
 3320 1509 0 nan 0 nan 0.000000
 3327 1510 0 nan 0 nan 0.000000
 3328 1511 0 nan 0 nan 0.000000
 3329 1512 0 nan 0 nan 0.000000
 3330 1513 0 nan 0 nan 0.000000
 3331 1514 0 nan 0 nan 0.000000
 3338 1515 0 nan 0 nan 0.000000
 3339 1516 0 nan 0 nan 0.000000
 3340 1517 0 nan 0 nan 0.000000
 3341 1518 0 nan 0 nan 0.000000
 3342 1519 0 nan 0 nan 0.000000
 3349 1520 0 nan 0 nan 0.000000
 3350 1521 0 nan 0 nan 0.000000
 3351 1522 0 nan 0 nan 0.000000
 3352 1523 0 nan 0 nan 0.000000
 3353 1524 0 nan 0 nan 0.000000
 3360 1525 0 nan 0 nan 0.000000
 3361 1526 0 nan 0 nan 0.000000
 3362 1527 0 nan 0 nan 0.000000
 3363 1528 0 nan 0 nan 0.000000
 3364 1529 0 nan 0 nan 0.000000
 3371 1530 0 nan 0 nan 0.000000
 3372 1531 0 nan 0 nan 0.000000
 3373 1532 0 nan 0 nan 0.000000
 3374 1533 0 nan 0 nan 0.000000
 3375 1534 0 nan 0 nan 0.000000
 3382 1535 0 nan 0 nan 0.000000
 3383 1536 0 nan 0 nan 0.000000
 3384 1537 0 nan 0 nan 0.000000
 3385 1538 0 nan 0 nan 0.000000
 3386 1539 0 nan 0 nan 0.000000
 3393 1540 0 nan 0 nan 0.000000
 3394 1541 0 nan 0 nan 0.000000
 3395 1542 0 nan 0 nan 0.000000
 3396 1543 0 nan 0 nan 0.000000
 3397 1544 0 nan 0 nan 0.000000
 3404 1545 0 nan 0 nan 0.000000
 3405 1546 0 nan 0 nan 0.000000
 3406 1547 0 nan 0 nan 0.000000
 3407 1548 0 nan 0 nan 0.000000
 3408 1549 0 nan 0 nan 0.000000
 3415 1550 0 nan 0 nan 0.000000
 3416 1551 0 nan 0 nan 0.000000
 3417 1552 0 nan 0 nan 0.000000
 3418 1553 0 nan 0 nan 0.000000
 3419 1554 0 nan 0 nan 0.000000
 3426 1555 0 nan 0 nan 0.000000
 3427 1556 0 nan 0 nan 0.000000
 3428 1557 0 nan 0 nan 0.000000
 3429 1558 0 nan 0 nan 0.000000
 3430 1559 0 nan 0 nan 0.000000
 3437 1560 0 nan 0 nan 0.000000
 3438 1561 0 nan 0 nan 0.000000
 3439 1562 0 nan 0 nan 0.000000
 3440 1563 0 nan 0 nan 0.000000
 3441 1564 0 nan 0 nan 0.000000
 3448 1565 0 nan 0 nan 0.000000
 3449 1566 0 nan 0 nan 0.000000
 3450 1567 0 nan 0 nan 0.000000
 3451 1568 0 nan 0 nan 0.000000
 3452 1569 0 nan 0 nan 0.000000
 3459 1570 0 nan 0 nan 0.000000
 3460 1571 0 nan 0 nan 0.000000
 3461 1572 0 nan 0 nan 0.000000
 3462 1573 0 nan 0 nan 0.000000
 3463 1574 0 nan 0 nan 0.000000
 3470 1575 0 nan 0 nan 0.000000
 3471 1576 0 nan 0 nan 0.000000
 3472 1577 0 nan 0 nan 0.000000
 3473 1578 0 nan 0 nan 0.000000
 3474 1579 0 nan 0 nan 0.000000
 3481 1580 0 nan 0 nan 0.000000
 3482 1581 0 nan 0 nan 0.000000
 3483 1582 0 nan 0 nan 0.000000
 3484 1583 0 nan 0 nan 0.000000
 3485 1584 0 nan 0 nan 0.000000
 3492 1585 0 nan 0 nan 0.000000
 3493 1586 0 nan 0 nan 0.000000
 3494 1587 0 nan 0 nan 0.000000
 3495 1588 0 nan 0 nan 0.000000
 3496 1589 0 nan 0 nan 0.000000
 3503 1590 0 nan 0 nan 0.000000
 3504 1591 0 nan 0 nan 0.000000
 3505 1592 0 nan 0 nan 0.000000
 3506 1593 0 nan 0 nan 0.000000
 3507 1594 0 nan 0 nan 0.000000
 3514 1595 0 nan 0 nan 0.000000
 3515 1596 0 nan 0 nan 0.000000
 3516 1597 0 nan 0 nan 0.000000
 3517 1598 0 nan 0 nan 0.000000
 3518 1599 0 nan 0 nan 0.000000
 3525 1600 0 nan 0 nan 0.000000
 3526 1601 0 nan 0 nan 0.000000
 3527 1602 0 nan 0 nan 0.000000
 3528 1603 0 nan 0 nan 0.000000
 3529 1604 0 nan 0 nan 0.000000
 3536 1605 0 nan 0 nan 0.000000
 3537 1606 0 nan 0 nan 0.000000
 3538 1607 0 nan 0 nan 0.000000
 3539 1608 0 nan 0 nan 0.000000
 3540 1609 0 nan 0 nan 0.000000
 3547 1610 0 nan 0 nan 0.000000
 3548 1611 0 nan 0 nan 0.000000
 3549 1612 0 nan 0 nan 0.000000
 3550 1613 0 nan 0 nan 0.000000
 3551 1614 0 nan 0 nan 0.000000
 3558 1615 0 nan 0 nan 0.000000
 3559 1616 0 nan 0 nan 0.000000
 3560 1617 0 nan 0 nan 0.000000
 3561 1618 0 nan 0 nan 0.000000
 3562 1619 0 nan 0 nan 0.000000
 3569 1620 0 nan 0 nan 0.000000
 3570 1621 0 nan 0 nan 0.000000
 3571 1622 0 nan 0 nan 0.000000
 3572 1623 0 nan 0 nan 0.000000
 3573 1624 0 nan 0 nan 0.000000
 3580 1625 0 nan 0 nan 0.000000
 3581 1626 0 nan 0 nan 0.000000
 3582 1627 0 nan 0 nan 0.000000
 3583 1628 0 nan 0 nan 0.000000
 3584 1629 0 nan 0 nan 0.000000
 3591 1630 0 nan 0 nan 0.000000
 3592 1631 0 nan 0 nan 0.000000
 3593 1632 0 nan 0 nan 0.000000
 3594 1633 0 nan 0 nan 0.000000
 3595 1634 0 nan 0 nan 0.000000
 3602 1635 0 nan 0 nan 0.000000
 3603 1636 0 nan 0 nan 0.000000
 3604 1637 0 nan 0 nan 0.000000
 3605 1638 0 nan 0 nan 0.000000
 3606 1639 0 nan 0 nan 0.000000
 3613 1640 0 nan 0 nan 0.000000
 3614 1641 0 nan 0 nan 0.000000
 3615 1642 0 nan 0 nan 0.000000
 3616 1643 0 nan 0 nan 0.000000
 3617 1644 0 nan 0 nan 0.000000
 3624 1645 0 nan 0 nan 0.000000
 3625 1646 0 nan 0 nan 0.000000
 3626 1647 0 nan 0 nan 0.000000
 3627 1648 0 nan 0 nan 0.000000
 3628 1649 0 nan 0 nan 0.000000
 3635 1650 0 nan 0 nan 0.000000
 3636 1651 0 nan 0 nan 0.000000
 3637 1652 0 nan 0 nan 0.000000
 3638 1653 0 nan 0 nan 0.000000
 3639 1654 0 nan 0 nan 0.000000
 3646 1655 0 nan 0 nan 0.000000
 3647 1656 0 nan 0 nan 0.000000
 3648 1657 0 nan 0 nan 0.000000
 3649 1658 0 nan 0 nan 0.000000
 3650 1659 0 nan 0 nan 0.000000
 3657 1660 0 nan 0 nan 0.000000
 3658 1661 0 nan 0 nan 0.000000
 3659 1662 0 nan 0 nan 0.000000
 3660 1663 0 nan 0 nan 0.000000
 3661 1664 0 nan 0 nan 0.000000
 3668 1665 0 nan 0 nan 0.000000
 3669 1666 0 nan 0 nan 0.000000
 3670 1667 0 nan 0 nan 0.000000
 3671 1668 0 nan 0 nan 0.000000
 3672 1669 0 nan 0 nan 0.000000
 3679 1670 0 nan 0 nan 0.000000
 3680 1671 0 nan 0 nan 0.000000
 3681 1672 0 nan 0 nan 0.000000
 3682 1673 0 nan 0 nan 0.000000
 3683 1674 0 nan 0 nan 0.000000
 3690 1675 0 nan 0 nan 0.000000
 3691 1676 0 nan 0 nan 0.000000
 3692 1677 0 nan 0 nan 0.000000
 3693 1678 0 nan 0 nan 0.000000
 3694 1679 0 nan 0 nan 0.000000
 3701 1680 0 nan 0 nan 0.000000
 3702 1681 0 nan 0 nan 0.000000
 3703 1682 0 nan 0 nan 0.000000
 3704 1683 0 nan 0 nan 0.000000
 3705 1684 0 nan 0 nan 0.000000
 3712 1685 0 nan 0 nan 0.000000
 3713 1686 0 nan 0 nan 0.000000
 3714 1687 0 nan 0 nan 0.000000
 3715 1688 0 nan 0 nan 0.000000
 3716 1689 0 nan 0 nan 0.000000
 3723 1690 0 nan 0 nan 0.000000
 3724 1691 0 nan 0 nan 0.000000
 3725 1692 0 nan 0 nan 0.000000
 3726 1693 0 nan 0 nan 0.000000
 3727 1694 0 nan 0 nan 0.000000
 3734 1695 0 nan 0 nan 0.000000
 3735 1696 0 nan 0 nan 0.000000
 3736 1697 0 nan 0 nan 0.000000
 3737 1698 0 nan 0 nan 0.000000
 3738 1699 0 nan 0 nan 0.000000
 3745 1700 0 nan 0 nan 0.000000
 3746 1701 0 nan 0 nan 0.000000
 3747 1702 0 nan 0 nan 0.000000
 3748 1703 0 nan 0 nan 0.000000
 3749 1704 0 nan 0 nan 0.000000
 3756 1705 0 nan 0 nan 0.000000
 3757 1706 0 nan 0 nan 0.000000
 3758 1707 0 nan 0 nan 0.000000
 3759 1708 0 nan 0 nan 0.000000
 3760 1709 0 nan 0 nan 0.000000
 3767 1710 0 nan 0 nan 0.000000
 3768 1711 0 nan 0 nan 0.000000
 3769 1712 0 nan 0 nan 0.000000
 3770 1713 0 nan 0 nan 0.000000
 3771 1714 0 nan 0 nan 0.000000
 3778 1715 0 nan 0 nan 0.000000
 3779 1716 0 nan 0 nan 0.000000
 3780 1717 0 nan 0 nan 0.000000
 3781 1718 0 nan 0 nan 0.000000
 3782 1719 0 nan 0 nan 0.000000
 3789 1720 0 nan 0 nan 0.000000
 3790 1721 0 nan 0 nan 0.000000
 3791 1722 0 nan 0 nan 0.000000
 3792 1723 0 nan 0 nan 0.000000
 3793 1724 0 nan 0 nan 0.000000
 3800 1725 0 nan 0 nan 0.000000
 3801 1726 0 nan 0 nan 0.000000
 3802 1727 0 nan 0 nan 0.000000
 3803 1728 0 nan 0 nan 0.000000
 3804 1729 0 nan 0 nan 0.000000
 3811 1730 0 nan 0 nan 0.000000
 3812 1731 0 nan 0 nan 0.000000
 3813 1732 0 nan 0 nan 0.000000
 3814 1733 0 nan 0 nan 0.000000
 3815 1734 0 nan 0 nan 0.000000
 3822 1735 0 nan 0 nan 0.000000
 3823 1736 0 nan 0 nan 0.000000
 3824 1737 0 nan 0 nan 0.000000
 3825 1738 0 nan 0 nan 0.000000
 3826 1739 0 nan 0 nan 0.000000
 3833 1740 0 nan 0 nan 0.000000
 3834 1741 0 nan 0 nan 0.000000
 3835 1742 0 nan 0 nan 0.000000
 3836 1743 0 nan 0 nan 0.000000
 3837 1744 0 nan 0 nan 0.000000
 3844 1745 0 nan 0 nan 0.000000
 3845 1746 0 nan 0 nan 0.000000
 3846 1747 0 nan 0 nan 0.000000
 3847 1748 0 nan 0 nan 0.000000
 3848 1749 0 nan 0 nan 0.000000
 3855 1750 0 nan 0 nan 0.000000
 3856 1751 0 nan 0 nan 0.000000
 3857 1752 0 nan 0 nan 0.000000
 3858 1753 0 nan 0 nan 0.000000
 3859 1754 0 nan 0 nan 0.000000
 3866 1755 0 nan 0 nan 0.000000
 3867 1756 0 nan 0 nan 0.000000
 3868 1757 0 nan 0 nan 0.000000
 3869 1758 0 nan 0 nan 0.000000
 3870 1759 0 nan 0 nan 0.000000
 3877 1760 0 nan 0 nan 0.000000
 3878 1761 0 nan 0 nan 0.000000
 3879 1762 0 nan 0 nan 0.000000
 3880 1763 0 nan 0 nan 0.000000
 3881 1764 0 nan 0 nan 0.000000
 3888 1765 0 nan 0 nan 0.000000
 3889 1766 0 nan 0 nan 0.000000
 3890 1767 0 nan 0 nan 0.000000
 3891 1768 0 nan 0 nan 0.000000
 3892 1769 0 nan 0 nan 0.000000
 3899 1770 0 nan 0 nan 0.000000
 3900 1771 0 nan 0 nan 0.000000
 3901 1772 0 nan 0 nan 0.000000
 3902 1773 0 nan 0 nan 0.000000
 3903 1774 0 nan 0 nan 0.000000
 3910 1775 0 nan 0 nan 0.000000
 3911 1776 0 nan 0 nan 0.000000
 3912 1777 0 nan 0 nan 0.000000
 3913 1778 0 nan 0 nan 0.000000
 3914 1779 0 nan 0 nan 0.000000
 3921 1780 0 nan 0 nan 0.000000
 3922 1781 0 nan 0 nan 0.000000
 3923 1782 0 nan 0 nan 0.000000
 3924 1783 0 nan 0 nan 0.000000
 3925 1784 0 nan 0 nan 0.000000
 3932 1785 0 nan 0 nan 0.000000
 3933 1786 0 nan 0 nan 0.000000
 3934 1787 0 nan 0 nan 0.000000
 3935 1788 0 nan 0 nan 0.000000
 3936 1789 0 nan 0 nan 0.000000
 3943 1790 0 nan 0 nan 0.000000
 3944 1791 0 nan 0 nan 0.000000
 3945 1792 0 nan 0 nan 0.000000
 3946 1793 0 nan 0 nan 0.000000
 3947 1794 0 nan 0 nan 0.000000
 3954 1795 0 nan 0 nan 0.000000
 3955 1796 0 nan 0 nan 0.000000
 3956 1797 0 nan 0 nan 0.000000
 3957 1798 0 nan 0 nan 0.000000
 3958 1799 0 nan 0 nan 0.000000
 3965 1800 0 nan 0 nan 0.000000
 3966 1801 0 nan 0 nan 0.000000
 3967 1802 0 nan 0 nan 0.000000
 3968 1803 0 nan 0 nan 0.000000
 3969 1804 0 nan 0 nan 0.000000
 3976 1805 0 nan 0 nan 0.000000
 3977 1806 0 nan 0 nan 0.000000
 3978 1807 0 nan 0 nan 0.000000
 3979 1808 0 nan 0 nan 0.000000
 3980 1809 0 nan 0 nan 0.000000
 3987 1810 0 nan 0 nan 0.000000
 3988 1811 0 nan 0 nan 0.000000
 3989 1812 0 nan 0 nan 0.000000
 3990 1813 0 nan 0 nan 0.000000
 3991 1814 0 nan 0 nan 0.000000
 3998 1815 0 nan 0 nan 0.000000
 3999 1816 0 nan 0 nan 0.000000
 4000 1817 0 nan 0 nan 0.000000
 4001 1818 0 nan 0 nan 0.000000
 4002 1819 0 nan 0 nan 0.000000
 4009 1820 0 nan 0 nan 0.000000
 4010 1821 0 nan 0 nan 0.000000
 4011 1822 0 nan 0 nan 0.000000
 4012 1823 0 nan 0 nan 0.000000
 4013 1824 0 nan 0 nan 0.000000
 4020 1825 0 nan 0 nan 0.000000
 4021 1826 0 nan 0 nan 0.000000
 4022 1827 0 nan 0 nan 0.000000
 4023 1828 0 nan 0 nan 0.000000
 4024 1829 0 nan 0 nan 0.000000
 4031 1830 0 nan 0 nan 0.000000
 4032 1831 0 nan 0 nan 0.000000
 4033 1832 0 nan 0 nan 0.000000
 4034 1833 0 nan 0 nan 0.000000
 4035 1834 0 nan 0 nan 0.000000
 4042 1835 0 nan 0 nan 0.000000
 4043 1836 0 nan 0 nan 0.000000
 4044 1837 0 nan 0 nan 0.000000
 4045 1838 0 nan 0 nan 0.000000
 4046 1839 0 nan 0 nan 0.000000
 4053 1840 0 nan 0 nan 0.000000
 4054 1841 0 nan 0 nan 0.000000
 4055 1842 0 nan 0 nan 0.000000
 4056 1843 0 nan 0 nan 0.000000
 4057 1844 0 nan 0 nan 0.000000
 4064 1845 0 nan 0 nan 0.000000
 4065 1846 0 nan 0 nan 0.000000
 4066 1847 0 nan 0 nan 0.000000
 4067 1848 0 nan 0 nan 0.000000
 4068 1849 0 nan 0 nan 0.000000
 4075 1850 0 nan 0 nan 0.000000
 4076 1851 0 nan 0 nan 0.000000
 4077 1852 0 nan 0 nan 0.000000
 4078 1853 0 nan 0 nan 0.000000
 4079 1854 0 nan 0 nan 0.000000
 4086 1855 0 nan 0 nan 0.000000
 4087 1856 0 nan 0 nan 0.000000
 4088 1857 0 nan 0 nan 0.000000
 4089 1858 0 nan 0 nan 0.000000
 4090 1859 0 nan 0 nan 0.000000
 4097 1860 0 nan 0 nan 0.000000
 4098 1861 0 nan 0 nan 0.000000
 4099 1862 0 nan 0 nan 0.000000
 4100 1863 0 nan 0 nan 0.000000
 4101 1864 0 nan 0 nan 0.000000
 4108 1865 0 nan 0 nan 0.000000
 4109 1866 0 nan 0 nan 0.000000
 4110 1867 0 nan 0 nan 0.000000
 4111 1868 0 nan 0 nan 0.000000
 4112 1869 0 nan 0 nan 0.000000
 4119 1870 0 nan 0 nan 0.000000
 4120 1871 0 nan 0 nan 0.000000
 4121 1872 0 nan 0 nan 0.000000
 4122 1873 0 nan 0 nan 0.000000
 4123 1874 0 nan 0 nan 0.000000
 4130 1875 0 nan 0 nan 0.000000
 4131 1876 0 nan 0 nan 0.000000
 4132 1877 0 nan 0 nan 0.000000
 4133 1878 0 nan 0 nan 0.000000
 4134 1879 0 nan 0 nan 0.000000
 4141 1880 0 nan 0 nan 0.000000
 4142 1881 0 nan 0 nan 0.000000
 4143 1882 0 nan 0 nan 0.000000
 4144 1883 0 nan 0 nan 0.000000
 4145 1884 0 nan 0 nan 0.000000
 4152 1885 0 nan 0 nan 0.000000
 4153 1886 0 nan 0 nan 0.000000
 4154 1887 0 nan 0 nan 0.000000
 4155 1888 0 nan 0 nan 0.000000
 4156 1889 0 nan 0 nan 0.000000
 4163 1890 0 nan 0 nan 0.000000
 4164 1891 0 nan 0 nan 0.000000
 4165 1892 0 nan 0 nan 0.000000
 4166 1893 0 nan 0 nan 0.000000
 4167 1894 0 nan 0 nan 0.000000
 4174 1895 0 nan 0 nan 0.000000
 4175 1896 0 nan 0 nan 0.000000
 4176 1897 0 nan 0 nan 0.000000
 4177 1898 0 nan 0 nan 0.000000
 4178 1899 0 nan 0 nan 0.000000
 4185 1900 0 nan 0 nan 0.000000
 4186 1901 0 nan 0 nan 0.000000
 4187 1902 0 nan 0 nan 0.000000
 4188 1903 0 nan 0 nan 0.000000
 4189 1904 0 nan 0 nan 0.000000
 4196 1905 0 nan 0 nan 0.000000
 4197 1906 0 nan 0 nan 0.000000
 4198 1907 0 nan 0 nan 0.000000
 4199 1908 0 nan 0 nan 0.000000
 4200 1909 0 nan 0 nan 0.000000
 4207 1910 0 nan 0 nan 0.000000
 4208 1911 0 nan 0 nan 0.000000
 4209 1912 0 nan 0 nan 0.000000
 4210 1913 0 nan 0 nan 0.000000
 4211 1914 0 nan 0 nan 0.000000
 4218 1915 0 nan 0 nan 0.000000
 4219 1916 0 nan 0 nan 0.000000
 4220 1917 0 nan 0 nan 0.000000
 4221 1918 0 nan 0 nan 0.000000
 4222 1919 0 nan 0 nan 0.000000
 4229 1920 0 nan 0 nan 0.000000
 4230 1921 0 nan 0 nan 0.000000
 4231 1922 0 nan 0 nan 0.000000
 4232 1923 0 nan 0 nan 0.000000
 4233 1924 0 nan 0 nan 0.000000
 4240 1925 0 nan 0 nan 0.000000
 4241 1926 0 nan 0 nan 0.000000
 4242 1927 0 nan 0 nan 0.000000
 4243 1928 0 nan 0 nan 0.000000
 4244 1929 0 nan 0 nan 0.000000
 4251 1930 0 nan 0 nan 0.000000
 4252 1931 0 nan 0 nan 0.000000
 4253 1932 0 nan 0 nan 0.000000
 4254 1933 0 nan 0 nan 0.000000
 4255 1934 0 nan 0 nan 0.000000
 4262 1935 0 nan 0 nan 0.000000
 4263 1936 0 nan 0 nan 0.000000
 4264 1937 0 nan 0 nan 0.000000
 4265 1938 0 nan 0 nan 0.000000
 4266 1939 0 nan 0 nan 0.000000
 4273 1940 0 nan 0 nan 0.000000
 4274 1941 0 nan 0 nan 0.000000
 4275 1942 0 nan 0 nan 0.000000
 4276 1943 0 nan 0 nan 0.000000
 4277 1944 0 nan 0 nan 0.000000
 4284 1945 0 nan 0 nan 0.000000
 4285 1946 0 nan 0 nan 0.000000
 4286 1947 0 nan 0 nan 0.000000
 4287 1948 0 nan 0 nan 0.000000
 4288 1949 0 nan 0 nan 0.000000
 4295 1950 0 nan 0 nan 0.000000
 4296 1951 0 nan 0 nan 0.000000
 4297 1952 0 nan 0 nan 0.000000
 4298 1953 0 nan 0 nan 0.000000
 4299 1954 0 nan 0 nan 0.000000
 4306 1955 0 nan 0 nan 0.000000
 4307 1956 0 nan 0 nan 0.000000
 4308 1957 0 nan 0 nan 0.000000
 4309 1958 0 nan 0 nan 0.000000
 4310 1959 0 nan 0 nan 0.000000
 4317 1960 0 nan 0 nan 0.000000
 4318 1961 0 nan 0 nan 0.000000
 4319 1962 0 nan 0 nan 0.000000
 4320 1963 0 nan 0 nan 0.000000
 4321 1964 0 nan 0 nan 0.000000
 4328 1965 0 nan 0 nan 0.000000
 4329 1966 0 nan 0 nan 0.000000
 4330 1967 0 nan 0 nan 0.000000
 4331 1968 0 nan 0 nan 0.000000
 4332 1969 0 nan 0 nan 0.000000
 4339 1970 0 nan 0 nan 0.000000
 4340 1971 0 nan 0 nan 0.000000
 4341 1972 0 nan 0 nan 0.000000
 4342 1973 0 nan 0 nan 0.000000
 4343 1974 0 nan 0 nan 0.000000
 4350 1975 0 nan 0 nan 0.000000
 4351 1976 0 nan 0 nan 0.000000
 4352 1977 0 nan 0 nan 0.000000
 4353 1978 0 nan 0 nan 0.000000
 4354 1979 0 nan 0 nan 0.000000
 4361 1980 0 nan 0 nan 0.000000
 4362 1981 0 nan 0 nan 0.000000
 4363 1982 0 nan 0 nan 0.000000
 4364 1983 0 nan 0 nan 0.000000
 4365 1984 0 nan 0 nan 0.000000
 4372 1985 0 nan 0 nan 0.000000
 4373 1986 0 nan 0 nan 0.000000
 4374 1987 0 nan 0 nan 0.000000
 4375 1988 0 nan 0 nan 0.000000
 4376 1989 0 nan 0 nan 0.000000
 4383 1990 0 nan 0 nan 0.000000
 4384 1991 0 nan 0 nan 0.000000
 4385 1992 0 nan 0 nan 0.000000
 4386 1993 0 nan 0 nan 0.000000
 4387 1994 0 nan 0 nan 0.000000
 4394 1995 0 nan 0 nan 0.000000
 4395 1996 0 nan 0 nan 0.000000
 4396 1997 0 nan 0 nan 0.000000
 4397 1998 0 nan 0 nan 0.000000
 4398 1999 0 nan 0 nan 0.000000
 4405 2000 0 nan 0 nan 0.000000
 4406 2001 0 nan 0 nan 0.000000
 4407 2002 0 nan 0 nan 0.000000
 4408 2003 0 nan 0 nan 0.000000
 4409 2004 0 nan 0 nan 0.000000
 4416 2005 0 nan 0 nan 0.000000
 4417 2006 0 nan 0 nan 0.000000
 4418 2007 0 nan 0 nan 0.000000
 4419 2008 0 nan 0 nan 0.000000
 4420 2009 0 nan 0 nan 0.000000
 4427 2010 0 nan 0 nan 0.000000
 4428 2011 0 nan 0 nan 0.000000
 4429 2012 0 nan 0 nan 0.000000
 4430 2013 0 nan 0 nan 0.000000
 4431 2014 0 nan 0 nan 0.000000
 4438 2015 0 nan 0 nan 0.000000
 4439 2016 0 nan 0 nan 0.000000
 4440 2017 0 nan 0 nan 0.000000
 4441 2018 0 nan 0 nan 0.000000
 4442 2019 0 nan 0 nan 0.000000
 4449 2020 0 nan 0 nan 0.000000
 4450 2021 0 nan 0 nan 0.000000
 4451 2022 0 nan 0 nan 0.000000
 4452 2023 0 nan 0 nan 0.000000
 4453 2024 0 nan 0 nan 0.000000
 4460 2025 0 nan 0 nan 0.000000
 4461 2026 0 nan 0 nan 0.000000
 4462 2027 0 nan 0 nan 0.000000
 4463 2028 0 nan 0 nan 0.000000
 4464 2029 0 nan 0 nan 0.000000
 4471 2030 0 nan 0 nan 0.000000
 4472 2031 0 nan 0 nan 0.000000
 4473 2032 0 nan 0 nan 0.000000
 4474 2033 0 nan 0 nan 0.000000
 4475 2034 0 nan 0 nan 0.000000
 4482 2035 0 nan 0 nan 0.000000
 4483 2036 0 nan 0 nan 0.000000
 4484 2037 0 nan 0 nan 0.000000
 4485 2038 0 nan 0 nan 0.000000
 4486 2039 0 nan 0 nan 0.000000
 4493 2040 0 nan 0 nan 0.000000
 4494 2041 0 nan 0 nan 0.000000
 4495 2042 0 nan 0 nan 0.000000
 4496 2043 0 nan 0 nan 0.000000
 4497 2044 0 nan 0 nan 0.000000
 4504 2045 0 nan 0 nan 0.000000
 4505 2046 0 nan 0 nan 0.000000
 4506 2047 0 nan 0 nan 0.000000
 4507 2048 0 nan 0 nan 0.000000
 4508 2049 0 nan 0 nan 0.000000
 4515 2050 0 nan 0 nan 0.000000
 4516 2051 0 nan 0 nan 0.000000
 4517 2052 0 nan 0 nan 0.000000
 4518 2053 0 nan 0 nan 0.000000
 4519 2054 0 nan 0 nan 0.000000
 4526 2055 0 nan 0 nan 0.000000
 4527 2056 0 nan 0 nan 0.000000
 4528 2057 0 nan 0 nan 0.000000
 4529 2058 0 nan 0 nan 0.000000
 4530 2059 0 nan 0 nan 0.000000
 4537 2060 0 nan 0 nan 0.000000
 4538 2061 0 nan 0 nan 0.000000
 4539 2062 0 nan 0 nan 0.000000
 4540 2063 0 nan 0 nan 0.000000
 4541 2064 0 nan 0 nan 0.000000
 4548 2065 0 nan 0 nan 0.000000
 4549 2066 0 nan 0 nan 0.000000
 4550 2067 0 nan 0 nan 0.000000
 4551 2068 0 nan 0 nan 0.000000
 4552 2069 0 nan 0 nan 0.000000
 4559 2070 0 nan 0 nan 0.000000
 4560 2071 0 nan 0 nan 0.000000
 4561 2072 0 nan 0 nan 0.000000
 4562 2073 0 nan 0 nan 0.000000
 4563 2074 0 nan 0 nan 0.000000
 4570 2075 0 nan 0 nan 0.000000
 4571 2076 0 nan 0 nan 0.000000
 4572 2077 0 nan 0 nan 0.000000
 4573 2078 0 nan 0 nan 0.000000
 4574 2079 0 nan 0 nan 0.000000
 4581 2080 0 nan 0 nan 0.000000
 4582 2081 0 nan 0 nan 0.000000
 4583 2082 0 nan 0 nan 0.000000
 4584 2083 0 nan 0 nan 0.000000
 4585 2084 0 nan 0 nan 0.000000
 4592 2085 0 nan 0 nan 0.000000
 4593 2086 0 nan 0 nan 0.000000
 4594 2087 0 nan 0 nan 0.000000
 4595 2088 0 nan 0 nan 0.000000
 4596 2089 0 nan 0 nan 0.000000
 4603 2090 0 nan 0 nan 0.000000
 4604 2091 0 nan 0 nan 0.000000
 4605 2092 0 nan 0 nan 0.000000
 4606 2093 0 nan 0 nan 0.000000
 4607 2094 0 nan 0 nan 0.000000
 4614 2095 0 nan 0 nan 0.000000
 4615 2096 0 nan 0 nan 0.000000
 4616 2097 0 nan 0 nan 0.000000
 4617 2098 0 nan 0 nan 0.000000
 4618 2099 0 nan 0 nan 0.000000
 4625 2100 0 nan 0 nan 0.000000
 4626 2101 0 nan 0 nan 0.000000
 4627 2102 0 nan 0 nan 0.000000
 4628 2103 0 nan 0 nan 0.000000
 4629 2104 0 nan 0 nan 0.000000
 4636 2105 0 nan 0 nan 0.000000
 4637 2106 0 nan 0 nan 0.000000
 4638 2107 0 nan 0 nan 0.000000
 4639 2108 0 nan 0 nan 0.000000
 4640 2109 0 nan 0 nan 0.000000
 4647 2110 0 nan 0 nan 0.000000
 4648 2111 0 nan 0 nan 0.000000
 4649 2112 0 nan 0 nan 0.000000
 4650 2113 0 nan 0 nan 0.000000
 4651 2114 0 nan 0 nan 0.000000
 4658 2115 0 nan 0 nan 0.000000
 4659 2116 0 nan 0 nan 0.000000
 4660 2117 0 nan 0 nan 0.000000
 4661 2118 0 nan 0 nan 0.000000
 4662 2119 0 nan 0 nan 0.000000
 4669 2120 0 nan 0 nan 0.000000
 4670 2121 0 nan 0 nan 0.000000
 4671 2122 0 nan 0 nan 0.000000
 4672 2123 0 nan 0 nan 0.000000
 4673 2124 0 nan 0 nan 0.000000
 4680 2125 0 nan 0 nan 0.000000
 4681 2126 0 nan 0 nan 0.000000
 4682 2127 0 nan 0 nan 0.000000
 4683 2128 0 nan 0 nan 0.000000
 4684 2129 0 nan 0 nan 0.000000
 4691 2130 0 nan 0 nan 0.000000
 4692 2131 0 nan 0 nan 0.000000
 4693 2132 0 nan 0 nan 0.000000
 4694 2133 0 nan 0 nan 0.000000
 4695 2134 0 nan 0 nan 0.000000
 4702 2135 0 nan 0 nan 0.000000
 4703 2136 0 nan 0 nan 0.000000
 4704 2137 0 nan 0 nan 0.000000
 4705 2138 0 nan 0 nan 0.000000
 4706 2139 0 nan 0 nan 0.000000
 4713 2140 0 nan 0 nan 0.000000
 4714 2141 0 nan 0 nan 0.000000
 4715 2142 0 nan 0 nan 0.000000
 4716 2143 0 nan 0 nan 0.000000
 4717 2144 0 nan 0 nan 0.000000
 4724 2145 0 nan 0 nan 0.000000
 4725 2146 0 nan 0 nan 0.000000
 4726 2147 0 nan 0 nan 0.000000
 4727 2148 0 nan 0 nan 0.000000
 4728 2149 0 nan 0 nan 0.000000
 4735 2150 0 nan 0 nan 0.000000
 4736 2151 0 nan 0 nan 0.000000
 4737 2152 0 nan 0 nan 0.000000
 4738 2153 0 nan 0 nan 0.000000
 4739 2154 0 nan 0 nan 0.000000
 4746 2155 0 nan 0 nan 0.000000
 4747 2156 0 nan 0 nan 0.000000
 4748 2157 0 nan 0 nan 0.000000
 4749 2158 0 nan 0 nan 0.000000
 4750 2159 0 nan 0 nan 0.000000
 4757 2160 0 nan 0 nan 0.000000
 4758 2161 0 nan 0 nan 0.000000
 4759 2162 0 nan 0 nan 0.000000
 4760 2163 0 nan 0 nan 0.000000
 4761 2164 0 nan 0 nan 0.000000
 4768 2165 0 nan 0 nan 0.000000
 4769 2166 0 nan 0 nan 0.000000
 4770 2167 0 nan 0 nan 0.000000
 4771 2168 0 nan 0 nan 0.000000
 4772 2169 0 nan 0 nan 0.000000
 4779 2170 0 nan 0 nan 0.000000
 4780 2171 0 nan 0 nan 0.000000
 4781 2172 0 nan 0 nan 0.000000
 4782 2173 0 nan 0 nan 0.000000
 4783 2174 0 nan 0 nan 0.000000
 4790 2175 0 nan 0 nan 0.000000
 4791 2176 0 nan 0 nan 0.000000
 4792 2177 0 nan 0 nan 0.000000
 4793 2178 0 nan 0 nan 0.000000
 4794 2179 0 nan 0 nan 0.000000
 4801 2180 0 nan 0 nan 0.000000
 4802 2181 0 nan 0 nan 0.000000
 4803 2182 0 nan 0 nan 0.000000
 4804 2183 0 nan 0 nan 0.000000
 4805 2184 0 nan 0 nan 0.000000
 4812 2185 0 nan 0 nan 0.000000
 4813 2186 0 nan 0 nan 0.000000
 4814 2187 0 nan 0 nan 0.000000
 4815 2188 0 nan 0 nan 0.000000
 4816 2189 0 nan 0 nan 0.000000
 4823 2190 0 nan 0 nan 0.000000
 4824 2191 0 nan 0 nan 0.000000
 4825 2192 0 nan 0 nan 0.000000
 4826 2193 0 nan 0 nan 0.000000
 4827 2194 0 nan 0 nan 0.000000
 4834 2195 0 nan 0 nan 0.000000
 4835 2196 0 nan 0 nan 0.000000
 4836 2197 0 nan 0 nan 0.000000
 4837 2198 0 nan 0 nan 0.000000
 4838 2199 0 nan 0 nan 0.000000
 4845 2200 0 nan 0 nan 0.000000
 4846 2201 0 nan 0 nan 0.000000
 4847 2202 0 nan 0 nan 0.000000
 4848 2203 0 nan 0 nan 0.000000
 4849 2204 0 nan 0 nan 0.000000
 4856 2205 0 nan 0 nan 0.000000
 4857 2206 0 nan 0 nan 0.000000
 4858 2207 0 nan 0 nan 0.000000
 4859 2208 0 nan 0 nan 0.000000
 4860 2209 0 nan 0 nan 0.000000
 4867 2210 0 nan 0 nan 0.000000
 4868 2211 0 nan 0 nan 0.000000
 4869 2212 0 nan 0 nan 0.000000
 4870 2213 0 nan 0 nan 0.000000
 4871 2214 0 nan 0 nan 0.000000
 4878 2215 0 nan 0 nan 0.000000
 4879 2216 0 nan 0 nan 0.000000
 4880 2217 0 nan 0 nan 0.000000
 4881 2218 0 nan 0 nan 0.000000
 4882 2219 0 nan 0 nan 0.000000
 4889 2220 0 nan 0 nan 0.000000
 4890 2221 0 nan 0 nan 0.000000
 4891 2222 0 nan 0 nan 0.000000
 4892 2223 0 nan 0 nan 0.000000
 4893 2224 0 nan 0 nan 0.000000
 4900 2225 0 nan 0 nan 0.000000
 4901 2226 0 nan 0 nan 0.000000
 4902 2227 0 nan 0 nan 0.000000
 4903 2228 0 nan 0 nan 0.000000
 4904 2229 0 nan 0 nan 0.000000
 4911 2230 0 nan 0 nan 0.000000
 4912 2231 0 nan 0 nan 0.000000
 4913 2232 0 nan 0 nan 0.000000
 4914 2233 0 nan 0 nan 0.000000
 4915 2234 0 nan 0 nan 0.000000
 4922 2235 0 nan 0 nan 0.000000
 4923 2236 0 nan 0 nan 0.000000
 4924 2237 0 nan 0 nan 0.000000
 4925 2238 0 nan 0 nan 0.000000
 4926 2239 0 nan 0 nan 0.000000
 4933 2240 0 nan 0 nan 0.000000
 4934 2241 0 nan 0 nan 0.000000
 4935 2242 0 nan 0 nan 0.000000
 4936 2243 0 nan 0 nan 0.000000
 4937 2244 0 nan 0 nan 0.000000
 4944 2245 0 nan 0 nan 0.000000
 4945 2246 0 nan 0 nan 0.000000
 4946 2247 0 nan 0 nan 0.000000
 4947 2248 0 nan 0 nan 0.000000
 4948 2249 0 nan 0 nan 0.000000
 4955 2250 0 nan 0 nan 0.000000
 4956 2251 0 nan 0 nan 0.000000
 4957 2252 0 nan 0 nan 0.000000
 4958 2253 0 nan 0 nan 0.000000
 4959 2254 0 nan 0 nan 0.000000
 4966 2255 0 nan 0 nan 0.000000
 4967 2256 0 nan 0 nan 0.000000
 4968 2257 0 nan 0 nan 0.000000
 4969 2258 0 nan 0 nan 0.000000
 4970 2259 0 nan 0 nan 0.000000
 4977 2260 0 nan 0 nan 0.000000
 4978 2261 0 nan 0 nan 0.000000
 4979 2262 0 nan 0 nan 0.000000
 4980 2263 0 nan 0 nan 0.000000
 4981 2264 0 nan 0 nan 0.000000
 4988 2265 0 nan 0 nan 0.000000
 4989 2266 0 nan 0 nan 0.000000
 4990 2267 0 nan 0 nan 0.000000
 4991 2268 0 nan 0 nan 0.000000
 4992 2269 0 nan 0 nan 0.000000
 4999 2270 0 nan 0 nan 0.000000
 5000 2271 0 nan 0 nan 0.000000
 5001 2272 0 nan 0 nan 0.000000
 5002 2273 0 nan 0 nan 0.000000
 5003 2274 0 nan 0 nan 0.000000
 5010 2275 0 nan 0 nan 0.000000
 5011 2276 0 nan 0 nan 0.000000
 5012 2277 0 nan 0 nan 0.000000
 5013 2278 0 nan 0 nan 0.000000
 5014 2279 0 nan 0 nan 0.000000
 5021 2280 0 nan 0 nan 0.000000
 5022 2281 0 nan 0 nan 0.000000
 5023 2282 0 nan 0 nan 0.000000
 5024 2283 0 nan 0 nan 0.000000
 5025 2284 0 nan 0 nan 0.000000
 5032 2285 0 nan 0 nan 0.000000
 5033 2286 0 nan 0 nan 0.000000
 5034 2287 0 nan 0 nan 0.000000
 5035 2288 0 nan 0 nan 0.000000
 5036 2289 0 nan 0 nan 0.000000
 5043 2290 0 nan 0 nan 0.000000
 5044 2291 0 nan 0 nan 0.000000
 5045 2292 0 nan 0 nan 0.000000
 5046 2293 0 nan 0 nan 0.000000
 5047 2294 0 nan 0 nan 0.000000
 5054 2295 0 nan 0 nan 0.000000
 5055 2296 0 nan 0 nan 0.000000
 5056 2297 0 nan 0 nan 0.000000
 5057 2298 0 nan 0 nan 0.000000
 5058 2299 0 nan 0 nan 0.000000
 5065 2300 0 nan 0 nan 0.000000
 5066 2301 0 nan 0 nan 0.000000
 5067 2302 0 nan 0 nan 0.000000
 5068 2303 0 nan 0 nan 0.000000
 5069 2304 0 nan 0 nan 0.000000
 5076 2305 0 nan 0 nan 0.000000
 5077 2306 0 nan 0 nan 0.000000
 5078 2307 0 nan 0 nan 0.000000
 5079 2308 0 nan 0 nan 0.000000
 5080 2309 0 nan 0 nan 0.000000
 5087 2310 0 nan 0 nan 0.000000
 5088 2311 0 nan 0 nan 0.000000
 5089 2312 0 nan 0 nan 0.000000
 5090 2313 0 nan 0 nan 0.000000
 5091 2314 0 nan 0 nan 0.000000
 5098 2315 0 nan 0 nan 0.000000
 5099 2316 0 nan 0 nan 0.000000
 5100 2317 0 nan 0 nan 0.000000
 5101 2318 0 nan 0 nan 0.000000
 5102 2319 0 nan 0 nan 0.000000
 5109 2320 0 nan 0 nan 0.000000
 5110 2321 0 nan 0 nan 0.000000
 5111 2322 0 nan 0 nan 0.000000
 5112 2323 0 nan 0 nan 0.000000
 5113 2324 0 nan 0 nan 0.000000
 5120 2325 0 nan 0 nan 0.000000
 5121 2326 0 nan 0 nan 0.000000
 5122 2327 0 nan 0 nan 0.000000
 5123 2328 0 nan 0 nan 0.000000
 5124 2329 0 nan 0 nan 0.000000
 5131 2330 0 nan 0 nan 0.000000
 5132 2331 0 nan 0 nan 0.000000
 5133 2332 0 nan 0 nan 0.000000
 5134 2333 0 nan 0 nan 0.000000
 5135 2334 0 nan 0 nan 0.000000
 5142 2335 0 nan 0 nan 0.000000
 5143 2336 0 nan 0 nan 0.000000
 5144 2337 0 nan 0 nan 0.000000
 5145 2338 0 nan 0 nan 0.000000
 5146 2339 0 nan 0 nan 0.000000
 5153 2340 0 nan 0 nan 0.000000
 5154 2341 0 nan 0 nan 0.000000
 5155 2342 0 nan 0 nan 0.000000
 5156 2343 0 nan 0 nan 0.000000
 5157 2344 0 nan 0 nan 0.000000
 5164 2345 0 nan 0 nan 0.000000
 5165 2346 0 nan 0 nan 0.000000
 5166 2347 0 nan 0 nan 0.000000
 5167 2348 0 nan 0 nan 0.000000
 5168 2349 0 nan 0 nan 0.000000
 5175 2350 0 nan 0 nan 0.000000
 5176 2351 0 nan 0 nan 0.000000
 5177 2352 0 nan 0 nan 0.000000
 5178 2353 0 nan 0 nan 0.000000
 5179 2354 0 nan 0 nan 0.000000
 5186 2355 0 nan 0 nan 0.000000
 5187 2356 0 nan 0 nan 0.000000
 5188 2357 0 nan 0 nan 0.000000
 5189 2358 0 nan 0 nan 0.000000
 5190 2359 0 nan 0 nan 0.000000
 5197 2360 0 nan 0 nan 0.000000
 5198 2361 0 nan 0 nan 0.000000
 5199 2362 0 nan 0 nan 0.000000
 5200 2363 0 nan 0 nan 0.000000
 5201 2364 0 nan 0 nan 0.000000
 5208 2365 0 nan 0 nan 0.000000
 5209 2366 0 nan 0 nan 0.000000
 5210 2367 0 nan 0 nan 0.000000
 5211 2368 0 nan 0 nan 0.000000
 5212 2369 0 nan 0 nan 0.000000
 5219 2370 0 nan 0 nan 0.000000
 5220 2371 0 nan 0 nan 0.000000
 5221 2372 0 nan 0 nan 0.000000
 5222 2373 0 nan 0 nan 0.000000
 5223 2374 0 nan 0 nan 0.000000
 5230 2375 0 nan 0 nan 0.000000
 5231 2376 0 nan 0 nan 0.000000
 5232 2377 0 nan 0 nan 0.000000
 5233 2378 0 nan 0 nan 0.000000
 5234 2379 0 nan 0 nan 0.000000
 5241 2380 0 nan 0 nan 0.000000
 5242 2381 0 nan 0 nan 0.000000
 5243 2382 0 nan 0 nan 0.000000
 5244 2383 0 nan 0 nan 0.000000
 5245 2384 0 nan 0 nan 0.000000
 5252 2385 0 nan 0 nan 0.000000
 5253 2386 0 nan 0 nan 0.000000
 5254 2387 0 nan 0 nan 0.000000
 5255 2388 0 nan 0 nan 0.000000
 5256 2389 0 nan 0 nan 0.000000
 5263 2390 0 nan 0 nan 0.000000
 5264 2391 0 nan 0 nan 0.000000
 5265 2392 0 nan 0 nan 0.000000
 5266 2393 0 nan 0 nan 0.000000
 5267 2394 0 nan 0 nan 0.000000
 5274 2395 0 nan 0 nan 0.000000
 5275 2396 0 nan 0 nan 0.000000
 5276 2397 0 nan 0 nan 0.000000
 5277 2398 0 nan 0 nan 0.000000
 5278 2399 0 nan 0 nan 0.000000
 5285 2400 0 nan 0 nan 0.000000
 5286 2401 0 nan 0 nan 0.000000
 5287 2402 0 nan 0 nan 0.000000
 5288 2403 0 nan 0 nan 0.000000
 5289 2404 0 nan 0 nan 0.000000
 5296 2405 0 nan 0 nan 0.000000
 5297 2406 0 nan 0 nan 0.000000
 5298 2407 0 nan 0 nan 0.000000
 5299 2408 0 nan 0 nan 0.000000
 5300 2409 0 nan 0 nan 0.000000
 5307 2410 0 nan 0 nan 0.000000
 5308 2411 0 nan 0 nan 0.000000
 5309 2412 0 nan 0 nan 0.000000
 5310 2413 0 nan 0 nan 0.000000
 5311 2414 0 nan 0 nan 0.000000
 5318 2415 0 nan 0 nan 0.000000
 5319 2416 0 nan 0 nan 0.000000
 5320 2417 0 nan 0 nan 0.000000
 5321 2418 0 nan 0 nan 0.000000
 5322 2419 0 nan 0 nan 0.000000
 5329 2420 0 nan 0 nan 0.000000
 5330 2421 0 nan 0 nan 0.000000
 5331 2422 0 nan 0 nan 0.000000
 5332 2423 0 nan 0 nan 0.000000
 5333 2424 0 nan 0 nan 0.000000
 5340 2425 0 nan 0 nan 0.000000
 5341 2426 0 nan 0 nan 0.000000
 5342 2427 0 nan 0 nan 0.000000
 5343 2428 0 nan 0 nan 0.000000
 5344 2429 0 nan 0 nan 0.000000
 5351 2430 0 nan 0 nan 0.000000
 5352 2431 0 nan 0 nan 0.000000
 5353 2432 0 nan 0 nan 0.000000
 5354 2433 0 nan 0 nan 0.000000
 5355 2434 0 nan 0 nan 0.000000
 5362 2435 0 nan 0 nan 0.000000
 5363 2436 0 nan 0 nan 0.000000
 5364 2437 0 nan 0 nan 0.000000
 5365 2438 0 nan 0 nan 0.000000
 5366 2439 0 nan 0 nan 0.000000
 5373 2440 0 nan 0 nan 0.000000
 5374 2441 0 nan 0 nan 0.000000
 5375 2442 0 nan 0 nan 0.000000
 5376 2443 0 nan 0 nan 0.000000
 5377 2444 0 nan 0 nan 0.000000
 5384 2445 0 nan 0 nan 0.000000
 5385 2446 0 nan 0 nan 0.000000
 5386 2447 0 nan 0 nan 0.000000
 5387 2448 0 nan 0 nan 0.000000
 5388 2449 0 nan 0 nan 0.000000
 5395 2450 0 nan 0 nan 0.000000
 5396 2451 0 nan 0 nan 0.000000
 5397 2452 0 nan 0 nan 0.000000
 5398 2453 0 nan 0 nan 0.000000
 5399 2454 0 nan 0 nan 0.000000
 5406 2455 0 nan 0 nan 0.000000
 5407 2456 0 nan 0 nan 0.000000
 5408 2457 0 nan 0 nan 0.000000
 5409 2458 0 nan 0 nan 0.000000
 5410 2459 0 nan 0 nan 0.000000
 5417 2460 0 nan 0 nan 0.000000
 5418 2461 0 nan 0 nan 0.000000
 5419 2462 0 nan 0 nan 0.000000
 5420 2463 0 nan 0 nan 0.000000
 5421 2464 0 nan 0 nan 0.000000
 5428 2465 0 nan 0 nan 0.000000
 5429 2466 0 nan 0 nan 0.000000
 5430 2467 0 nan 0 nan 0.000000
 5431 2468 0 nan 0 nan 0.000000
 5432 2469 0 nan 0 nan 0.000000
 5439 2470 0 nan 0 nan 0.000000
 5440 2471 0 nan 0 nan 0.000000
 5441 2472 0 nan 0 nan 0.000000
 5442 2473 0 nan 0 nan 0.000000
 5443 2474 0 nan 0 nan 0.000000
 5450 2475 0 nan 0 nan 0.000000
 5451 2476 0 nan 0 nan 0.000000
 5452 2477 0 nan 0 nan 0.000000
 5453 2478 0 nan 0 nan 0.000000
 5454 2479 0 nan 0 nan 0.000000
 5461 2480 0 nan 0 nan 0.000000
 5462 2481 0 nan 0 nan 0.000000
 5463 2482 0 nan 0 nan 0.000000
 5464 2483 0 nan 0 nan 0.000000
 5465 2484 0 nan 0 nan 0.000000
 5472 2485 0 nan 0 nan 0.000000
 5473 2486 0 nan 0 nan 0.000000
 5474 2487 0 nan 0 nan 0.000000
 5475 2488 0 nan 0 nan 0.000000
 5476 2489 0 nan 0 nan 0.000000
 5483 2490 0 nan 0 nan 0.000000
 5484 2491 0 nan 0 nan 0.000000
 5485 2492 0 nan 0 nan 0.000000
 5486 2493 0 nan 0 nan 0.000000
 5487 2494 0 nan 0 nan 0.000000
 5494 2495 0 nan 0 nan 0.000000
 5495 2496 0 nan 0 nan 0.000000
 5496 2497 0 nan 0 nan 0.000000
 5497 2498 0 nan 0 nan 0.000000
 5498 2499 0 nan 0 nan 0.000000
 5505 2500 0 nan 0 nan 0.000000
 5506 2501 0 nan 0 nan 0.000000
 5507 2502 0 nan 0 nan 0.000000
 5508 2503 0 nan 0 nan 0.000000
 5509 2504 0 nan 0 nan 0.000000
 5516 2505 0 nan 0 nan 0.000000
 5517 2506 0 nan 0 nan 0.000000
 5518 2507 0 nan 0 nan 0.000000
 5519 2508 0 nan 0 nan 0.000000
 5520 2509 0 nan 0 nan 0.000000
 5527 2510 0 nan 0 nan 0.000000
 5528 2511 0 nan 0 nan 0.000000
 5529 2512 0 nan 0 nan 0.000000
 5530 2513 0 nan 0 nan 0.000000
 5531 2514 0 nan 0 nan 0.000000
 5538 2515 0 nan 0 nan 0.000000
 5539 2516 0 nan 0 nan 0.000000
 5540 2517 0 nan 0 nan 0.000000
 5541 2518 0 nan 0 nan 0.000000
 5542 2519 0 nan 0 nan 0.000000
 5549 2520 0 nan 0 nan 0.000000
 5550 2521 0 nan 0 nan 0.000000
 5551 2522 0 nan 0 nan 0.000000
 5552 2523 0 nan 0 nan 0.000000
 5553 2524 0 nan 0 nan 0.000000
 5560 2525 0 nan 0 nan 0.000000
 5561 2526 0 nan 0 nan 0.000000
 5562 2527 0 nan 0 nan 0.000000
 5563 2528 0 nan 0 nan 0.000000
 5564 2529 0 nan 0 nan 0.000000
 5571 2530 0 nan 0 nan 0.000000
 5572 2531 0 nan 0 nan 0.000000
 5573 2532 0 nan 0 nan 0.000000
 5574 2533 0 nan 0 nan 0.000000
 5575 2534 0 nan 0 nan 0.000000
 5582 2535 0 nan 0 nan 0.000000
 5583 2536 0 nan 0 nan 0.000000
 5584 2537 0 nan 0 nan 0.000000
 5585 2538 0 nan 0 nan 0.000000
 5586 2539 0 nan 0 nan 0.000000
 5593 2540 0 nan 0 nan 0.000000
 5594 2541 0 nan 0 nan 0.000000
 5595 2542 0 nan 0 nan 0.000000
 5596 2543 0 nan 0 nan 0.000000
 5597 2544 0 nan 0 nan 0.000000
 5604 2545 0 nan 0 nan 0.000000
 5605 2546 0 nan 0 nan 0.000000
 5606 2547 0 nan 0 nan 0.000000
 5607 2548 0 nan 0 nan 0.000000
 5608 2549 0 nan 0 nan 0.000000