# Format <LP ID> <Group ID> <Router ID> <Link traffic per router port(s)># Router ports in the order: 10 local channels, 5 global channels
 10 0 0 0 1672504 1651424 589768 1613664 1662792 1562760 586224 1679208 254088 583416 585936 586800 589480 595280
 21 0 1 1826808 0 4233208 3101960 2593920 2154632 2646952 2055968 796872 5055816 13967000 221304 216464 226776 224360
 32 0 2 1877408 4066032 0 4220792 1757768 638272 678816 1290136 2505448 839040 6347624 434224 448784 467336 438032
 43 0 3 851320 2928176 4082520 0 3134192 614144 663832 654864 644656 819832 634408 598448 602728 585824 594160
 54 0 4 1868752 2440192 1629296 3111200 0 591720 688328 660208 693584 844480 619856 605272 620960 614616 581520
 65 0 5 1777912 2006792 661312 617592 602360 0 2567400 2093656 1619488 1761088 600176 593824 600352 573648 608560
 76 0 6 1822904 2364576 687216 663032 683768 2579072 0 3129048 641592 837480 593328 607160 596120 590376 582624
 87 0 7 842768 1862880 1247896 656064 662576 2083088 3127960 0 3127272 820192 599928 567368 605728 600688 616560
 98 0 8 1869504 792680 2313536 668464 689448 1627208 645680 3127608 0 811064 588000 586384 591016 604576 589712
 109 0 9 501592 4783368 854472 839496 841856 1730176 813232 850768 816976 0 609760 578528 586360 579224 612544
 120 1 0 0 4234464 3238664 1726208 2589640 2381120 2489864 2599240 3016824 2330432 14048752 280880 285096 263112 271776
 131 1 1 3976216 0 3007888 477592 502288 484912 496496 466552 489912 1602192 668944 638472 631784 625464 635256
 142 1 2 3130728 3448424 0 3044160 1580720 2021480 1425032 851712 1436544 2302408 7440840 430392 445672 452616 436736
 153 1 3 1596560 629928 3058112 0 2528424 954816 1443464 442952 1437256 1626248 658456 632168 632400 642280 619760
 164 1 4 2379968 791200 1593496 2519440 0 2581824 636880 1626248 629912 773912 642864 629208 643296 652400 623696
 175 1 5 2222304 685000 1995136 936928 2585072 0 2982672 1517640 1010176 682920 643304 642256 644080 659088 635768
 186 1 6 2364360 684112 1352392 1438088 610640 2992344 0 1509696 1017136 694192 660408 637096 632528 661800 658952
 197 1 7 2422864 688616 838752 462216 1633616 1507520 1526520 0 3011792 658032 645256 631432 627312 637920 632208
 208 1 8 2907688 696408 1325872 1449344 619016 998264 1014288 2983120 0 2671960 639056 660944 652072 652384 624496
 219 1 9 2236232 1825952 2157352 1596624 793728 697992 673152 690312 2661576 0 629248 641936 648560 646408 660624
 230 2 0 0 6884632 2212344 2886016 2398752 461592 455776 446792 466560 476072 6276952 238408 227392 237696 240728
 241 2 1 7049640 0 3599576 1719264 2580192 398296 389696 409592 391848 360952 7316688 213256 213640 220904 199624
 252 2 2 1771392 3180992 0 3403616 948976 374344 363560 362304 353024 349952 375904 379256 382640 381328 382384
 263 2 3 2763856 1626896 3654432 0 3663152 320256 334336 313664 325448 328464 385760 405848 386328 371624 380832
 274 2 4 2205568 2476192 1208760 3664784 0 371864 344528 375448 360080 363624 389920 386248 396184 365208 404240
 285 2 5 460624 382672 356936 333704 368344 0 0 0 0 0 390488 382096 378184 382736 392848
 296 2 6 454824 394376 361304 321104 367968 0 0 0 0 0 366488 380952 379008 388448 373000
 307 2 7 442320 378192 364424 322456 355736 0 0 0 0 0 370520 386144 387208 386312 377616
 318 2 8 464192 386328 352016 342784 376712 0 0 0 0 0 391176 369736 385312 363360 387376
 329 2 9 460832 399200 361488 329104 348960 0 0 0 0 0 366608 377776 378136 377616 378928
 340 3 0 0 454080 180328 0 0 0 0 0 0 0 598352 0 0 0 0
 351 3 1 436240 0 222216 0 0 0 0 0 0 0 677728 0 0 0 0
 362 3 2 162112 223648 0 0 0 0 0 0 0 0 402544 0 0 0 0
 373 3 3 0 0 0 0 0 0 0 0 0 0 0 0 0 0 0
 384 3 4 0 0 0 0 0 0 0 0 0 0 0 0 0 0 0
 395 3 5 0 0 0 0 0 0 0 0 0 0 0 0 0 0 0
 406 3 6 0 0 0 0 0 0 0 0 0 0 0 0 0 0 0
 417 3 7 0 0 0 0 0 0 0 0 0 0 0 0 0 0 0
 428 3 8 0 0 0 0 0 0 0 0 0 0 0 0 0 0 0
 439 3 9 0 0 0 0 0 0 0 0 0 0 0 0 0 0 0
 450 4 0 0 458504 161352 0 0 0 0 0 0 0 594096 0 0 0 0
 461 4 1 428560 0 214304 0 0 0 0 0 0 0 682888 0 0 0 0
 472 4 2 165536 224384 0 0 0 0 0 0 0 0 375656 0 0 0 0
 483 4 3 0 0 0 0 0 0 0 0 0 0 0 0 0 0 0
 494 4 4 0 0 0 0 0 0 0 0 0 0 0 0 0 0 0
 505 4 5 0 0 0 0 0 0 0 0 0 0 0 0 0 0 0
 516 4 6 0 0 0 0 0 0 0 0 0 0 0 0 0 0 0
 527 4 7 0 0 0 0 0 0 0 0 0 0 0 0 0 0 0
 538 4 8 0 0 0 0 0 0 0 0 0 0 0 0 0 0 0
 549 4 9 0 0 0 0 0 0 0 0 0 0 0 0 0 0 0
 560 5 0 0 432984 167192 0 0 0 0 0 0 0 606648 0 0 0 0
 571 5 1 427680 0 215624 0 0 0 0 0 0 0 644504 0 0 0 0
 582 5 2 178968 211520 0 0 0 0 0 0 0 0 382816 0 0 0 0
 593 5 3 0 0 0 0 0 0 0 0 0 0 0 0 0 0 0
 604 5 4 0 0 0 0 0 0 0 0 0 0 0 0 0 0 0
 615 5 5 0 0 0 0 0 0 0 0 0 0 0 0 0 0 0
 626 5 6 0 0 0 0 0 0 0 0 0 0 0 0 0 0 0
 637 5 7 0 0 0 0 0 0 0 0 0 0 0 0 0 0 0
 648 5 8 0 0 0 0 0 0 0 0 0 0 0 0 0 0 0
 659 5 9 0 0 0 0 0 0 0 0 0 0 0 0 0 0 0
 670 6 0 0 433176 160152 0 0 0 0 0 0 0 588464 0 0 0 0
 681 6 1 435744 0 224664 0 0 0 0 0 0 0 646944 0 0 0 0
 692 6 2 152720 213768 0 0 0 0 0 0 0 0 384816 0 0 0 0
 703 6 3 0 0 0 0 0 0 0 0 0 0 0 0 0 0 0
 714 6 4 0 0 0 0 0 0 0 0 0 0 0 0 0 0 0
 725 6 5 0 0 0 0 0 0 0 0 0 0 0 0 0 0 0
 736 6 6 0 0 0 0 0 0 0 0 0 0 0 0 0 0 0
 747 6 7 0 0 0 0 0 0 0 0 0 0 0 0 0 0 0
 758 6 8 0 0 0 0 0 0 0 0 0 0 0 0 0 0 0
 769 6 9 0 0 0 0 0 0 0 0 0 0 0 0 0 0 0
 780 7 0 0 427040 172888 0 0 0 0 0 0 0 585944 0 0 0 0
 791 7 1 433024 0 212232 0 0 0 0 0 0 0 644640 0 0 0 0
 802 7 2 152920 217600 0 0 0 0 0 0 0 0 385120 0 0 0 0
 813 7 3 0 0 0 0 0 0 0 0 0 0 0 0 0 0 0
 824 7 4 0 0 0 0 0 0 0 0 0 0 0 0 0 0 0
 835 7 5 0 0 0 0 0 0 0 0 0 0 0 0 0 0 0
 846 7 6 0 0 0 0 0 0 0 0 0 0 0 0 0 0 0
 857 7 7 0 0 0 0 0 0 0 0 0 0 0 0 0 0 0
 868 7 8 0 0 0 0 0 0 0 0 0 0 0 0 0 0 0
 879 7 9 0 0 0 0 0 0 0 0 0 0 0 0 0 0 0
 890 8 0 0 428240 159760 0 0 0 0 0 0 0 594328 0 0 0 0
 901 8 1 429584 0 209472 0 0 0 0 0 0 0 654672 0 0 0 0
 912 8 2 164744 226432 0 0 0 0 0 0 0 0 369232 0 0 0 0
 923 8 3 0 0 0 0 0 0 0 0 0 0 0 0 0 0 0
 934 8 4 0 0 0 0 0 0 0 0 0 0 0 0 0 0 0
 945 8 5 0 0 0 0 0 0 0 0 0 0 0 0 0 0 0
 956 8 6 0 0 0 0 0 0 0 0 0 0 0 0 0 0 0
 967 8 7 0 0 0 0 0 0 0 0 0 0 0 0 0 0 0
 978 8 8 0 0 0 0 0 0 0 0 0 0 0 0 0 0 0
 989 8 9 0 0 0 0 0 0 0 0 0 0 0 0 0 0 0
 1000 9 0 0 444560 165200 0 0 0 0 0 0 0 578760 0 0 0 0
 1011 9 1 422584 0 206664 0 0 0 0 0 0 0 654992 0 0 0 0
 1022 9 2 156176 210432 0 0 0 0 0 0 0 0 371864 0 0 0 0
 1033 9 3 0 0 0 0 0 0 0 0 0 0 0 0 0 0 0
 1044 9 4 0 0 0 0 0 0 0 0 0 0 0 0 0 0 0
 1055 9 5 0 0 0 0 0 0 0 0 0 0 0 0 0 0 0
 1066 9 6 0 0 0 0 0 0 0 0 0 0 0 0 0 0 0
 1077 9 7 0 0 0 0 0 0 0 0 0 0 0 0 0 0 0
 1088 9 8 0 0 0 0 0 0 0 0 0 0 0 0 0 0 0
 1099 9 9 0 0 0 0 0 0 0 0 0 0 0 0 0 0 0
 1110 10 0 0 418384 167552 0 0 0 0 0 0 0 86648 0 0 0 0
 1121 10 1 65904 0 214976 0 0 0 0 0 0 0 636048 0 0 0 0
 1132 10 2 20744 217664 0 0 0 0 0 0 0 0 382528 0 0 0 0
 1143 10 3 0 0 0 0 0 0 0 0 0 0 0 0 0 0 0
 1154 10 4 0 0 0 0 0 0 0 0 0 0 0 0 0 0 0
 1165 10 5 0 0 0 0 0 0 0 0 0 0 0 0 0 0 0
 1176 10 6 0 0 0 0 0 0 0 0 0 0 0 0 0 0 0
 1187 10 7 0 0 0 0 0 0 0 0 0 0 0 0 0 0 0
 1198 10 8 0 0 0 0 0 0 0 0 0 0 0 0 0 0 0
 1209 10 9 0 0 0 0 0 0 0 0 0 0 0 0 0 0 0
 1220 11 0 0 48976 172328 0 0 0 0 0 0 0 597776 0 0 0 0
 1231 11 1 428296 0 210176 0 0 0 0 0 0 0 92752 0 0 0 0
 1242 11 2 169480 43776 0 0 0 0 0 0 0 0 382504 0 0 0 0
 1253 11 3 0 0 0 0 0 0 0 0 0 0 0 0 0 0 0
 1264 11 4 0 0 0 0 0 0 0 0 0 0 0 0 0 0 0
 1275 11 5 0 0 0 0 0 0 0 0 0 0 0 0 0 0 0
 1286 11 6 0 0 0 0 0 0 0 0 0 0 0 0 0 0 0
 1297 11 7 0 0 0 0 0 0 0 0 0 0 0 0 0 0 0
 1308 11 8 0 0 0 0 0 0 0 0 0 0 0 0 0 0 0
 1319 11 9 0 0 0 0 0 0 0 0 0 0 0 0 0 0 0
 1330 12 0 0 411624 22600 0 0 0 0 0 0 0 579728 0 0 0 0
 1341 12 1 417848 0 12544 0 0 0 0 0 0 0 629000 0 0 0 0
 1352 12 2 161880 217376 0 0 0 0 0 0 0 0 35144 0 0 0 0
 1363 12 3 0 0 0 0 0 0 0 0 0 0 0 0 0 0 0
 1374 12 4 0 0 0 0 0 0 0 0 0 0 0 0 0 0 0
 1385 12 5 0 0 0 0 0 0 0 0 0 0 0 0 0 0 0
 1396 12 6 0 0 0 0 0 0 0 0 0 0 0 0 0 0 0
 1407 12 7 0 0 0 0 0 0 0 0 0 0 0 0 0 0 0
 1418 12 8 0 0 0 0 0 0 0 0 0 0 0 0 0 0 0
 1429 12 9 0 0 0 0 0 0 0 0 0 0 0 0 0 0 0
 1440 13 0 0 426640 171808 0 0 0 0 0 0 0 590400 0 0 0 0
 1451 13 1 408104 0 224064 0 0 0 0 0 0 0 650192 0 0 0 0
 1462 13 2 182296 223552 0 0 0 0 0 0 0 0 395872 0 0 0 0
 1473 13 3 0 0 0 0 0 0 0 0 0 0 0 0 0 0 0
 1484 13 4 0 0 0 0 0 0 0 0 0 0 0 0 0 0 0
 1495 13 5 0 0 0 0 0 0 0 0 0 0 0 0 0 0 0
 1506 13 6 0 0 0 0 0 0 0 0 0 0 0 0 0 0 0
 1517 13 7 0 0 0 0 0 0 0 0 0 0 0 0 0 0 0
 1528 13 8 0 0 0 0 0 0 0 0 0 0 0 0 0 0 0
 1539 13 9 0 0 0 0 0 0 0 0 0 0 0 0 0 0 0
 1550 14 0 0 436552 168720 0 0 0 0 0 0 0 593888 0 0 0 0
 1561 14 1 420696 0 208512 0 0 0 0 0 0 0 649608 0 0 0 0
 1572 14 2 173192 213056 0 0 0 0 0 0 0 0 377232 0 0 0 0
 1583 14 3 0 0 0 0 0 0 0 0 0 0 0 0 0 0 0
 1594 14 4 0 0 0 0 0 0 0 0 0 0 0 0 0 0 0
 1605 14 5 0 0 0 0 0 0 0 0 0 0 0 0 0 0 0
 1616 14 6 0 0 0 0 0 0 0 0 0 0 0 0 0 0 0
 1627 14 7 0 0 0 0 0 0 0 0 0 0 0 0 0 0 0
 1638 14 8 0 0 0 0 0 0 0 0 0 0 0 0 0 0 0
 1649 14 9 0 0 0 0 0 0 0 0 0 0 0 0 0 0 0
 1660 15 0 0 430416 163408 0 0 0 0 0 0 0 579616 0 0 0 0
 1671 15 1 413328 0 228928 0 0 0 0 0 0 0 646224 0 0 0 0
 1682 15 2 166288 215808 0 0 0 0 0 0 0 0 392336 0 0 0 0
 1693 15 3 0 0 0 0 0 0 0 0 0 0 0 0 0 0 0
 1704 15 4 0 0 0 0 0 0 0 0 0 0 0 0 0 0 0
 1715 15 5 0 0 0 0 0 0 0 0 0 0 0 0 0 0 0
 1726 15 6 0 0 0 0 0 0 0 0 0 0 0 0 0 0 0
 1737 15 7 0 0 0 0 0 0 0 0 0 0 0 0 0 0 0
 1748 15 8 0 0 0 0 0 0 0 0 0 0 0 0 0 0 0
 1759 15 9 0 0 0 0 0 0 0 0 0 0 0 0 0 0 0
 1770 16 0 0 441712 165448 0 0 0 0 0 0 0 588096 0 0 0 0
 1781 16 1 420648 0 216448 0 0 0 0 0 0 0 655216 0 0 0 0
 1792 16 2 167448 213504 0 0 0 0 0 0 0 0 381896 0 0 0 0
 1803 16 3 0 0 0 0 0 0 0 0 0 0 0 0 0 0 0
 1814 16 4 0 0 0 0 0 0 0 0 0 0 0 0 0 0 0
 1825 16 5 0 0 0 0 0 0 0 0 0 0 0 0 0 0 0
 1836 16 6 0 0 0 0 0 0 0 0 0 0 0 0 0 0 0
 1847 16 7 0 0 0 0 0 0 0 0 0 0 0 0 0 0 0
 1858 16 8 0 0 0 0 0 0 0 0 0 0 0 0 0 0 0
 1869 16 9 0 0 0 0 0 0 0 0 0 0 0 0 0 0 0
 1880 17 0 0 419848 147520 0 0 0 0 0 0 0 594312 0 0 0 0
 1891 17 1 422408 0 209024 0 0 0 0 0 0 0 634088 0 0 0 0
 1902 17 2 171904 214240 0 0 0 0 0 0 0 0 356544 0 0 0 0
 1913 17 3 0 0 0 0 0 0 0 0 0 0 0 0 0 0 0
 1924 17 4 0 0 0 0 0 0 0 0 0 0 0 0 0 0 0
 1935 17 5 0 0 0 0 0 0 0 0 0 0 0 0 0 0 0
 1946 17 6 0 0 0 0 0 0 0 0 0 0 0 0 0 0 0
 1957 17 7 0 0 0 0 0 0 0 0 0 0 0 0 0 0 0
 1968 17 8 0 0 0 0 0 0 0 0 0 0 0 0 0 0 0
 1979 17 9 0 0 0 0 0 0 0 0 0 0 0 0 0 0 0
 1990 18 0 0 420944 165440 0 0 0 0 0 0 0 597208 0 0 0 0
 2001 18 1 433808 0 227136 0 0 0 0 0 0 0 627280 0 0 0 0
 2012 18 2 163400 206336 0 0 0 0 0 0 0 0 392576 0 0 0 0
 2023 18 3 0 0 0 0 0 0 0 0 0 0 0 0 0 0 0
 2034 18 4 0 0 0 0 0 0 0 0 0 0 0 0 0 0 0
 2045 18 5 0 0 0 0 0 0 0 0 0 0 0 0 0 0 0
 2056 18 6 0 0 0 0 0 0 0 0 0 0 0 0 0 0 0
 2067 18 7 0 0 0 0 0 0 0 0 0 0 0 0 0 0 0
 2078 18 8 0 0 0 0 0 0 0 0 0 0 0 0 0 0 0
 2089 18 9 0 0 0 0 0 0 0 0 0 0 0 0 0 0 0
 2100 19 0 0 416968 161560 0 0 0 0 0 0 0 602624 0 0 0 0
 2111 19 1 433040 0 208896 0 0 0 0 0 0 0 625160 0 0 0 0
 2122 19 2 169584 208192 0 0 0 0 0 0 0 0 370456 0 0 0 0
 2133 19 3 0 0 0 0 0 0 0 0 0 0 0 0 0 0 0
 2144 19 4 0 0 0 0 0 0 0 0 0 0 0 0 0 0 0
 2155 19 5 0 0 0 0 0 0 0 0 0 0 0 0 0 0 0
 2166 19 6 0 0 0 0 0 0 0 0 0 0 0 0 0 0 0
 2177 19 7 0 0 0 0 0 0 0 0 0 0 0 0 0 0 0
 2188 19 8 0 0 0 0 0 0 0 0 0 0 0 0 0 0 0
 2199 19 9 0 0 0 0 0 0 0 0 0 0 0 0 0 0 0
 2210 20 0 0 431088 155712 0 0 0 0 0 0 0 95616 0 0 0 0
 2221 20 1 72552 0 212544 0 0 0 0 0 0 0 635416 0 0 0 0
 2232 20 2 23064 204328 0 0 0 0 0 0 0 0 368256 0 0 0 0
 2243 20 3 0 0 0 0 0 0 0 0 0 0 0 0 0 0 0
 2254 20 4 0 0 0 0 0 0 0 0 0 0 0 0 0 0 0
 2265 20 5 0 0 0 0 0 0 0 0 0 0 0 0 0 0 0
 2276 20 6 0 0 0 0 0 0 0 0 0 0 0 0 0 0 0
 2287 20 7 0 0 0 0 0 0 0 0 0 0 0 0 0 0 0
 2298 20 8 0 0 0 0 0 0 0 0 0 0 0 0 0 0 0
 2309 20 9 0 0 0 0 0 0 0 0 0 0 0 0 0 0 0
 2320 21 0 0 55280 161184 0 0 0 0 0 0 0 593008 0 0 0 0
 2331 21 1 425704 0 206080 0 0 0 0 0 0 0 101616 0 0 0 0
 2342 21 2 167304 46336 0 0 0 0 0 0 0 0 367264 0 0 0 0
 2353 21 3 0 0 0 0 0 0 0 0 0 0 0 0 0 0 0
 2364 21 4 0 0 0 0 0 0 0 0 0 0 0 0 0 0 0
 2375 21 5 0 0 0 0 0 0 0 0 0 0 0 0 0 0 0
 2386 21 6 0 0 0 0 0 0 0 0 0 0 0 0 0 0 0
 2397 21 7 0 0 0 0 0 0 0 0 0 0 0 0 0 0 0
 2408 21 8 0 0 0 0 0 0 0 0 0 0 0 0 0 0 0
 2419 21 9 0 0 0 0 0 0 0 0 0 0 0 0 0 0 0
 2430 22 0 0 427008 21776 0 0 0 0 0 0 0 601944 0 0 0 0
 2441 22 1 430568 0 15104 0 0 0 0 0 0 0 638272 0 0 0 0
 2452 22 2 171376 211264 0 0 0 0 0 0 0 0 36880 0 0 0 0
 2463 22 3 0 0 0 0 0 0 0 0 0 0 0 0 0 0 0
 2474 22 4 0 0 0 0 0 0 0 0 0 0 0 0 0 0 0
 2485 22 5 0 0 0 0 0 0 0 0 0 0 0 0 0 0 0
 2496 22 6 0 0 0 0 0 0 0 0 0 0 0 0 0 0 0
 2507 22 7 0 0 0 0 0 0 0 0 0 0 0 0 0 0 0
 2518 22 8 0 0 0 0 0 0 0 0 0 0 0 0 0 0 0
 2529 22 9 0 0 0 0 0 0 0 0 0 0 0 0 0 0 0
 2540 23 0 0 428616 174112 0 0 0 0 0 0 0 590568 0 0 0 0
 2551 23 1 424400 0 208000 0 0 0 0 0 0 0 648776 0 0 0 0
 2562 23 2 166168 220160 0 0 0 0 0 0 0 0 382112 0 0 0 0
 2573 23 3 0 0 0 0 0 0 0 0 0 0 0 0 0 0 0
 2584 23 4 0 0 0 0 0 0 0 0 0 0 0 0 0 0 0
 2595 23 5 0 0 0 0 0 0 0 0 0 0 0 0 0 0 0
 2606 23 6 0 0 0 0 0 0 0 0 0 0 0 0 0 0 0
 2617 23 7 0 0 0 0 0 0 0 0 0 0 0 0 0 0 0
 2628 23 8 0 0 0 0 0 0 0 0 0 0 0 0 0 0 0
 2639 23 9 0 0 0 0 0 0 0 0 0 0 0 0 0 0 0
 2650 24 0 0 448728 172232 0 0 0 0 0 0 0 613608 0 0 0 0
 2661 24 1 437656 0 205640 0 0 0 0 0 0 0 668960 0 0 0 0
 2672 24 2 175952 220232 0 0 0 0 0 0 0 0 377872 0 0 0 0
 2683 24 3 0 0 0 0 0 0 0 0 0 0 0 0 0 0 0
 2694 24 4 0 0 0 0 0 0 0 0 0 0 0 0 0 0 0
 2705 24 5 0 0 0 0 0 0 0 0 0 0 0 0 0 0 0
 2716 24 6 0 0 0 0 0 0 0 0 0 0 0 0 0 0 0
 2727 24 7 0 0 0 0 0 0 0 0 0 0 0 0 0 0 0
 2738 24 8 0 0 0 0 0 0 0 0 0 0 0 0 0 0 0
 2749 24 9 0 0 0 0 0 0 0 0 0 0 0 0 0 0 0
 2760 25 0 0 437984 162368 0 0 0 0 0 0 0 596728 0 0 0 0
 2771 25 1 428208 0 215872 0 0 0 0 0 0 0 647648 0 0 0 0
 2782 25 2 168520 209664 0 0 0 0 0 0 0 0 378240 0 0 0 0
 2793 25 3 0 0 0 0 0 0 0 0 0 0 0 0 0 0 0
 2804 25 4 0 0 0 0 0 0 0 0 0 0 0 0 0 0 0
 2815 25 5 0 0 0 0 0 0 0 0 0 0 0 0 0 0 0
 2826 25 6 0 0 0 0 0 0 0 0 0 0 0 0 0 0 0
 2837 25 7 0 0 0 0 0 0 0 0 0 0 0 0 0 0 0
 2848 25 8 0 0 0 0 0 0 0 0 0 0 0 0 0 0 0
 2859 25 9 0 0 0 0 0 0 0 0 0 0 0 0 0 0 0
 2870 26 0 0 423464 172656 0 0 0 0 0 0 0 585840 0 0 0 0
 2881 26 1 421328 0 211200 0 0 0 0 0 0 0 637960 0 0 0 0
 2892 26 2 164512 214496 0 0 0 0 0 0 0 0 383856 0 0 0 0
 2903 26 3 0 0 0 0 0 0 0 0 0 0 0 0 0 0 0
 2914 26 4 0 0 0 0 0 0 0 0 0 0 0 0 0 0 0
 2925 26 5 0 0 0 0 0 0 0 0 0 0 0 0 0 0 0
 2936 26 6 0 0 0 0 0 0 0 0 0 0 0 0 0 0 0
 2947 26 7 0 0 0 0 0 0 0 0 0 0 0 0 0 0 0
 2958 26 8 0 0 0 0 0 0 0 0 0 0 0 0 0 0 0
 2969 26 9 0 0 0 0 0 0 0 0 0 0 0 0 0 0 0
 2980 27 0 0 439448 166280 0 0 0 0 0 0 0 590200 0 0 0 0
 2991 27 1 416880 0 210432 0 0 0 0 0 0 0 653336 0 0 0 0
 3002 27 2 173320 213888 0 0 0 0 0 0 0 0 376712 0 0 0 0
 3013 27 3 0 0 0 0 0 0 0 0 0 0 0 0 0 0 0
 3024 27 4 0 0 0 0 0 0 0 0 0 0 0 0 0 0 0
 3035 27 5 0 0 0 0 0 0 0 0 0 0 0 0 0 0 0
 3046 27 6 0 0 0 0 0 0 0 0 0 0 0 0 0 0 0
 3057 27 7 0 0 0 0 0 0 0 0 0 0 0 0 0 0 0
 3068 27 8 0 0 0 0 0 0 0 0 0 0 0 0 0 0 0
 3079 27 9 0 0 0 0 0 0 0 0 0 0 0 0 0 0 0
 3090 28 0 0 422488 168528 0 0 0 0 0 0 0 600896 0 0 0 0
 3101 28 1 428584 0 223488 0 0 0 0 0 0 0 635488 0 0 0 0
 3112 28 2 172312 213000 0 0 0 0 0 0 0 0 392016 0 0 0 0
 3123 28 3 0 0 0 0 0 0 0 0 0 0 0 0 0 0 0
 3134 28 4 0 0 0 0 0 0 0 0 0 0 0 0 0 0 0
 3145 28 5 0 0 0 0 0 0 0 0 0 0 0 0 0 0 0
 3156 28 6 0 0 0 0 0 0 0 0 0 0 0 0 0 0 0
 3167 28 7 0 0 0 0 0 0 0 0 0 0 0 0 0 0 0
 3178 28 8 0 0 0 0 0 0 0 0 0 0 0 0 0 0 0
 3189 28 9 0 0 0 0 0 0 0 0 0 0 0 0 0 0 0
 3200 29 0 0 426208 160152 0 0 0 0 0 0 0 578184 0 0 0 0
 3211 29 1 426608 0 221952 0 0 0 0 0 0 0 652768 0 0 0 0
 3222 29 2 151576 226560 0 0 0 0 0 0 0 0 382104 0 0 0 0
 3233 29 3 0 0 0 0 0 0 0 0 0 0 0 0 0 0 0
 3244 29 4 0 0 0 0 0 0 0 0 0 0 0 0 0 0 0
 3255 29 5 0 0 0 0 0 0 0 0 0 0 0 0 0 0 0
 3266 29 6 0 0 0 0 0 0 0 0 0 0 0 0 0 0 0
 3277 29 7 0 0 0 0 0 0 0 0 0 0 0 0 0 0 0
 3288 29 8 0 0 0 0 0 0 0 0 0 0 0 0 0 0 0
 3299 29 9 0 0 0 0 0 0 0 0 0 0 0 0 0 0 0
 3310 30 0 0 415776 173704 0 0 0 0 0 0 0 91080 0 0 0 0
 3321 30 1 65736 0 197376 0 0 0 0 0 0 0 628128 0 0 0 0
 3332 30 2 25344 212352 0 0 0 0 0 0 0 0 371080 0 0 0 0
 3343 30 3 0 0 0 0 0 0 0 0 0 0 0 0 0 0 0
 3354 30 4 0 0 0 0 0 0 0 0 0 0 0 0 0 0 0
 3365 30 5 0 0 0 0 0 0 0 0 0 0 0 0 0 0 0
 3376 30 6 0 0 0 0 0 0 0 0 0 0 0 0 0 0 0
 3387 30 7 0 0 0 0 0 0 0 0 0 0 0 0 0 0 0
 3398 30 8 0 0 0 0 0 0 0 0 0 0 0 0 0 0 0
 3409 30 9 0 0 0 0 0 0 0 0 0 0 0 0 0 0 0
 3420 31 0 0 56392 170384 0 0 0 0 0 0 0 589056 0 0 0 0
 3431 31 1 417048 0 208416 0 0 0 0 0 0 0 105288 0 0 0 0
 3442 31 2 172008 48896 0 0 0 0 0 0 0 0 378800 0 0 0 0
 3453 31 3 0 0 0 0 0 0 0 0 0 0 0 0 0 0 0
 3464 31 4 0 0 0 0 0 0 0 0 0 0 0 0 0 0 0
 3475 31 5 0 0 0 0 0 0 0 0 0 0 0 0 0 0 0
 3486 31 6 0 0 0 0 0 0 0 0 0 0 0 0 0 0 0
 3497 31 7 0 0 0 0 0 0 0 0 0 0 0 0 0 0 0
 3508 31 8 0 0 0 0 0 0 0 0 0 0 0 0 0 0 0
 3519 31 9 0 0 0 0 0 0 0 0 0 0 0 0 0 0 0
 3530 32 0 0 444168 23168 0 0 0 0 0 0 0 598360 0 0 0 0
 3541 32 1 436744 0 15872 0 0 0 0 0 0 0 663880 0 0 0 0
 3552 32 2 161616 219712 0 0 0 0 0 0 0 0 39040 0 0 0 0
 3563 32 3 0 0 0 0 0 0 0 0 0 0 0 0 0 0 0
 3574 32 4 0 0 0 0 0 0 0 0 0 0 0 0 0 0 0
 3585 32 5 0 0 0 0 0 0 0 0 0 0 0 0 0 0 0
 3596 32 6 0 0 0 0 0 0 0 0 0 0 0 0 0 0 0
 3607 32 7 0 0 0 0 0 0 0 0 0 0 0 0 0 0 0
 3618 32 8 0 0 0 0 0 0 0 0 0 0 0 0 0 0 0
 3629 32 9 0 0 0 0 0 0 0 0 0 0 0 0 0 0 0
 3640 33 0 0 422672 163152 0 0 0 0 0 0 0 585600 0 0 0 0
 3651 33 1 424224 0 218056 0 0 0 0 0 0 0 632920 0 0 0 0
 3662 33 2 161376 210248 0 0 0 0 0 0 0 0 381208 0 0 0 0
 3673 33 3 0 0 0 0 0 0 0 0 0 0 0 0 0 0 0
 3684 33 4 0 0 0 0 0 0 0 0 0 0 0 0 0 0 0
 3695 33 5 0 0 0 0 0 0 0 0 0 0 0 0 0 0 0
 3706 33 6 0 0 0 0 0 0 0 0 0 0 0 0 0 0 0
 3717 33 7 0 0 0 0 0 0 0 0 0 0 0 0 0 0 0
 3728 33 8 0 0 0 0 0 0 0 0 0 0 0 0 0 0 0
 3739 33 9 0 0 0 0 0 0 0 0 0 0 0 0 0 0 0
 3750 34 0 0 431768 182848 0 0 0 0 0 0 0 598216 0 0 0 0
 3761 34 1 433968 0 218432 0 0 0 0 0 0 0 632728 0 0 0 0
 3772 34 2 164248 200960 0 0 0 0 0 0 0 0 401280 0 0 0 0
 3783 34 3 0 0 0 0 0 0 0 0 0 0 0 0 0 0 0
 3794 34 4 0 0 0 0 0 0 0 0 0 0 0 0 0 0 0
 3805 34 5 0 0 0 0 0 0 0 0 0 0 0 0 0 0 0
 3816 34 6 0 0 0 0 0 0 0 0 0 0 0 0 0 0 0
 3827 34 7 0 0 0 0 0 0 0 0 0 0 0 0 0 0 0
 3838 34 8 0 0 0 0 0 0 0 0 0 0 0 0 0 0 0
 3849 34 9 0 0 0 0 0 0 0 0 0 0 0 0 0 0 0
 3860 35 0 0 420040 153608 0 0 0 0 0 0 0 613536 0 0 0 0
 3871 35 1 442128 0 216960 0 0 0 0 0 0 0 631368 0 0 0 0
 3882 35 2 171408 211328 0 0 0 0 0 0 0 0 370568 0 0 0 0
 3893 35 3 0 0 0 0 0 0 0 0 0 0 0 0 0 0 0
 3904 35 4 0 0 0 0 0 0 0 0 0 0 0 0 0 0 0
 3915 35 5 0 0 0 0 0 0 0 0 0 0 0 0 0 0 0
 3926 35 6 0 0 0 0 0 0 0 0 0 0 0 0 0 0 0
 3937 35 7 0 0 0 0 0 0 0 0 0 0 0 0 0 0 0
 3948 35 8 0 0 0 0 0 0 0 0 0 0 0 0 0 0 0
 3959 35 9 0 0 0 0 0 0 0 0 0 0 0 0 0 0 0
 3970 36 0 0 423712 166664 0 0 0 0 0 0 0 600888 0 0 0 0
 3981 36 1 437224 0 224576 0 0 0 0 0 0 0 648496 0 0 0 0
 3992 36 2 163664 224784 0 0 0 0 0 0 0 0 391240 0 0 0 0
 4003 36 3 0 0 0 0 0 0 0 0 0 0 0 0 0 0 0
 4014 36 4 0 0 0 0 0 0 0 0 0 0 0 0 0 0 0
 4025 36 5 0 0 0 0 0 0 0 0 0 0 0 0 0 0 0
 4036 36 6 0 0 0 0 0 0 0 0 0 0 0 0 0 0 0
 4047 36 7 0 0 0 0 0 0 0 0 0 0 0 0 0 0 0
 4058 36 8 0 0 0 0 0 0 0 0 0 0 0 0 0 0 0
 4069 36 9 0 0 0 0 0 0 0 0 0 0 0 0 0 0 0
 4080 37 0 0 429528 171160 0 0 0 0 0 0 0 605408 0 0 0 0
 4091 37 1 431064 0 206856 0 0 0 0 0 0 0 641496 0 0 0 0
 4102 37 2 174344 211968 0 0 0 0 0 0 0 0 378016 0 0 0 0
 4113 37 3 0 0 0 0 0 0 0 0 0 0 0 0 0 0 0
 4124 37 4 0 0 0 0 0 0 0 0 0 0 0 0 0 0 0
 4135 37 5 0 0 0 0 0 0 0 0 0 0 0 0 0 0 0
 4146 37 6 0 0 0 0 0 0 0 0 0 0 0 0 0 0 0
 4157 37 7 0 0 0 0 0 0 0 0 0 0 0 0 0 0 0
 4168 37 8 0 0 0 0 0 0 0 0 0 0 0 0 0 0 0
 4179 37 9 0 0 0 0 0 0 0 0 0 0 0 0 0 0 0
 4190 38 0 0 433688 170888 0 0 0 0 0 0 0 598464 0 0 0 0
 4201 38 1 441696 0 210688 0 0 0 0 0 0 0 640280 0 0 0 0
 4212 38 2 156768 206592 0 0 0 0 0 0 0 0 381576 0 0 0 0
 4223 38 3 0 0 0 0 0 0 0 0 0 0 0 0 0 0 0
 4234 38 4 0 0 0 0 0 0 0 0 0 0 0 0 0 0 0
 4245 38 5 0 0 0 0 0 0 0 0 0 0 0 0 0 0 0
 4256 38 6 0 0 0 0 0 0 0 0 0 0 0 0 0 0 0
 4267 38 7 0 0 0 0 0 0 0 0 0 0 0 0 0 0 0
 4278 38 8 0 0 0 0 0 0 0 0 0 0 0 0 0 0 0
 4289 38 9 0 0 0 0 0 0 0 0 0 0 0 0 0 0 0
 4300 39 0 0 420640 158584 0 0 0 0 0 0 0 596184 0 0 0 0
 4311 39 1 430280 0 216128 0 0 0 0 0 0 0 632352 0 0 0 0
 4322 39 2 165904 211712 0 0 0 0 0 0 0 0 374712 0 0 0 0
 4333 39 3 0 0 0 0 0 0 0 0 0 0 0 0 0 0 0
 4344 39 4 0 0 0 0 0 0 0 0 0 0 0 0 0 0 0
 4355 39 5 0 0 0 0 0 0 0 0 0 0 0 0 0 0 0
 4366 39 6 0 0 0 0 0 0 0 0 0 0 0 0 0 0 0
 4377 39 7 0 0 0 0 0 0 0 0 0 0 0 0 0 0 0
 4388 39 8 0 0 0 0 0 0 0 0 0 0 0 0 0 0 0
 4399 39 9 0 0 0 0 0 0 0 0 0 0 0 0 0 0 0
 4410 40 0 0 433360 161920 0 0 0 0 0 0 0 88248 0 0 0 0
 4421 40 1 66720 0 205056 0 0 0 0 0 0 0 652560 0 0 0 0
 4432 40 2 21528 219200 0 0 0 0 0 0 0 0 366976 0 0 0 0
 4443 40 3 0 0 0 0 0 0 0 0 0 0 0 0 0 0 0
 4454 40 4 0 0 0 0 0 0 0 0 0 0 0 0 0 0 0
 4465 40 5 0 0 0 0 0 0 0 0 0 0 0 0 0 0 0
 4476 40 6 0 0 0 0 0 0 0 0 0 0 0 0 0 0 0
 4487 40 7 0 0 0 0 0 0 0 0 0 0 0 0 0 0 0
 4498 40 8 0 0 0 0 0 0 0 0 0 0 0 0 0 0 0
 4509 40 9 0 0 0 0 0 0 0 0 0 0 0 0 0 0 0
 4520 41 0 0 55952 168408 0 0 0 0 0 0 0 576248 0 0 0 0
 4531 41 1 419384 0 215872 0 0 0 0 0 0 0 98712 0 0 0 0
 4542 41 2 156864 42760 0 0 0 0 0 0 0 0 384280 0 0 0 0
 4553 41 3 0 0 0 0 0 0 0 0 0 0 0 0 0 0 0
 4564 41 4 0 0 0 0 0 0 0 0 0 0 0 0 0 0 0
 4575 41 5 0 0 0 0 0 0 0 0 0 0 0 0 0 0 0
 4586 41 6 0 0 0 0 0 0 0 0 0 0 0 0 0 0 0
 4597 41 7 0 0 0 0 0 0 0 0 0 0 0 0 0 0 0
 4608 41 8 0 0 0 0 0 0 0 0 0 0 0 0 0 0 0
 4619 41 9 0 0 0 0 0 0 0 0 0 0 0 0 0 0 0
 4630 42 0 0 417232 20800 0 0 0 0 0 0 0 591848 0 0 0 0
 4641 42 1 424192 0 12544 0 0 0 0 0 0 0 631960 0 0 0 0
 4652 42 2 167656 214728 0 0 0 0 0 0 0 0 33344 0 0 0 0
 4663 42 3 0 0 0 0 0 0 0 0 0 0 0 0 0 0 0
 4674 42 4 0 0 0 0 0 0 0 0 0 0 0 0 0 0 0
 4685 42 5 0 0 0 0 0 0 0 0 0 0 0 0 0 0 0
 4696 42 6 0 0 0 0 0 0 0 0 0 0 0 0 0 0 0
 4707 42 7 0 0 0 0 0 0 0 0 0 0 0 0 0 0 0
 4718 42 8 0 0 0 0 0 0 0 0 0 0 0 0 0 0 0
 4729 42 9 0 0 0 0 0 0 0 0 0 0 0 0 0 0 0
 4740 43 0 0 429288 164872 0 0 0 0 0 0 0 575816 0 0 0 0
 4751 43 1 408304 0 211456 0 0 0 0 0 0 0 642608 0 0 0 0
 4762 43 2 167512 213320 0 0 0 0 0 0 0 0 376328 0 0 0 0
 4773 43 3 0 0 0 0 0 0 0 0 0 0 0 0 0 0 0
 4784 43 4 0 0 0 0 0 0 0 0 0 0 0 0 0 0 0
 4795 43 5 0 0 0 0 0 0 0 0 0 0 0 0 0 0 0
 4806 43 6 0 0 0 0 0 0 0 0 0 0 0 0 0 0 0
 4817 43 7 0 0 0 0 0 0 0 0 0 0 0 0 0 0 0
 4828 43 8 0 0 0 0 0 0 0 0 0 0 0 0 0 0 0
 4839 43 9 0 0 0 0 0 0 0 0 0 0 0 0 0 0 0
 4850 44 0 0 424552 156968 0 0 0 0 0 0 0 590624 0 0 0 0
 4861 44 1 408848 0 214848 0 0 0 0 0 0 0 647016 0 0 0 0
 4872 44 2 181776 222464 0 0 0 0 0 0 0 0 371816 0 0 0 0
 4883 44 3 0 0 0 0 0 0 0 0 0 0 0 0 0 0 0
 4894 44 4 0 0 0 0 0 0 0 0 0 0 0 0 0 0 0
 4905 44 5 0 0 0 0 0 0 0 0 0 0 0 0 0 0 0
 4916 44 6 0 0 0 0 0 0 0 0 0 0 0 0 0 0 0
 4927 44 7 0 0 0 0 0 0 0 0 0 0 0 0 0 0 0
 4938 44 8 0 0 0 0 0 0 0 0 0 0 0 0 0 0 0
 4949 44 9 0 0 0 0 0 0 0 0 0 0 0 0 0 0 0
 4960 45 0 0 440808 167752 0 0 0 0 0 0 0 606528 0 0 0 0
 4971 45 1 425200 0 210568 0 0 0 0 0 0 0 652328 0 0 0 0
 4982 45 2 181328 211520 0 0 0 0 0 0 0 0 378320 0 0 0 0
 4993 45 3 0 0 0 0 0 0 0 0 0 0 0 0 0 0 0
 5004 45 4 0 0 0 0 0 0 0 0 0 0 0 0 0 0 0
 5015 45 5 0 0 0 0 0 0 0 0 0 0 0 0 0 0 0
 5026 45 6 0 0 0 0 0 0 0 0 0 0 0 0 0 0 0
 5037 45 7 0 0 0 0 0 0 0 0 0 0 0 0 0 0 0
 5048 45 8 0 0 0 0 0 0 0 0 0 0 0 0 0 0 0
 5059 45 9 0 0 0 0 0 0 0 0 0 0 0 0 0 0 0
 5070 46 0 0 431704 150920 0 0 0 0 0 0 0 620048 0 0 0 0
 5081 46 1 452104 0 206848 0 0 0 0 0 0 0 636760 0 0 0 0
 5092 46 2 167944 205056 0 0 0 0 0 0 0 0 357768 0 0 0 0
 5103 46 3 0 0 0 0 0 0 0 0 0 0 0 0 0 0 0
 5114 46 4 0 0 0 0 0 0 0 0 0 0 0 0 0 0 0
 5125 46 5 0 0 0 0 0 0 0 0 0 0 0 0 0 0 0
 5136 46 6 0 0 0 0 0 0 0 0 0 0 0 0 0 0 0
 5147 46 7 0 0 0 0 0 0 0 0 0 0 0 0 0 0 0
 5158 46 8 0 0 0 0 0 0 0 0 0 0 0 0 0 0 0
 5169 46 9 0 0 0 0 0 0 0 0 0 0 0 0 0 0 0
 5180 47 0 0 452840 163720 0 0 0 0 0 0 0 596624 0 0 0 0
 5191 47 1 429192 0 203016 0 0 0 0 0 0 0 663024 0 0 0 0
 5202 47 2 167432 210184 0 0 0 0 0 0 0 0 366736 0 0 0 0
 5213 47 3 0 0 0 0 0 0 0 0 0 0 0 0 0 0 0
 5224 47 4 0 0 0 0 0 0 0 0 0 0 0 0 0 0 0
 5235 47 5 0 0 0 0 0 0 0 0 0 0 0 0 0 0 0
 5246 47 6 0 0 0 0 0 0 0 0 0 0 0 0 0 0 0
 5257 47 7 0 0 0 0 0 0 0 0 0 0 0 0 0 0 0
 5268 47 8 0 0 0 0 0 0 0 0 0 0 0 0 0 0 0
 5279 47 9 0 0 0 0 0 0 0 0 0 0 0 0 0 0 0
 5290 48 0 0 408456 181256 0 0 0 0 0 0 0 588888 0 0 0 0
 5301 48 1 419120 0 205376 0 0 0 0 0 0 0 626064 0 0 0 0
 5312 48 2 169768 217608 0 0 0 0 0 0 0 0 386632 0 0 0 0
 5323 48 3 0 0 0 0 0 0 0 0 0 0 0 0 0 0 0
 5334 48 4 0 0 0 0 0 0 0 0 0 0 0 0 0 0 0
 5345 48 5 0 0 0 0 0 0 0 0 0 0 0 0 0 0 0
 5356 48 6 0 0 0 0 0 0 0 0 0 0 0 0 0 0 0
 5367 48 7 0 0 0 0 0 0 0 0 0 0 0 0 0 0 0
 5378 48 8 0 0 0 0 0 0 0 0 0 0 0 0 0 0 0
 5389 48 9 0 0 0 0 0 0 0 0 0 0 0 0 0 0 0
 5400 49 0 0 440448 172096 0 0 0 0 0 0 0 599520 0 0 0 0
 5411 49 1 432272 0 228352 0 0 0 0 0 0 0 652128 0 0 0 0
 5422 49 2 167248 211680 0 0 0 0 0 0 0 0 400448 0 0 0 0
 5433 49 3 0 0 0 0 0 0 0 0 0 0 0 0 0 0 0
 5444 49 4 0 0 0 0 0 0 0 0 0 0 0 0 0 0 0
 5455 49 5 0 0 0 0 0 0 0 0 0 0 0 0 0 0 0
 5466 49 6 0 0 0 0 0 0 0 0 0 0 0 0 0 0 0
 5477 49 7 0 0 0 0 0 0 0 0 0 0 0 0 0 0 0
 5488 49 8 0 0 0 0 0 0 0 0 0 0 0 0 0 0 0
 5499 49 9 0 0 0 0 0 0 0 0 0 0 0 0 0 0 0
 5510 50 0 0 416120 167296 0 0 0 0 0 0 0 612784 0 0 0 0
 5521 50 1 442256 0 226688 0 0 0 0 0 0 0 621496 0 0 0 0
 5532 50 2 170528 205376 0 0 0 0 0 0 0 0 393984 0 0 0 0
 5543 50 3 0 0 0 0 0 0 0 0 0 0 0 0 0 0 0
 5554 50 4 0 0 0 0 0 0 0 0 0 0 0 0 0 0 0
 5565 50 5 0 0 0 0 0 0 0 0 0 0 0 0 0 0 0
 5576 50 6 0 0 0 0 0 0 0 0 0 0 0 0 0 0 0
 5587 50 7 0 0 0 0 0 0 0 0 0 0 0 0 0 0 0
 5598 50 8 0 0 0 0 0 0 0 0 0 0 0 0 0 0 0
 5609 50 9 0 0 0 0 0 0 0 0 0 0 0 0 0 0 0