# Format <LP ID> <Terminal ID> <Job ID> <Local Rank> <Total sends> <Total Recvs> <Bytes sent> <Bytes recvd> <Send time> <Comm. time> <Compute time> <Avg msg time> <Max Msg Time>
 0 0 0 0 386 386 375504 372576 34163400.944728 95311284.249468 421445414.000000 0.000000 0.000000
 1 1 0 1 436 436 499744 496960 92056834.422640 116109678.019541 400680969.000000 0.000000 0.000000
 2 2 0 2 432 432 380560 378304 21180680.379244 110717322.259111 406014323.000000 0.000000 0.000000
 3 3 0 3 438 438 501776 497360 2343436.487150 62922643.737336 453870765.000000 0.000000 0.000000
 9 4 0 4 798 798 634624 632464 59414121.382224 105668743.400702 411178033.000000 0.000000 0.000000
 10 5 0 5 566 566 505488 501888 73460779.008377 110575835.728870 406217948.000000 0.000000 0.000000
 11 6 0 6 378 378 377264 374768 111444826.934828 111206872.129903 405552232.000000 0.000000 0.000000
 12 7 0 7 636 636 503376 505680 209016943.565154 110178564.225613 406617530.000000 0.000000 0.000000
 18 8 0 8 430 430 377664 378480 112379479.274288 113741107.659646 403005036.000000 0.000000 0.000000
 19 9 0 9 648 648 505520 505424 73525050.448822 107106375.407956 409691593.000000 0.000000 0.000000
 20 10 0 10 646 646 628512 629376 58989625.046847 113730466.868834 403118618.000000 0.000000 0.000000
 21 11 0 11 618 618 504176 505712 51659571.504183 114120677.861450 402669890.000000 0.000000 0.000000
 27 12 0 12 764 764 628688 628640 186955793.242959 107926833.852121 408924470.000000 0.000000 0.000000
 28 13 0 13 1060 1060 760240 756640 262086618.947691 95802510.103003 421055583.000000 0.000000 0.000000
 29 14 0 14 640 640 627024 628944 215549654.841307 112173671.256475 404679939.000000 0.000000 0.000000
 30 15 0 15 496 496 498080 501104 117766172.846608 112323810.598866 404476753.000000 0.000000 0.000000
 36 16 0 16 818 818 629824 638080 132858548.935056 108199295.731657 408656717.000000 0.000000 0.000000
 37 17 0 17 562 562 503296 504928 104206315.316553 105059285.996007 411724256.000000 0.000000 0.000000
 38 18 0 18 420 420 375680 371408 115262691.780451 110199480.558628 406548900.000000 0.000000 0.000000
 39 19 0 19 500 500 499920 499536 103397821.310719 96821953.463416 419973314.000000 0.000000 0.000000
 45 20 0 20 446 446 377088 375792 112025999.166870 111274219.511379 405490972.000000 0.000000 0.000000
 46 21 0 21 562 562 503040 505680 121835595.141975 112507625.272362 404295339.000000 0.000000 0.000000
 47 22 0 22 842 842 635616 640320 147443751.986392 109880992.656874 406977339.000000 0.000000 0.000000
 48 23 0 23 556 556 500432 500288 118023621.968685 111409887.307506 405389169.000000 0.000000 0.000000
 54 24 0 24 458 458 377408 377984 15553265.434476 13765806.192749 502964206.000000 0.000000 0.000000
 55 25 0 25 568 568 500112 503712 15410387.916075 14219674.504720 502581788.000000 0.000000 0.000000
 56 26 0 26 420 420 373712 372320 13243747.924571 14423276.773464 502344323.000000 0.000000 0.000000