# Format <LP id> <Terminal ID> <Total Data Size> <Aggregate packet latency> <# Flits/Packets finished> <Avg hops> <Busy Time>
 4 0 3061376 1125.831677 6904 3.136349 0.000000
 5 1 3039904 2511.275937 6748 2.709321 0.000000
 6 2 3039904 1725.101013 6748 3.181088 0.000000
 7 3 3007488 3156.291025 6488 2.731471 0.000000
 13 4 3039904 1284.676630 6748 3.102115 0.000000
 14 5 3007488 2452.337308 6488 2.706060 0.000000
 15 6 3007488 1752.336457 6488 3.024760 0.000000
 16 7 2963712 2653.669935 6072 2.576689 0.000000
 22 8 3039904 658.619446 6748 2.727931 0.000000
 23 9 3039904 2437.321440 6748 2.730794 0.000000
 24 10 3007488 1052.775381 6488 2.644730 0.000000
 25 11 3007488 1902.723775 6488 2.633898 0.000000
 31 12 3007488 1136.193020 6488 2.691888 0.000000
 32 13 3007488 1149.764636 6488 2.690259 0.000000
 33 14 2963712 1047.675861 6072 2.651346 0.000000
 34 15 2963712 1788.507804 6072 2.648045 0.000000
 40 16 3039904 678.627251 6748 2.685303 0.000000
 41 17 3039904 1192.793233 6748 2.697551 0.000000
 42 18 3007488 856.962158 6488 2.709969 0.000000
 43 19 3007488 1014.717703 6488 2.702883 0.000000
 49 20 3007488 1041.601836 6488 2.609627 0.000000
 50 21 3007488 1104.983697 6488 2.598062 0.000000
 51 22 2963712 1127.845021 6072 2.645167 0.000000
 52 23 2963712 1905.800829 6072 2.649738 0.000000
 58 24 3039904 881.819398 6748 2.736838 0.000000
 59 25 3039904 1155.705501 6748 3.132893 0.000000
 60 26 3007488 1371.096475 6488 2.709155 0.000000
 61 27 3007488 2534.870982 6488 3.131618 0.000000
 67 28 3007488 1582.671359 6488 2.602052 0.000000
 68 29 3007488 2663.963191 6488 3.080795 0.000000
 69 30 2963712 1005.015622 6072 2.558067 0.000000
 70 31 2963712 1775.372013 6072 3.048840 0.000000
 76 32 3039904 718.197561 6748 3.057261 0.000000
 77 33 3061376 878.054159 6904 3.033558 0.000000
 78 34 3007488 782.406844 6488 3.047565 0.000000
 79 35 3039904 1713.351959 6748 3.027199 0.000000
 85 36 3007488 804.991533 6488 3.143672 0.000000
 86 37 3039904 1312.631074 6748 3.114920 0.000000
 87 38 2963712 1123.331275 6072 3.165397 0.000000
 88 39 3007488 2048.766656 6488 3.131699 0.000000
 94 40 3039904 947.025408 6748 3.172419 0.000000
 95 41 3007488 1159.618152 6488 3.119401 0.000000
 96 42 3039904 1151.818847 6748 2.720614 0.000000
 97 43 3007488 1230.774805 6488 2.632432 0.000000
 103 44 3007488 1144.920275 6488 2.962127 0.000000
 104 45 2963712 1000.938204 6072 3.013374 0.000000
 105 46 3007488 1172.931331 6488 2.558560 0.000000
 106 47 2963712 1630.096642 6072 2.579651 0.000000
 112 48 3039904 2254.934028 6748 2.589152 0.000000
 113 49 3007488 2276.276440 6488 2.650269 0.000000
 114 50 3039904 2065.147790 6748 2.595276 0.000000
 115 51 3007488 3573.364593 6488 2.654015 0.000000
 121 52 3007488 1016.210061 6488 2.657273 0.000000
 122 53 2963712 1798.139507 6072 2.649822 0.000000
 123 54 3007488 1668.867645 6488 2.648070 0.000000
 124 55 2963712 3408.792318 6072 2.651854 0.000000
 130 56 3039904 963.909322 6748 2.639971 0.000000
 131 57 3007488 2453.111635 6488 2.614432 0.000000
 132 58 3039904 1271.076361 6748 3.096707 0.000000
 133 59 3007488 1951.551146 6488 3.091302 0.000000
 139 60 3007488 763.502873 6488 2.709725 0.000000
 140 61 2963712 1817.206088 6072 2.650415 0.000000
 141 62 3007488 1075.889608 6488 3.131047 0.000000
 142 63 2963712 1821.784027 6072 3.096072 0.000000
 148 64 3039904 942.405661 6748 3.202720 0.000000
 149 65 3007488 1603.766864 6488 3.183662 0.000000
 150 66 3061376 836.103611 6904 3.137055 0.000000
 151 67 3039904 1249.097518 6748 3.110625 0.000000
 157 68 3007488 992.741434 6488 3.120052 0.000000
 158 69 2963712 1528.159269 6072 3.062468 0.000000
 159 70 3039904 950.477074 6748 3.189598 0.000000
 160 71 3007488 1827.913886 6488 3.166802 0.000000
 166 72 3007488 1235.808343 6488 3.090650 0.000000
 167 73 3007488 2602.728167 6488 2.671608 0.000000
 168 74 3007488 1351.202668 6488 2.669246 0.000000
 169 75 3007488 2496.167943 6488 2.246620 0.000000
 175 76 2963712 1045.727910 6072 3.090824 0.000000
 176 77 2963712 1514.925684 6072 2.596411 0.000000
 177 78 2963712 850.314169 6072 2.601828 0.000000
 178 79 2963712 2094.762219 6072 2.113763 0.000000
 184 80 3007488 774.600006 6488 2.709399 0.000000
 185 81 3007488 1212.761587 6488 3.132758 0.000000
 186 82 3007488 999.360873 6488 2.712657 0.000000
 187 83 3007488 1121.578125 6488 3.137645 0.000000
 193 84 2963712 789.262539 6072 2.647621 0.000000
 194 85 2963712 891.356066 6072 3.142543 0.000000
 195 86 2963712 907.049799 6072 2.651938 0.000000
 196 87 2963712 1293.519010 6072 3.140850 0.000000
 202 88 3007488 805.939274 6488 2.701906 0.000000
 203 89 3007488 1759.041325 6488 2.708340 0.000000
 204 90 3007488 894.901598 6488 3.117120 0.000000
 205 91 3007488 1978.949348 6488 3.130151 0.000000
 211 92 2963712 1016.176597 6072 2.574319 0.000000
 212 93 2963712 1048.681008 6072 2.577789 0.000000
 213 94 2963712 832.657736 6072 3.072710 0.000000
 214 95 2963712 2141.383606 6072 3.078297 0.000000
 220 96 3007488 2083.636465 6488 3.160205 0.000000
 221 97 3007488 1746.109843 6488 2.696286 0.000000
 222 98 3007488 1694.015561 6488 3.173074 0.000000
 223 99 3007488 1221.978792 6488 2.703942 0.000000
 229 100 2963712 1098.334090 6072 3.145167 0.000000
 230 101 2963712 950.762380 6072 2.649230 0.000000
 231 102 2963712 995.762838 6072 3.142881 0.000000
 232 103 2963712 1168.784520 6072 2.654478 0.000000
 238 104 3007488 1220.640556 6488 2.960417 0.000000
 239 105 3007488 1101.749236 6488 2.556768 0.000000
 240 106 3007488 763.235770 6488 2.496091 0.000000
 241 107 3007488 1355.736191 6488 2.080388 0.000000
 247 108 2963712 800.188337 6072 3.174793 0.000000
 248 109 2963712 1013.635753 6072 2.668021 0.000000
 249 110 2963712 698.614396 6072 2.669968 0.000000
 250 111 2963712 1012.399652 6072 2.171661 0.000000
 256 112 3007488 782.109669 6488 2.696530 0.000000
 257 113 3039904 1325.175152 6748 3.199857 0.000000
 258 114 3007488 802.422805 6488 2.635527 0.000000
 259 115 3039904 1013.960969 6748 3.123588 0.000000
 265 116 2963712 876.343635 6072 2.653377 0.000000
 266 117 3007488 1504.126448 6488 3.125020 0.000000
 267 118 2963712 1104.123139 6072 2.654816 0.000000
 268 119 3007488 2442.228583 6488 3.127545 0.000000
 274 120 3007488 1296.811813 6488 2.229109 0.000000
 275 121 3007488 1955.528084 6488 2.700521 0.000000
 276 122 3007488 1184.461375 6488 2.694739 0.000000
 277 123 3007488 1356.786230 6488 3.166640 0.000000
 283 124 2963712 1112.380494 6072 2.158710 0.000000
 284 125 2963712 1089.657267 6072 2.648045 0.000000
 285 126 2963712 789.704739 6072 2.599458 0.000000
 286 127 2963712 1282.791218 6072 3.092517 0.000000
 292 128 3007488 1299.655199 6488 3.135690 0.000000
 293 129 3039904 1937.451547 6748 3.105297 0.000000
 294 130 3007488 1624.677462 6488 3.135201 0.000000
 295 131 3039904 2490.913540 6748 3.106887 0.000000
 301 132 2963712 800.285371 6072 3.153293 0.000000
 302 133 3007488 1112.782012 6488 3.075827 0.000000
 303 134 2963712 1092.371954 6072 3.144659 0.000000
 304 135 3007488 2832.173997 6488 3.072406 0.000000
 310 136 3007488 942.285389 6488 3.022642 0.000000
 311 137 3007488 1710.634311 6488 2.544633 0.000000
 312 138 3007488 1158.696888 6488 2.613944 0.000000
 313 139 3007488 1458.162178 6488 2.140495 0.000000
 319 140 2963712 907.736679 6072 3.068901 0.000000
 320 141 2963712 925.720008 6072 2.576519 0.000000
 321 142 2963712 761.551566 6072 2.580836 0.000000
 322 143 2963712 2142.265384 6072 2.088285 0.000000
 328 144 3007488 2210.721546 6488 2.544307 0.000000
 329 145 3007488 1616.365900 6488 3.043574 0.000000
 330 146 3007488 1284.809693 6488 2.539339 0.000000
 331 147 3007488 1904.173393 6488 3.039176 0.000000
 337 148 2963712 815.399498 6072 2.597088 0.000000
 338 149 2963712 863.017788 6072 3.020315 0.000000
 339 150 2963712 1137.747107 6072 2.531996 0.000000
 340 151 2963712 1147.538937 6072 2.960640 0.000000
 346 152 3007488 1383.036469 6488 2.607754 0.000000
 347 153 3007488 825.971597 6488 2.615410 0.000000
 348 154 3039904 1104.360852 6748 3.114761 0.000000
 349 155 3039904 962.928274 6748 3.111102 0.000000
 355 156 2963712 809.441208 6072 2.653208 0.000000
 356 157 2963712 921.182615 6072 2.652362 0.000000
 357 158 3007488 2522.981021 6488 3.168839 0.000000
 358 159 3007488 1282.791695 6488 3.148233 0.000000
 364 160 3007488 1038.565520 6488 3.085356 0.000000
 365 161 3007488 1314.245866 6488 2.609464 0.000000
 366 162 3039904 951.286795 6748 3.019326 0.000000
 367 163 3039904 694.923348 6748 2.550501 0.000000
 373 164 2963712 917.026862 6072 3.088116 0.000000
 374 165 2963712 940.106613 6072 2.597596 0.000000
 375 166 3007488 1333.130069 6488 3.128197 0.000000
 376 167 3007488 1428.048158 6488 2.659228 0.000000
 382 168 3007488 1734.629203 6488 3.175354 0.000000
 383 169 3007488 2676.446347 6488 2.688141 0.000000
 384 170 3007488 1406.283097 6488 2.701987 0.000000
 385 171 3007488 3416.364187 6488 2.226014 0.000000
 391 172 2963712 917.967812 6072 2.927290 0.000000
 392 173 2963712 1737.304101 6072 2.485780 0.000000
 393 174 2963712 1326.411911 6072 2.512781 0.000000
 394 175 2963712 2650.626023 6072 2.063738 0.000000
 400 176 3007488 868.096226 6488 2.590568 0.000000
 401 177 3039904 2053.091564 6748 3.080006 0.000000
 402 178 3007488 890.468322 6488 2.663219 0.000000
 403 179 3039904 1435.764593 6748 3.141403 0.000000
 409 180 2963712 751.269830 6072 2.503217 0.000000
 410 181 3007488 1168.136115 6488 3.041701 0.000000
 411 182 2963712 802.769118 6072 2.504317 0.000000
 412 183 3007488 1583.953751 6488 3.048624 0.000000
 418 184 3007488 630.333123 6488 2.146522 0.000000
 419 185 3007488 867.793944 6488 2.543981 0.000000
 420 186 3039904 871.840696 6748 2.653571 0.000000
 421 187 3039904 721.979389 6748 3.052489 0.000000
 427 188 2963712 683.359512 6072 2.065685 0.000000
 428 189 2963712 748.706625 6072 2.553157 0.000000
 429 190 3007488 806.566513 6488 2.612315 0.000000
 430 191 3007488 1318.553887 6488 3.086741 0.000000
 436 192 3007488 1933.290242 6488 3.124776 0.000000
 437 193 3039904 1510.930378 6748 3.199857 0.000000
 438 194 3039904 852.827937 6748 3.140130 0.000000
 439 195 3061376 1023.807124 6904 3.207308 0.000000
 445 196 2963712 943.381254 6072 3.049602 0.000000
 446 197 3007488 1006.835893 6488 3.072569 0.000000
 447 198 3007488 968.585596 6488 3.003828 0.000000
 448 199 3039904 1103.190400 6748 3.027597 0.000000
 454 200 3039904 1125.124436 6748 3.189757 0.000000
 455 201 3007488 2057.491505 6488 3.169653 0.000000
 456 202 3007488 1325.380152 6488 3.184151 0.000000
 457 203 2963712 1283.883277 6072 3.133655 0.000000
 463 204 3039904 978.431471 6748 2.743041 0.000000
 464 205 3007488 3113.200869 6488 2.694250 0.000000
 465 206 3007488 1109.146742 6488 2.637319 0.000000
 466 207 2963712 2412.073787 6072 2.570594 0.000000
 472 208 3039904 1279.278917 6748 2.735088 0.000000
 473 209 3007488 2144.193336 6488 2.638540 0.000000
 474 210 3007488 1458.892425 6488 2.658088 0.000000
 475 211 2963712 2004.781560 6072 2.553327 0.000000
 481 212 3039904 1037.556430 6748 2.665103 0.000000
 482 213 3007488 1258.351948 6488 2.617527 0.000000
 483 214 3007488 1677.347258 6488 2.703453 0.000000
 484 215 2963712 1899.034459 6072 2.654647 0.000000
 490 216 3039904 1807.833082 6748 2.582710 0.000000
 491 217 3007488 2007.087355 6488 2.553185 0.000000
 492 218 3007488 2249.186605 6488 2.724548 0.000000
 493 219 2963712 2599.430992 6072 2.676147 0.000000
 499 220 3039904 1827.044815 6748 3.036981 0.000000
 500 221 3007488 3049.613309 6488 3.006842 0.000000
 501 222 3007488 1552.053363 6488 3.117527 0.000000
 502 223 2963712 3073.397883 6072 3.070171 0.000000
 508 224 3039904 937.580517 6748 3.059965 0.000000
 509 225 3007488 1243.123352 6488 3.035674 0.000000
 510 226 3007488 934.919589 6488 3.143835 0.000000
 511 227 2963712 1346.116030 6072 3.095311 0.000000
 517 228 3061376 972.317652 6904 3.118394 0.000000
 518 229 3039904 751.523003 6748 3.001432 0.000000
 519 230 3039904 1068.963306 6748 3.139812 0.000000
 520 231 3007488 1192.103749 6488 3.020036 0.000000
 526 232 3007488 1095.913772 6488 3.154667 0.000000
 527 233 3007488 900.022229 6488 2.693598 0.000000
 528 234 2963712 1112.116056 6072 3.056289 0.000000
 529 235 2963712 659.242584 6072 2.554088 0.000000
 535 236 3007488 740.449695 6488 2.584623 0.000000
 536 237 3007488 1148.419485 6488 2.108568 0.000000
 537 238 2963712 947.509348 6072 2.546047 0.000000
 538 239 2963712 1349.156148 6072 2.063399 0.000000
 544 240 3007488 1527.293192 6488 2.611093 0.000000
 545 241 3007488 2258.480273 6488 3.086415 0.000000
 546 242 2963712 1269.458041 6072 2.558490 0.000000
 547 243 2963712 1979.815542 6072 3.050618 0.000000
 553 244 3007488 1752.748561 6488 2.694576 0.000000
 554 245 3007488 2437.921781 6488 3.159554 0.000000
 555 246 2963712 1575.206103 6072 2.553157 0.000000
 556 247 2963712 1546.165522 6072 3.051210 0.000000
 562 248 3007488 693.388820 6488 2.625102 0.000000
 563 249 3007488 994.993691 6488 2.689037 0.000000
 564 250 2963712 680.333249 6072 2.579736 0.000000
 565 251 2963712 1508.409056 6072 2.649738 0.000000
 571 252 3007488 1012.290603 6488 3.148558 0.000000
 572 253 3007488 1753.668671 6488 3.148151 0.000000
 573 254 2963712 1071.340456 6072 3.177332 0.000000
 574 255 2963712 1934.392390 6072 3.172423 0.000000
 580 256 3007488 1137.663083 6488 3.150595 0.000000
 581 257 3007488 1915.010352 6488 2.661997 0.000000
 582 258 2963712 935.957259 6072 3.004655 0.000000
 583 259 2963712 2273.500121 6072 2.509734 0.000000
 589 260 3007488 855.971404 6488 3.096107 0.000000
 590 261 3007488 1039.365987 6488 2.624369 0.000000
 591 262 2963712 1095.127958 6072 2.977230 0.000000
 592 263 2963712 1449.876042 6072 2.483240 0.000000
 598 264 3007488 2509.601686 6488 3.084867 0.000000
 599 265 3007488 2772.554323 6488 2.615491 0.000000
 600 266 2963712 1698.741799 6072 3.044693 0.000000
 601 267 2963712 2924.800191 6072 2.556797 0.000000
 607 268 3007488 1290.358437 6488 2.700603 0.000000
 608 269 3007488 3834.331065 6488 2.224222 0.000000
 609 270 2963712 1398.342794 6072 2.648129 0.000000
 610 271 2963712 2507.024588 6072 2.158287 0.000000
 616 272 3007488 661.464135 6488 2.666151 0.000000
 617 273 3039904 1231.820620 6748 3.147686 0.000000
 618 274 2963712 892.310770 6072 2.649738 0.000000
 619 275 3007488 1465.672088 6488 3.180078 0.000000
 625 276 3007488 1144.862101 6488 2.633002 0.000000
 626 277 3039904 744.031852 6748 3.141880 0.000000
 627 278 2963712 889.958736 6072 2.598527 0.000000
 628 279 3007488 1106.393816 6488 3.133979 0.000000
 634 280 3007488 986.562228 6488 2.146929 0.000000
 635 281 3007488 1617.019078 6488 2.566542 0.000000
 636 282 2963712 1084.417012 6072 2.158710 0.000000
 637 283 2963712 1755.305518 6072 2.612917 0.000000
 643 284 3007488 889.222830 6488 2.704268 0.000000
 644 285 3007488 1415.052345 6488 3.156703 0.000000
 645 286 2963712 835.151086 6072 2.647283 0.000000
 646 287 2963712 1515.199812 6072 3.143135 0.000000
 652 288 3007488 1048.525798 6488 3.021828 0.000000
 653 289 3039904 1197.816063 6748 3.118260 0.000000
 654 290 2963712 1306.325693 6072 2.998222 0.000000
 655 291 3007488 2147.059922 6488 3.109138 0.000000
 661 292 3007488 1293.610269 6488 3.139762 0.000000
 662 293 3039904 1090.166124 6748 3.168920 0.000000
 663 294 2963712 1098.305090 6072 3.173777 0.000000
 664 295 3007488 1318.199178 6488 3.211191 0.000000
 670 296 3007488 916.974320 6488 3.177309 0.000000
 671 297 3007488 1902.599565 6488 2.698485 0.000000
 672 298 2963712 1254.175762 6072 3.139749 0.000000
 673 299 2963712 1884.984264 6072 2.647960 0.000000
 679 300 3007488 1163.202756 6488 2.626649 0.000000
 680 301 3007488 1587.403094 6488 2.152223 0.000000
 681 302 2963712 687.356302 6072 2.649653 0.000000
 682 303 2963712 1064.980708 6072 2.153885 0.000000
 688 304 3007488 1095.454250 6488 2.561574 0.000000
 689 305 3007488 1182.686106 6488 3.037221 0.000000
 690 306 2963712 742.402362 6072 2.591671 0.000000
 691 307 2963712 1155.117584 6072 3.087269 0.000000
 697 308 3007488 867.126805 6488 2.648070 0.000000
 698 309 3007488 1072.099640 6488 3.112966 0.000000
 699 310 2963712 869.959626 6072 2.650838 0.000000
 700 311 2963712 2001.600060 6072 3.157779 0.000000
 706 312 3007488 1328.294154 6488 2.705001 0.000000
 707 313 3007488 1222.242001 6488 2.698729 0.000000
 708 314 2963712 879.765573 6072 2.650330 0.000000
 709 315 2963712 1343.369431 6072 2.657356 0.000000
 715 316 3039904 931.871855 6748 3.083824 0.000000
 716 317 3039904 1208.038551 6748 3.150151 0.000000
 717 318 3007488 1187.848946 6488 3.064913 0.000000
 718 319 3007488 923.009521 6488 3.134387 0.000000
 724 320 3007488 992.929767 6488 3.176902 0.000000
 725 321 3007488 844.482687 6488 2.704594 0.000000
 726 322 2963712 966.018945 6072 3.066616 0.000000
 727 323 2963712 1580.300625 6072 2.582614 0.000000
 733 324 3039904 1403.000020 6748 3.131859 0.000000
 734 325 3039904 1078.514147 6748 2.736599 0.000000
 735 326 3007488 797.807177 6488 3.099365 0.000000
 736 327 3007488 808.978309 6488 2.701743 0.000000
 742 328 3007488 2362.695390 6488 3.205408 0.000000
 743 329 3007488 2515.508880 6488 2.726340 0.000000
 744 330 2963712 1107.954345 6072 3.106907 0.000000
 745 331 2963712 1473.493783 6072 2.611563 0.000000
 751 332 3007488 954.556159 6488 2.707363 0.000000
 752 333 3007488 1693.694100 6488 2.234240 0.000000
 753 334 2963712 1170.210597 6072 2.646860 0.000000
 754 335 2963712 1053.549725 6072 2.160657 0.000000
 760 336 3007488 1878.643636 6488 2.707851 0.000000
 761 337 3039904 2047.598158 6748 3.203833 0.000000
 762 338 2963712 1681.689359 6072 2.644405 0.000000
 763 339 3007488 2347.684087 6488 3.177879 0.000000
 769 340 3007488 1450.021442 6488 2.700684 0.000000
 770 341 3039904 1437.055051 6748 3.199936 0.000000
 771 342 2963712 1596.006350 6072 2.653716 0.000000
 772 343 3007488 1517.006976 6488 3.160938 0.000000
 778 344 3007488 724.478098 6488 2.150432 0.000000
 779 345 3007488 906.253161 6488 2.615654 0.000000
 780 346 2963712 1581.283004 6072 2.010581 0.000000
 781 347 2963712 1174.311359 6072 2.498646 0.000000
 787 348 3039904 934.702298 6748 2.739542 0.000000
 788 349 3039904 1185.086980 6748 3.187927 0.000000
 789 350 3007488 800.055428 6488 2.612803 0.000000
 790 351 3007488 1405.022406 6488 3.084216 0.000000
 796 352 3007488 1601.150347 6488 3.180648 0.000000
 797 353 3039904 1771.975917 6748 3.209559 0.000000
 798 354 2963712 893.675200 6072 3.154308 0.000000
 799 355 3007488 1368.765392 6488 3.176983 0.000000
 805 356 3039904 1119.266739 6748 3.127008 0.000000
 806 357 3061376 729.066025 6904 3.136428 0.000000
 807 358 3007488 985.483689 6488 3.099446 0.000000
 808 359 3039904 1108.934010 6748 3.118737 0.000000
 814 360 3007488 1234.200555 6488 3.125020 0.000000
 815 361 2963712 1017.066727 6072 3.082698 0.000000
 816 362 3007488 1624.353749 6488 2.651572 0.000000
 817 363 2963712 1428.588388 6072 2.592263 0.000000
 823 364 3007488 927.279572 6488 2.672178 0.000000
 824 365 2963712 1380.107093 6072 2.556374 0.000000
 825 366 3007488 1190.944326 6488 2.239453 0.000000
 826 367 2963712 1669.920959 6072 2.101998 0.000000
 832 368 3007488 1314.151413 6488 2.700195 0.000000
 833 369 2963712 1038.693097 6072 2.649822 0.000000
 834 370 3007488 1360.255402 6488 3.109464 0.000000
 835 371 2963712 987.428717 6072 3.076096 0.000000
 841 372 3007488 1015.382455 6488 2.704023 0.000000
 842 373 2963712 1347.873802 6072 2.649653 0.000000
 843 374 3007488 1743.675260 6488 3.140251 0.000000
 844 375 2963712 2056.218341 6072 3.105214 0.000000
 850 376 3007488 1240.547752 6488 2.637970 0.000000
 851 377 2963712 1251.470246 6072 2.578636 0.000000
 852 378 3007488 1499.897524 6488 2.704268 0.000000
 853 379 2963712 1371.959367 6072 2.649653 0.000000
 859 380 3007488 1021.771769 6488 3.179671 0.000000
 860 381 2963712 888.938598 6072 3.095226 0.000000
 861 382 3007488 839.749918 6488 3.176902 0.000000
 862 383 2963712 1311.380461 6072 3.096919 0.000000
 868 384 3007488 3628.732635 6488 3.177472 0.000000
 869 385 2963712 3017.242917 6072 3.089893 0.000000
 870 386 3007488 2406.064688 6488 2.702313 0.000000
 871 387 2963712 2247.420984 6072 2.586338 0.000000
 877 388 3007488 1531.762892 6488 3.121600 0.000000
 878 389 2963712 2155.190377 6072 3.087862 0.000000
 879 390 3007488 1232.188277 6488 2.654423 0.000000
 880 391 2963712 1324.496374 6072 2.597342 0.000000
 886 392 3007488 1334.023521 6488 3.070044 0.000000
 887 393 2963712 1558.568657 6072 3.096072 0.000000
 888 394 3007488 1361.797014 6488 2.653934 0.000000
 889 395 2963712 1446.652538 6072 2.658371 0.000000
 895 396 3007488 1273.083997 6488 2.619319 0.000000
 896 397 2963712 1031.933757 6072 2.515152 0.000000
 897 398 3007488 861.097000 6488 2.216322 0.000000
 898 399 2963712 1036.698831 6072 2.091502 0.000000
 904 400 3007488 847.161376 6488 2.725362 0.000000
 905 401 2963712 1066.832539 6072 2.672338 0.000000
 906 402 3039904 981.535892 6748 3.234373 0.000000
 907 403 3007488 1533.300594 6488 3.206874 0.000000
 913 404 3007488 1191.596922 6488 2.626975 0.000000
 914 405 2963712 1297.133216 6072 2.579313 0.000000
 915 406 3039904 843.346660 6748 3.125736 0.000000
 916 407 3007488 2077.097335 6488 3.104659 0.000000
 922 408 3007488 2473.922750 6488 2.109301 0.000000
 923 409 2963712 2111.104350 6072 2.067970 0.000000
 924 410 3007488 2301.879981 6488 2.581854 0.000000
 925 411 2963712 2537.461878 6072 2.558321 0.000000
 931 412 3007488 869.658106 6488 2.689282 0.000000
 932 413 2963712 1347.802277 6072 2.561283 0.000000
 933 414 3007488 1119.322730 6488 3.147907 0.000000
 934 415 2963712 1466.279093 6072 3.050618 0.000000
 940 416 3007488 1020.106726 6488 3.118749 0.000000
 941 417 2963712 1678.456461 6072 3.090486 0.000000
 942 418 3039904 973.350130 6748 3.139971 0.000000
 943 419 3007488 1454.176745 6488 3.127790 0.000000
 949 420 3007488 1618.135947 6488 3.173318 0.000000
 950 421 2963712 1335.013355 6072 3.144828 0.000000
 951 422 3039904 1388.761706 6748 3.138142 0.000000
 952 423 3007488 1129.102761 6488 3.126568 0.000000
 958 424 3007488 2283.230522 6488 3.142206 0.000000
 959 425 2963712 1647.031897 6072 3.136364 0.000000
 960 426 3007488 932.186722 6488 2.671689 0.000000
 961 427 2963712 895.626206 6072 2.649992 0.000000
 967 428 3007488 891.563097 6488 2.652223 0.000000
 968 429 2963712 729.032716 6072 2.646944 0.000000
 969 430 3007488 721.235165 6488 2.175191 0.000000
 970 431 2963712 923.310667 6072 2.154562 0.000000
 976 432 3007488 1681.760783 6488 2.628115 0.000000
 977 433 2963712 1742.405902 6072 2.578805 0.000000
 978 434 3007488 917.712852 6488 3.105718 0.000000
 979 435 2963712 1560.754197 6072 3.070679 0.000000
 985 436 3007488 1148.866190 6488 2.725362 0.000000
 986 437 2963712 2210.272673 6072 2.668444 0.000000
 987 438 3007488 1358.428823 6488 3.201417 0.000000
 988 439 2963712 1700.989611 6072 3.172253 0.000000
 994 440 3007488 1273.186098 6488 2.689445 0.000000
 995 441 2963712 899.370240 6072 2.647283 0.000000
 996 442 3007488 918.411325 6488 2.626731 0.000000
 997 443 2963712 925.887995 6072 2.581683 0.000000
 1003 444 3039904 1107.646111 6748 3.084540 0.000000
 1004 445 3007488 1214.459985 6488 3.111663 0.000000
 1005 446 3039904 1091.577375 6748 3.149992 0.000000
 1006 447 3007488 1367.989416 6488 3.171852 0.000000
 1012 448 3007488 882.288895 6488 3.136341 0.000000
 1013 449 2963712 901.802214 6072 2.968766 0.000000
 1014 450 3007488 1187.386502 6488 2.708503 0.000000
 1015 451 2963712 1304.395811 6072 2.563738 0.000000
 1021 452 3039904 1463.745349 6748 3.118021 0.000000
 1022 453 3007488 998.366664 6488 3.084379 0.000000
 1023 454 3039904 952.790988 6748 2.648561 0.000000
 1024 455 3007488 1566.597727 6488 2.607346 0.000000
 1030 456 3007488 1691.639786 6488 3.170305 0.000000
 1031 457 2963712 1643.772393 6072 3.139242 0.000000
 1032 458 3007488 1735.442907 6488 2.706956 0.000000
 1033 459 2963712 2267.841022 6072 2.646860 0.000000
 1039 460 3007488 1103.267358 6488 2.707363 0.000000
 1040 461 2963712 1336.928028 6072 2.576435 0.000000
 1041 462 3007488 886.386576 6488 2.233100 0.000000
 1042 463 2963712 1667.221133 6072 2.085153 0.000000
 1048 464 3007488 1140.486588 6488 2.616713 0.000000
 1049 465 2963712 958.176635 6072 2.594887 0.000000
 1050 466 3039904 941.890715 6748 2.966677 0.000000
 1051 467 3007488 1179.080422 6488 2.988435 0.000000
 1057 468 3007488 956.903710 6488 2.606369 0.000000
 1058 469 2963712 782.639951 6072 2.657864 0.000000
 1059 470 3039904 1001.875539 6748 3.017576 0.000000
 1060 471 3007488 1596.945817 6488 3.075745 0.000000
 1066 472 3007488 1200.473930 6488 2.073058 0.000000
 1067 473 2963712 1104.881412 6072 2.167513 0.000000
 1068 474 3007488 947.875418 6488 2.553103 0.000000
 1069 475 2963712 880.375286 6072 2.668444 0.000000
 1075 476 3039904 953.756155 6748 2.595435 0.000000
 1076 477 3007488 1148.334065 6488 2.645138 0.000000
 1077 478 3039904 817.706007 6748 2.985526 0.000000
 1078 479 3007488 1452.210010 6488 3.047158 0.000000
 1084 480 3007488 2000.340429 6488 3.090731 0.000000
 1085 481 2963712 1180.746167 6072 3.141273 0.000000
 1086 482 3039904 984.146425 6748 3.020678 0.000000
 1087 483 3007488 1627.727019 6488 3.074768 0.000000
 1093 484 3039904 1672.730251 6748 3.059249 0.000000
 1094 485 3007488 837.849964 6488 3.066053 0.000000
 1095 486 3061376 948.538292 6904 3.033793 0.000000
 1096 487 3039904 852.516503 6748 3.055273 0.000000
 1102 488 2963712 1360.426068 6072 2.976976 0.000000
 1103 489 2963712 988.309136 6072 2.492297 0.000000
 1104 490 2963712 743.055489 6072 2.586338 0.000000
 1105 491 2963712 935.128938 6072 2.086677 0.000000
 1111 492 2963712 840.520825 6072 2.983663 0.000000
 1112 493 2963712 995.876190 6072 2.554004 0.000000
 1113 494 2963712 754.751970 6072 2.576858 0.000000
 1114 495 2963712 1159.080779 6072 2.161842 0.000000
 1120 496 2963712 675.425575 6072 2.560267 0.000000
 1121 497 2963712 1116.793359 6072 3.043592 0.000000
 1122 498 2963712 676.266291 6072 2.650499 0.000000
 1123 499 2963712 785.552380 6072 3.144913 0.000000
 1129 500 2963712 660.708436 6072 2.557474 0.000000
 1130 501 2963712 1535.655662 6072 3.039275 0.000000
 1131 502 2963712 782.767327 6072 2.650499 0.000000
 1132 503 2963712 1065.535503 6072 3.132893 0.000000
 1138 504 2963712 805.534282 6072 2.595226 0.000000
 1139 505 2963712 1184.083589 6072 2.601744 0.000000
 1140 506 2963712 1105.811209 6072 3.086338 0.000000
 1141 507 2963712 1586.597643 6072 3.108177 0.000000
 1147 508 2963712 822.612108 6072 2.673015 0.000000
 1148 509 2963712 1526.146859 6072 2.666497 0.000000
 1149 510 2963712 788.186173 6072 3.170391 0.000000
 1150 511 2963712 1681.377614 6072 3.167682 0.000000
 1156 512 2963712 1116.450322 6072 3.171153 0.000000
 1157 513 2963712 1915.134090 6072 3.174285 0.000000
 1158 514 2963712 981.786120 6072 3.167259 0.000000
 1159 515 2963712 903.197479 6072 3.170899 0.000000
 1165 516 2963712 1093.877087 6072 3.057390 0.000000
 1166 517 2963712 2085.095666 6072 3.002031 0.000000
 1167 518 2963712 1372.721753 6072 3.056712 0.000000
 1168 519 2963712 1442.061546 6072 2.984764 0.000000
 1174 520 2963712 979.694272 6072 3.137803 0.000000
 1175 521 2963712 993.015082 6072 2.651600 0.000000
 1176 522 2963712 875.297516 6072 2.652616 0.000000
 1177 523 2963712 713.931636 6072 2.155747 0.000000
 1183 524 2963712 930.013888 6072 3.065769 0.000000
 1184 525 2963712 850.541744 6072 2.655155 0.000000
 1185 526 2963712 676.435922 6072 2.579482 0.000000
 1186 527 2963712 1424.692664 6072 2.160064 0.000000
 1192 528 2963712 648.933876 6072 2.500593 0.000000
 1193 529 2963712 1656.882005 6072 2.995175 0.000000
 1194 530 2963712 747.269090 6072 2.593956 0.000000
 1195 531 2963712 1713.787222 6072 3.088285 0.000000
 1201 532 2963712 832.048865 6072 2.557474 0.000000
 1202 533 2963712 2316.208654 6072 3.052311 0.000000
 1203 534 2963712 1004.031941 6072 2.653547 0.000000
 1204 535 2963712 1659.201948 6072 3.143474 0.000000
 1210 536 2963712 715.583113 6072 2.594633 0.000000
 1211 537 2963712 1012.751046 6072 2.602252 0.000000
 1212 538 2963712 853.360046 6072 3.093787 0.000000
 1213 539 2963712 1060.049758 6072 3.093279 0.000000
 1219 540 2963712 845.216091 6072 2.583206 0.000000
 1220 541 2963712 990.090463 6072 2.579482 0.000000
 1221 542 2963712 776.008609 6072 3.079059 0.000000
 1222 543 2963712 1269.542377 6072 3.081006 0.000000
 1228 544 2963712 732.138849 6072 2.876249 0.000000
 1229 545 2963712 1060.218974 6072 2.964110 0.000000
 1230 546 2963712 1806.865317 6072 2.958862 0.000000
 1231 547 2963712 1077.688802 6072 3.027087 0.000000
 1237 548 2963712 907.219232 6072 3.170137 0.000000
 1238 549 2963712 2013.030871 6072 3.166751 0.000000
 1239 550 2963712 2551.521788 6072 3.173777 0.000000
 1240 551 2963712 1762.982308 6072 3.176147 0.000000
 1246 552 2963712 1264.071887 6072 3.142458 0.000000
 1247 553 2963712 2268.646893 6072 2.652446 0.000000
 1248 554 2963712 1004.819518 6072 2.648299 0.000000
 1249 555 2963712 2174.586905 6072 2.159726 0.000000
 1255 556 2963712 1592.181517 6072 3.140003 0.000000
 1256 557 2963712 3978.026095 6072 2.648129 0.000000
 1257 558 2963712 1133.993968 6072 2.650076 0.000000
 1258 559 2963712 2340.957726 6072 2.159726 0.000000
 1264 560 2963712 679.659217 6072 2.653716 0.000000
 1265 561 3007488 1348.610726 6488 3.173074 0.000000
 1266 562 2963712 793.127716 6072 2.656086 0.000000
 1267 563 3007488 1678.704719 6488 3.178938 0.000000
 1273 564 2963712 879.640737 6072 2.647791 0.000000
 1274 565 3007488 1077.222213 6488 3.176495 0.000000
 1275 566 2963712 1052.535511 6072 2.618927 0.000000
 1276 567 3007488 1219.613385 6488 3.128767 0.000000
 1282 568 2963712 1026.705627 6072 2.655324 0.000000
 1283 569 2963712 1565.619452 6072 2.651515 0.000000
 1284 570 2963712 786.057571 6072 3.145336 0.000000
 1285 571 2963712 954.140864 6072 3.147960 0.000000
 1291 572 2963712 744.486401 6072 2.597681 0.000000
 1292 573 2963712 1621.053603 6072 2.603775 0.000000
 1293 574 2963712 1034.994143 6072 3.095903 0.000000
 1294 575 2963712 1007.445600 6072 3.087693 0.000000
 1300 576 2963712 1042.638427 6072 3.140850 0.000000
 1301 577 3007488 2259.503026 6488 3.178612 0.000000
 1302 578 2963712 1546.582994 6072 3.149907 0.000000
 1303 579 3007488 2761.177799 6488 3.178938 0.000000
 1309 580 2963712 1285.307364 6072 3.001947 0.000000
 1310 581 3007488 2801.804795 6488 3.115165 0.000000
 1311 582 2963712 1534.840279 6072 3.075504 0.000000
 1312 583 3007488 2295.229116 6488 3.180160 0.000000
 1318 584 2963712 984.447450 6072 3.170645 0.000000
 1319 585 2963712 1041.663377 6072 2.668614 0.000000
 1320 586 2963712 678.005643 6072 2.672253 0.000000
 1321 587 2963712 938.730152 6072 2.166582 0.000000
 1327 588 2963712 872.100640 6072 3.090824 0.000000
 1328 589 2963712 670.433833 6072 2.598781 0.000000
 1329 590 2963712 769.473121 6072 2.601067 0.000000
 1330 591 2963712 619.860365 6072 2.105045 0.000000
 1336 592 2963712 732.213260 6072 2.650245 0.000000
 1337 593 3007488 791.286491 6488 3.188630 0.000000
 1338 594 2963712 877.438056 6072 2.651938 0.000000
 1339 595 3007488 1493.845346 6488 3.172259 0.000000
 1345 596 2963712 741.249154 6072 2.654478 0.000000
 1346 597 3007488 1201.378597 6488 3.169246 0.000000
 1347 598 2963712 828.846503 6072 2.653039 0.000000
 1348 599 3007488 1049.489771 6488 3.161834 0.000000
 1354 600 2963712 960.845708 6072 2.653293 0.000000
 1355 601 2963712 1455.144411 6072 2.649484 0.000000
 1356 602 2963712 1444.401377 6072 3.048671 0.000000
 1357 603 2963712 2043.487005 6072 3.036144 0.000000
 1363 604 2963712 1031.228347 6072 2.651684 0.000000
 1364 605 2963712 818.489200 6072 2.647791 0.000000
 1365 606 2963712 1141.692580 6072 3.142035 0.000000
 1366 607 2963712 1575.851893 6072 3.141950 0.000000
 1372 608 2963712 898.504320 6072 3.138480 0.000000
 1373 609 3007488 1367.939126 6488 3.173481 0.000000
 1374 610 2963712 1504.676193 6072 3.141781 0.000000
 1375 611 3007488 1732.230253 6488 3.171201 0.000000
 1381 612 2963712 973.869136 6072 3.137718 0.000000
 1382 613 3007488 2095.984352 6488 3.177961 0.000000
 1383 614 2963712 1130.063757 6072 3.142712 0.000000
 1384 615 3007488 1170.469380 6488 3.185372 0.000000
 1390 616 2963712 809.163019 6072 3.086846 0.000000
 1391 617 2963712 977.782407 6072 2.590317 0.000000
 1392 618 2963712 1067.738049 6072 2.599204 0.000000
 1393 619 2963712 1336.878874 6072 2.109023 0.000000
 1399 620 2963712 1255.568635 6072 3.106653 0.000000
 1400 621 2963712 1130.531187 6072 2.676570 0.000000
 1401 622 2963712 834.855412 6072 2.611478 0.000000
 1402 623 2963712 1152.060444 6072 2.168783 0.000000
 1408 624 2963712 2505.679329 6072 2.581683 0.000000
 1409 625 2963712 1967.586157 6072 3.083206 0.000000
 1410 626 2963712 1483.089964 6072 2.505587 0.000000
 1411 627 2963712 1540.764650 6072 3.005587 0.000000
 1417 628 2963712 1185.479585 6072 2.650415 0.000000
 1418 629 2963712 1310.678790 6072 3.056035 0.000000
 1419 630 2963712 1514.008911 6072 2.651938 0.000000
 1420 631 2963712 1022.795437 6072 3.026833 0.000000
 1426 632 2963712 831.285890 6072 2.648129 0.000000
 1427 633 2963712 773.253725 6072 2.652616 0.000000
 1428 634 3007488 890.548944 6488 3.149210 0.000000
 1429 635 3007488 958.255332 6488 3.163870 0.000000
 1435 636 2963712 834.742950 6072 2.651854 0.000000
 1436 637 2963712 1285.818866 6072 2.647029 0.000000
 1437 638 3007488 1188.272827 6488 3.047565 0.000000
 1438 639 3007488 1282.505651 6488 3.033149 0.000000
 1444 640 2963712 868.315359 6072 3.093618 0.000000
 1445 641 2963712 876.504688 6072 3.088454 0.000000
 1446 642 3007488 1043.299844 6488 3.114840 0.000000
 1447 643 3007488 1169.650014 6488 3.113536 0.000000
 1453 644 2963712 901.652664 6072 3.135433 0.000000
 1454 645 2963712 969.791441 6072 3.149992 0.000000
 1455 646 3007488 896.843214 6488 3.176332 0.000000
 1456 647 3007488 2082.984610 6488 3.177146 0.000000
 1462 648 2963712 2016.837807 6072 3.049433 0.000000
 1463 649 2963712 959.425739 6072 2.653377 0.000000
 1464 650 2963712 2521.666489 6072 2.561029 0.000000
 1465 651 2963712 1624.041383 6072 2.161419 0.000000
 1471 652 2963712 1052.638059 6072 2.981717 0.000000
 1472 653 2963712 1251.094701 6072 2.584391 0.000000
 1473 654 2963712 732.193922 6072 2.483579 0.000000
 1474 655 2963712 1108.344488 6072 2.093364 0.000000
 1480 656 2963712 785.695517 6072 2.672592 0.000000
 1481 657 2963712 1015.495776 6072 3.174031 0.000000
 1482 658 2963712 931.813189 6072 2.675724 0.000000
 1483 659 2963712 1290.679802 6072 3.168529 0.000000
 1489 660 2963712 931.205812 6072 2.597511 0.000000
 1490 661 2963712 1094.317867 6072 3.088370 0.000000
 1491 662 2963712 764.164251 6072 2.529118 0.000000
 1492 663 2963712 1237.997567 6072 3.034874 0.000000
 1498 664 2963712 937.295338 6072 2.649822 0.000000
 1499 665 2963712 1145.655521 6072 2.652954 0.000000
 1500 666 3007488 859.462376 6488 3.162404 0.000000
 1501 667 3007488 1007.265172 6488 3.176413 0.000000
 1507 668 2963712 826.075702 6072 2.651007 0.000000
 1508 669 2963712 808.014689 6072 2.651515 0.000000
 1509 670 3007488 1060.853772 6488 3.094315 0.000000
 1510 671 3007488 1095.042608 6488 3.101645 0.000000
 1516 672 2963712 863.773886 6072 3.142543 0.000000
 1517 673 2963712 1447.994467 6072 3.144405 0.000000
 1518 674 3007488 940.634163 6488 3.093419 0.000000
 1519 675 3007488 1636.463046 6488 3.084949 0.000000
 1525 676 2963712 878.491543 6072 3.092348 0.000000
 1526 677 2963712 1540.533820 6072 3.096326 0.000000
 1527 678 3007488 966.967318 6488 3.166802 0.000000
 1528 679 3007488 1522.790581 6488 3.175924 0.000000
 1534 680 2963712 1014.423283 6072 3.053073 0.000000
 1535 681 2963712 1166.563422 6072 2.557136 0.000000
 1536 682 2963712 1215.995193 6072 2.554681 0.000000
 1537 683 2963712 2145.063786 6072 2.067124 0.000000
 1543 684 2963712 773.301156 6072 3.035128 0.000000
 1544 685 2963712 811.318658 6072 2.650669 0.000000
 1545 686 2963712 828.677146 6072 2.535297 0.000000
 1546 687 2963712 1031.345452 6072 2.162858 0.000000
 1552 688 2963712 722.277247 6072 2.496953 0.000000
 1553 689 3007488 929.448782 6488 2.950643 0.000000
 1554 690 2963712 1005.575898 6072 2.501100 0.000000
 1555 691 3007488 1457.612377 6488 2.944698 0.000000
 1561 692 2963712 2181.999483 6072 2.668614 0.000000
 1562 693 3007488 1109.225874 6488 3.205734 0.000000
 1563 694 2963712 899.941523 6072 2.669037 0.000000
 1564 695 3007488 1132.765316 6488 3.198729 0.000000
 1570 696 2963712 1148.274970 6072 2.556712 0.000000
 1571 697 2963712 2096.351122 6072 2.488404 0.000000
 1572 698 3007488 2212.000445 6488 3.083401 0.000000
 1573 699 3007488 2693.657381 6488 3.020117 0.000000
 1579 700 2963712 958.799338 6072 2.646436 0.000000
 1580 701 2963712 1450.684889 6072 2.651431 0.000000
 1581 702 3007488 1385.620264 6488 3.174214 0.000000
 1582 703 3007488 1959.621879 6488 3.178286 0.000000
 1588 704 2963712 937.024320 6072 2.996699 0.000000
 1589 705 3007488 1315.495304 6488 3.093256 0.000000
 1590 706 3007488 918.006780 6488 2.952191 0.000000
 1591 707 3039904 957.491767 6748 3.031573 0.000000
 1597 708 2963712 829.741277 6072 3.142373 0.000000
 1598 709 3007488 812.442661 6488 3.177798 0.000000
 1599 710 3007488 862.637835 6488 3.171526 0.000000
 1600 711 3039904 885.125841 6748 3.193733 0.000000
 1606 712 2963712 993.030763 6072 3.022939 0.000000
 1607 713 2963712 2585.198104 6072 2.529711 0.000000
 1608 714 2963712 950.547997 6072 2.650923 0.000000
 1609 715 2963712 1884.757652 6072 2.160741 0.000000
 1615 716 2963712 1069.692089 6072 3.146013 0.000000
 1616 717 2963712 1022.671204 6072 2.651515 0.000000
 1617 718 2963712 929.962477 6072 2.652192 0.000000
 1618 719 2963712 1374.650965 6072 2.160318 0.000000
 1624 720 2963712 3589.291860 6072 2.654478 0.000000
 1625 721 3007488 1809.761994 6488 3.037221 0.000000
 1626 722 2963712 1802.832282 6072 2.651431 0.000000
 1627 723 3007488 1680.003709 6488 3.044958 0.000000
 1633 724 2963712 1444.840699 6072 2.578805 0.000000
 1634 725 3007488 1009.481045 6488 3.095863 0.000000
 1635 726 2963712 1558.922480 6072 2.575334 0.000000
 1636 727 3007488 1199.038430 6488 3.096188 0.000000
 1642 728 2963712 1363.800575 6072 2.670645 0.000000
 1643 729 2963712 967.043047 6072 2.674962 0.000000
 1644 730 3007488 1113.917413 6488 3.149862 0.000000
 1645 731 3007488 1147.317761 6488 3.147174 0.000000
 1651 732 2963712 671.538808 6072 2.600135 0.000000
 1652 733 2963712 986.055851 6072 2.522008 0.000000
 1653 734 3007488 1043.581751 6488 3.122984 0.000000
 1654 735 3007488 1206.716077 6488 3.051393 0.000000
 1660 736 2963712 937.382088 6072 3.138818 0.000000
 1661 737 3007488 1179.309413 6488 3.176739 0.000000
 1662 738 3007488 881.143404 6488 3.156540 0.000000
 1663 739 3039904 1211.576475 6748 3.192620 0.000000
 1669 740 2963712 1107.943986 6072 3.091248 0.000000
 1670 741 3007488 1220.572229 6488 3.165988 0.000000
 1671 742 3007488 844.526561 6488 3.046750 0.000000
 1672 743 3039904 1678.124915 6748 3.121521 0.000000
 1678 744 2963712 1823.592486 6072 3.136702 0.000000
 1679 745 2963712 2324.214777 6072 2.652954 0.000000
 1680 746 2963712 959.646807 6072 2.650499 0.000000
 1681 747 2963712 1392.037369 6072 2.159049 0.000000
 1687 748 2963712 1457.479326 6072 3.136787 0.000000
 1688 749 2963712 1580.129043 6072 2.652531 0.000000
 1689 750 2963712 704.739960 6072 2.652616 0.000000
 1690 751 2963712 1049.532928 6072 2.160995 0.000000
 1696 752 2963712 682.159223 6072 2.649314 0.000000
 1697 753 2963712 878.479286 6072 3.138480 0.000000
 1698 754 2963712 784.394901 6072 2.654139 0.000000
 1699 755 2963712 976.798259 6072 3.143643 0.000000
 1705 756 2963712 713.299003 6072 2.652023 0.000000
 1706 757 2963712 1235.836276 6072 3.140850 0.000000
 1707 758 2963712 684.291895 6072 2.651261 0.000000
 1708 759 2963712 1466.915433 6072 3.141950 0.000000
 1714 760 2963712 737.930039 6072 2.593025 0.000000
 1715 761 2963712 1304.666307 6072 2.601067 0.000000
 1716 762 2963712 775.408703 6072 3.095395 0.000000
 1717 763 2963712 1343.780822 6072 3.093110 0.000000
 1723 764 2963712 1066.288210 6072 2.666667 0.000000
 1724 765 2963712 1693.906744 6072 2.671915 0.000000
 1725 766 2963712 905.177690 6072 3.171745 0.000000
 1726 767 2963712 1434.341039 6072 3.166243 0.000000
 1732 768 2963712 998.029931 6072 3.174115 0.000000
 1733 769 2963712 1194.338340 6072 3.170137 0.000000
 1734 770 2963712 1002.456742 6072 3.173015 0.000000
 1735 771 2963712 1322.476429 6072 3.171407 0.000000
 1741 772 2963712 1325.664502 6072 3.027679 0.000000
 1742 773 2963712 2761.881674 6072 2.987388 0.000000
 1743 774 2963712 1146.029796 6072 3.025140 0.000000
 1744 775 2963712 1048.575238 6072 2.962417 0.000000
 1750 776 2963712 807.749181 6072 3.136448 0.000000
 1751 777 2963712 775.223668 6072 2.649484 0.000000
 1752 778 2963712 742.254283 6072 2.656679 0.000000
 1753 779 2963712 1113.035700 6072 2.156255 0.000000
 1759 780 3007488 1231.606586 6488 3.175436 0.000000
 1760 781 3007488 921.686434 6488 2.710295 0.000000
 1761 782 3007488 707.976837 6488 2.705571 0.000000
 1762 783 3007488 1060.390692 6488 2.225200 0.000000
 1768 784 2963712 1109.424611 6072 2.595057 0.000000
 1769 785 2963712 3282.848273 6072 3.087354 0.000000
 1770 786 2963712 725.403345 6072 2.600728 0.000000
 1771 787 2963712 1956.802522 6072 3.091332 0.000000
 1777 788 3007488 1019.578970 6488 2.712087 0.000000
 1778 789 3007488 1024.800451 6488 3.180323 0.000000
 1779 790 3007488 1129.697700 6488 2.701906 0.000000
 1780 791 3007488 974.481024 6488 3.181381 0.000000
 1786 792 2963712 1334.414635 6072 2.536567 0.000000
 1787 793 2963712 1105.216140 6072 2.595903 0.000000
 1788 794 2963712 977.789089 6072 3.031403 0.000000
 1789 795 2963712 1654.809414 6072 3.100135 0.000000
 1795 796 3007488 1504.518036 6488 2.713797 0.000000
 1796 797 3007488 1749.538422 6488 2.701417 0.000000
 1797 798 3007488 904.789269 6488 3.183580 0.000000
 1798 799 3007488 1119.787672 6488 3.177635 0.000000
 1804 800 2963712 966.361630 6072 2.880227 0.000000
 1805 801 2963712 941.691012 6072 2.953868 0.000000
 1806 802 2963712 1101.115370 6072 2.952514 0.000000
 1807 803 2963712 887.557283 6072 3.033266 0.000000
 1813 804 3007488 2225.471411 6488 3.214937 0.000000
 1814 805 3007488 1038.823649 6488 3.212412 0.000000
 1815 806 3007488 1626.971312 6488 3.215915 0.000000
 1816 807 3007488 881.808064 6488 3.213960 0.000000
 1822 808 2963712 854.643421 6072 3.005671 0.000000
 1823 809 2963712 1439.810871 6072 2.506179 0.000000
 1824 810 2963712 664.861916 6072 2.579651 0.000000
 1825 811 2963712 715.593820 6072 2.088031 0.000000
 1831 812 2963712 1993.438800 6072 3.136956 0.000000
 1832 813 2963712 1120.544143 6072 2.649992 0.000000
 1833 814 2963712 790.089115 6072 2.650584 0.000000
 1834 815 2963712 1311.146539 6072 2.159133 0.000000
 1840 816 2963712 1783.739884 6072 2.650838 0.000000
 1841 817 3007488 2317.840655 6488 3.177635 0.000000
 1842 818 2963712 1240.021214 6072 2.652616 0.000000
 1843 819 3007488 1842.722155 6488 3.179101 0.000000
 1849 820 2963712 1084.027934 6072 2.650330 0.000000
 1850 821 3007488 1397.327272 6488 3.090324 0.000000
 1851 822 2963712 883.802851 6072 2.601998 0.000000
 1852 823 3007488 1346.401637 6488 3.041538 0.000000
 1858 824 2963712 718.054177 6072 2.651431 0.000000
 1859 825 2963712 842.902354 6072 2.650161 0.000000
 1860 826 2963712 999.523797 6072 3.145759 0.000000
 1861 827 2963712 1320.426550 6072 3.138564 0.000000
 1867 828 2963712 730.689989 6072 2.603606 0.000000
 1868 829 2963712 1283.341524 6072 2.595819 0.000000
 1869 830 2963712 859.347178 6072 3.096072 0.000000
 1870 831 2963712 944.581335 6072 3.085830 0.000000
 1876 832 2963712 949.709583 6072 3.147960 0.000000
 1877 833 3007488 1127.420571 6488 3.179101 0.000000
 1878 834 2963712 1032.162169 6072 3.136702 0.000000
 1879 835 3007488 1029.270071 6488 3.174377 0.000000
 1885 836 2963712 807.089882 6072 2.998815 0.000000
 1886 837 3007488 1134.430676 6488 3.111093 0.000000
 1887 838 2963712 775.118749 6072 3.067378 0.000000
 1888 839 3007488 1192.267518 6488 3.180160 0.000000
 1894 840 2963712 4052.501081 6072 3.006518 0.000000
 1895 841 2963712 1650.001708 6072 2.506010 0.000000
 1896 842 2963712 1171.886283 6072 2.675639 0.000000
 1897 843 2963712 2210.140523 6072 2.168952 0.000000
 1903 844 3007488 1155.532953 6488 2.955204 0.000000
 1904 845 3007488 1324.018593 6488 2.476299 0.000000
 1905 846 3007488 964.429157 6488 2.557664 0.000000
 1906 847 3007488 751.506334 6488 2.082587 0.000000
 1912 848 2963712 780.912907 6072 2.659303 0.000000
 1913 849 3007488 919.574645 6488 3.180730 0.000000
 1914 850 2963712 908.315694 6072 2.650753 0.000000
 1915 851 3007488 1021.469171 6488 3.182033 0.000000
 1921 852 3007488 955.384247 6488 2.704675 0.000000
 1922 853 3039904 1053.136624 6748 3.119373 0.000000
 1923 854 3007488 986.806805 6488 2.700033 0.000000
 1924 855 3039904 1000.712996 6748 3.115476 0.000000
 1930 856 2963712 910.683827 6072 2.653293 0.000000
 1931 857 2963712 1039.013326 6072 2.648214 0.000000
 1932 858 2963712 888.760041 6072 3.031996 0.000000
 1933 859 2963712 1062.287006 6072 3.042153 0.000000
 1939 860 3007488 1277.831924 6488 2.701824 0.000000
 1940 861 3007488 2094.142885 6488 2.698974 0.000000
 1941 862 3007488 989.294220 6488 3.173400 0.000000
 1942 863 3007488 964.233020 6488 3.175680 0.000000
 1948 864 2963712 1050.969648 6072 3.144151 0.000000
 1949 865 3007488 1854.220121 6488 3.173888 0.000000
 1950 866 2963712 1447.956643 6072 3.141866 0.000000
 1951 867 3007488 1960.355027 6488 3.174214 0.000000
 1957 868 3007488 1013.172154 6488 3.180567 0.000000
 1958 869 3039904 2280.453314 6748 3.190154 0.000000
 1959 870 3007488 902.476244 6488 3.174540 0.000000
 1960 871 3039904 904.167412 6748 3.190631 0.000000
 1966 872 2963712 775.973502 6072 3.089132 0.000000
 1967 873 2963712 1684.246720 6072 2.607330 0.000000
 1968 874 2963712 830.552385 6072 2.598019 0.000000
 1969 875 2963712 1046.607861 6072 2.111816 0.000000
 1975 876 2963712 825.406292 6072 3.116133 0.000000
 1976 877 2963712 702.597537 6072 2.674031 0.000000
 1977 878 2963712 820.299866 6072 2.607246 0.000000
 1978 879 2963712 677.256916 6072 2.173523 0.000000
 1984 880 2963712 767.379742 6072 2.577281 0.000000
 1985 881 2963712 1092.614872 6072 3.071271 0.000000
 1986 882 2963712 868.571693 6072 2.506941 0.000000
 1987 883 2963712 1295.259057 6072 3.003978 0.000000
 1993 884 2963712 1379.448167 6072 2.652700 0.000000
 1994 885 2963712 1282.564463 6072 3.036567 0.000000
 1995 886 2963712 1533.434783 6072 2.651431 0.000000
 1996 887 2963712 1795.232294 6072 3.044608 0.000000
 2002 888 2963712 1762.367886 6072 2.574403 0.000000
 2003 889 2963712 1892.691584 6072 2.655324 0.000000
 2004 890 3007488 1521.211248 6488 3.087311 0.000000
 2005 891 3007488 1891.974643 6488 3.171771 0.000000
 2011 892 2963712 877.385495 6072 2.644659 0.000000
 2012 893 2963712 985.737909 6072 2.650499 0.000000
 2013 894 3007488 1182.705872 6488 3.119808 0.000000
 2014 895 3007488 1204.408923 6488 3.126405 0.000000
 2020 896 2963712 891.500680 6072 3.089301 0.000000
 2021 897 2963712 1229.517887 6072 3.098527 0.000000
 2022 898 3007488 807.946859 6488 3.123554 0.000000
 2023 899 3007488 800.242967 6488 3.112233 0.000000
 2029 900 2963712 794.031770 6072 3.145590 0.000000
 2030 901 2963712 977.018107 6072 3.142204 0.000000
 2031 902 3007488 801.159402 6488 3.079166 0.000000
 2032 903 3007488 811.312302 6488 3.093826 0.000000
 2038 904 2963712 939.423482 6072 3.140596 0.000000
 2039 905 2963712 807.563702 6072 2.647029 0.000000
 2040 906 2963712 739.590776 6072 2.656086 0.000000
 2041 907 2963712 800.182661 6072 2.157440 0.000000
 2047 908 3007488 924.047894 6488 3.080551 0.000000
 2048 909 3007488 883.254980 6488 2.602867 0.000000
 2049 910 3007488 857.598773 6488 2.617120 0.000000
 2050 911 3007488 653.422426 6488 2.132758 0.000000
 2056 912 2963712 2246.300491 6072 2.674285 0.000000
 2057 913 2963712 1601.789559 6072 3.170476 0.000000
 2058 914 2963712 1211.317753 6072 2.668952 0.000000
 2059 915 2963712 1404.215621 6072 3.175216 0.000000
 2065 916 3007488 1375.914277 6488 2.546262 0.000000
 2066 917 3007488 967.567717 6488 3.013602 0.000000
 2067 918 3007488 802.401218 6488 2.470191 0.000000
 2068 919 3007488 885.807091 6488 2.928246 0.000000
 2074 920 2963712 828.502253 6072 2.647114 0.000000
 2075 921 2963712 720.203457 6072 2.652954 0.000000
 2076 922 3007488 1413.292014 6488 3.168676 0.000000
 2077 923 3007488 965.118289 6488 3.177635 0.000000
 2083 924 3007488 704.896577 6488 2.545936 0.000000
 2084 925 3007488 969.620710 6488 2.608813 0.000000
 2085 926 3039904 916.170857 6748 3.040480 0.000000
 2086 927 3039904 781.810300 6748 3.102990 0.000000
 2092 928 2963712 831.861631 6072 3.151261 0.000000
 2093 929 2963712 841.246181 6072 3.141188 0.000000
 2094 930 3007488 1318.315933 6488 3.173074 0.000000
 2095 931 3007488 802.926857 6488 3.173155 0.000000
 2101 932 3007488 1009.888714 6488 3.055139 0.000000
 2102 933 3007488 1103.799037 6488 3.039909 0.000000
 2103 934 3039904 924.344393 6748 3.101479 0.000000
 2104 935 3039904 872.293622 6748 3.107762 0.000000
 2110 936 2963712 1740.634334 6072 3.141781 0.000000
 2111 937 2963712 2123.690399 6072 2.649484 0.000000
 2112 938 2963712 873.320348 6072 2.659133 0.000000
 2113 939 2963712 1801.542650 6072 2.164212 0.000000
 2119 940 2963712 1382.191542 6072 3.035890 0.000000
 2120 941 2963712 2328.855094 6072 2.651600 0.000000
 2121 942 2963712 931.129512 6072 2.540122 0.000000
 2122 943 2963712 975.447578 6072 2.160234 0.000000
 2128 944 2963712 1060.939194 6072 2.604368 0.000000
 2129 945 3007488 1658.218367 6488 3.112966 0.000000
 2130 946 2963712 839.782461 6072 2.595819 0.000000
 2131 947 3007488 755.226012 6488 3.122821 0.000000
 2137 948 2963712 701.242847 6072 2.677501 0.000000
 2138 949 3007488 1807.078768 6488 3.195064 0.000000
 2139 950 2963712 733.608399 6072 2.669291 0.000000
 2140 951 3007488 947.451967 6488 3.206223 0.000000
 2146 952 2963712 993.333354 6072 2.585915 0.000000
 2147 953 2963712 2087.613132 6072 2.513205 0.000000
 2148 954 3007488 1188.172441 6488 3.098713 0.000000
 2149 955 3007488 1788.485829 6488 3.043330 0.000000
 2155 956 2963712 865.199215 6072 2.647368 0.000000
 2156 957 2963712 1097.175861 6072 2.652023 0.000000
 2157 958 3007488 1145.751171 6488 3.178938 0.000000
 2158 959 3007488 1668.877058 6488 3.176169 0.000000
 2164 960 2963712 2713.554357 6072 3.103944 0.000000
 2165 961 3007488 1698.885789 6488 3.091057 0.000000
 2166 962 3007488 1886.709673 6488 3.125102 0.000000
 2167 963 3039904 1230.156100 6748 3.113250 0.000000
 2173 964 2963712 1132.520486 6072 3.140765 0.000000
 2174 965 3007488 1044.422231 6488 3.081365 0.000000
 2175 966 3007488 923.474514 6488 3.176006 0.000000
 2176 967 3039904 1058.857748 6748 3.115317 0.000000
 2182 968 2963712 1231.275381 6072 3.026917 0.000000
 2183 969 2963712 1533.351366 6072 2.532842 0.000000
 2184 970 2963712 849.031037 6072 2.650838 0.000000
 2185 971 2963712 1186.905603 6072 2.156001 0.000000
 2191 972 3007488 2046.676195 6488 3.160857 0.000000
 2192 973 3007488 1827.204447 6488 2.687164 0.000000
 2193 974 3007488 952.840112 6488 2.698729 0.000000
 2194 975 3007488 841.432770 6488 2.227887 0.000000
 2200 976 2963712 1042.782574 6072 2.652531 0.000000
 2201 977 3007488 1689.846256 6488 3.030624 0.000000
 2202 978 2963712 703.719848 6072 2.650838 0.000000
 2203 979 3007488 874.013935 6488 3.033230 0.000000
 2209 980 3007488 791.828921 6488 2.616387 0.000000
 2210 981 3039904 925.466803 6748 3.024336 0.000000
 2211 982 3007488 1048.699578 6488 2.613129 0.000000
 2212 983 3039904 1355.648882 6748 3.020996 0.000000
 2218 984 2963712 778.220227 6072 2.676232 0.000000
 2219 985 2963712 842.806079 6072 2.675300 0.000000
 2220 986 3007488 1359.647407 6488 3.145382 0.000000
 2221 987 3007488 1252.709689 6488 3.143183 0.000000
 2227 988 3007488 879.700840 6488 2.645056 0.000000
 2228 989 3007488 1233.114404 6488 2.576478 0.000000
 2229 990 3039904 958.674098 6748 3.127724 0.000000
 2230 991 3039904 815.133226 6748 3.069668 0.000000
 2236 992 2963712 906.455448 6072 3.139580 0.000000
 2237 993 3007488 2040.080619 6488 3.085030 0.000000
 2238 994 3007488 1185.712508 6488 3.171119 0.000000
 2239 995 3039904 966.752001 6748 3.110705 0.000000
 2245 996 3007488 862.939603 6488 3.141961 0.000000
 2246 997 3039904 866.548242 6748 3.107921 0.000000
 2247 998 3039904 770.997345 6748 3.143153 0.000000
 2248 999 3061376 905.384976 6904 3.113768 0.000000
 2254 1000 0 nan 0 nan 0.000000
 2255 1001 0 nan 0 nan 0.000000
 2256 1002 0 nan 0 nan 0.000000
 2257 1003 0 nan 0 nan 0.000000
 2263 1004 0 nan 0 nan 0.000000
 2264 1005 0 nan 0 nan 0.000000
 2265 1006 0 nan 0 nan 0.000000
 2266 1007 0 nan 0 nan 0.000000
 2272 1008 0 nan 0 nan 0.000000
 2273 1009 0 nan 0 nan 0.000000
 2274 1010 0 nan 0 nan 0.000000
 2275 1011 0 nan 0 nan 0.000000
 2281 1012 0 nan 0 nan 0.000000
 2282 1013 0 nan 0 nan 0.000000
 2283 1014 0 nan 0 nan 0.000000
 2284 1015 0 nan 0 nan 0.000000
 2290 1016 0 nan 0 nan 0.000000
 2291 1017 0 nan 0 nan 0.000000
 2292 1018 0 nan 0 nan 0.000000
 2293 1019 0 nan 0 nan 0.000000
 2299 1020 0 nan 0 nan 0.000000
 2300 1021 0 nan 0 nan 0.000000
 2301 1022 0 nan 0 nan 0.000000
 2302 1023 0 nan 0 nan 0.000000
 2308 1024 0 nan 0 nan 0.000000
 2309 1025 0 nan 0 nan 0.000000
 2310 1026 0 nan 0 nan 0.000000
 2311 1027 0 nan 0 nan 0.000000
 2317 1028 0 nan 0 nan 0.000000
 2318 1029 0 nan 0 nan 0.000000
 2319 1030 0 nan 0 nan 0.000000
 2320 1031 0 nan 0 nan 0.000000
 2326 1032 0 nan 0 nan 0.000000
 2327 1033 0 nan 0 nan 0.000000
 2328 1034 0 nan 0 nan 0.000000
 2329 1035 0 nan 0 nan 0.000000
 2335 1036 0 nan 0 nan 0.000000
 2336 1037 0 nan 0 nan 0.000000
 2337 1038 0 nan 0 nan 0.000000
 2338 1039 0 nan 0 nan 0.000000
 2344 1040 0 nan 0 nan 0.000000
 2345 1041 0 nan 0 nan 0.000000
 2346 1042 0 nan 0 nan 0.000000
 2347 1043 0 nan 0 nan 0.000000
 2353 1044 0 nan 0 nan 0.000000
 2354 1045 0 nan 0 nan 0.000000
 2355 1046 0 nan 0 nan 0.000000
 2356 1047 0 nan 0 nan 0.000000
 2362 1048 0 nan 0 nan 0.000000
 2363 1049 0 nan 0 nan 0.000000
 2364 1050 0 nan 0 nan 0.000000
 2365 1051 0 nan 0 nan 0.000000
 2371 1052 0 nan 0 nan 0.000000
 2372 1053 0 nan 0 nan 0.000000
 2373 1054 0 nan 0 nan 0.000000
 2374 1055 0 nan 0 nan 0.000000