# Format <LP ID> <Terminal ID> <Job ID> <Local Rank> <Total sends> <Total Recvs> <Bytes sent> <Bytes recvd> <Send time> <Comm. time> <Compute time> <Avg msg time> <Max Msg Time>
 0 0 0 0 2863 3952 41403804 41493384 235473358.719998 233439687.682253 12052270539.000000 0.000000 0.000000
 1 1 0 1 3910 4355 50202228 47516016 243703504.096560 241596260.500368 12042832791.000000 0.000000 0.000000
 2 2 0 2 3890 4355 50163564 47087784 194552000.068117 192333699.853230 12096701714.000000 0.000000 0.000000
 3 3 0 3 5680 5429 66742092 52318616 223157620.221590 220749172.991915 12064106448.000000 0.000000 0.000000
 9 4 0 4 3890 4035 49976660 46529232 468877241.648749 466774342.976603 11817192074.000000 0.000000 0.000000
 10 5 0 5 5640 6209 66142876 52231880 241087034.485742 237795781.651802 12046971303.000000 0.000000 0.000000
 11 6 0 6 4680 4629 53313908 45805056 301148599.664311 298537402.926117 11985859258.000000 0.000000 0.000000
 12 7 0 7 8427 7128 71138516 85903088 468297839.934222 465294205.344196 11819790443.000000 0.000000 0.000000
 18 8 0 8 2950 3235 38366068 41432176 302540004.052202 301094192.586136 11981709214.000000 0.000000 0.000000
 19 9 0 9 1903 2352 29392284 35302664 310472891.593724 309304570.359116 11973849455.000000 0.000000 0.000000
 20 10 0 10 4720 4629 55078732 46338456 296031849.155121 294153016.727846 11989512936.000000 0.000000 0.000000
 21 11 0 11 2930 3235 38327404 41003944 326499565.863594 325044284.394119 11958355443.000000 0.000000 0.000000
 27 12 0 12 4700 4629 54136476 46046280 567394035.325841 564492765.680368 11718382659.000000 0.000000 0.000000
 28 13 0 13 2930 3235 38313300 40549072 407515078.364252 405259357.718828 11877783830.000000 0.000000 0.000000
 29 14 0 14 8427 7128 71138516 85903088 441222531.061627 437230811.059719 11846883924.000000 0.000000 0.000000
 30 15 0 15 4680 4629 53313908 45805056 364738075.301967 361847847.395470 11921413901.000000 0.000000 0.000000
 36 16 0 16 2930 3235 38327404 41003944 417904708.379937 416287049.125984 11866707041.000000 0.000000 0.000000
 37 17 0 17 4720 4629 55078732 46338456 488132568.122227 485827469.316385 11797599867.000000 0.000000 0.000000
 38 18 0 18 1903 2352 29392284 35302664 386170166.281761 385169864.160275 11898923060.000000 0.000000 0.000000
 39 19 0 19 2950 3235 38366068 41432176 548213698.529936 546892659.653088 11736984421.000000 0.000000 0.000000
 45 20 0 20 4680 4629 53313908 45805056 361246547.800289 358220426.216753 11925899426.000000 0.000000 0.000000
 46 21 0 21 8427 7128 71138516 85903088 415353193.025436 411588602.101137 11873529726.000000 0.000000 0.000000
 47 22 0 22 2930 3235 38313300 40549072 532097490.753903 530119439.480709 11754101231.000000 0.000000 0.000000
 48 23 0 23 4700 4629 54136476 46046280 323829817.129308 320793328.614054 11963121898.000000 0.000000 0.000000
 54 24 0 24 4720 4629 55078732 46338456 561580541.891364 559448839.573006 11724994642.000000 0.000000 0.000000
 55 25 0 25 2930 3235 38327404 41003944 370880467.435090 369342607.441685 11914459665.000000 0.000000 0.000000
 56 26 0 26 2950 3235 38366068 41432176 380152432.171491 378539619.721888 11905489663.000000 0.000000 0.000000
 57 27 0 27 1903 2352 29392284 35302664 362005046.007908 361018262.363974 11923120190.000000 0.000000 0.000000
 63 28 0 28 8427 7128 71138516 85903088 414737368.205863 411139231.140253 11873827863.000000 0.000000 0.000000
 64 29 0 29 4680 4629 53313908 45805056 336325098.343254 332950613.907558 11951144891.000000 0.000000 0.000000
 65 30 0 30 4700 4629 54136476 46046280 584446885.771412 581288860.279146 11702261594.000000 0.000000 0.000000
 66 31 0 31 2930 3235 38313300 40549072 772326018.571639 770451207.215742 11513916165.000000 0.000000 0.000000
 72 32 0 32 2929 3236 38313296 40549076 500775141.273093 506623258.312458 11779937793.000000 0.000000 0.000000
 73 33 0 33 4699 4630 54136472 46046284 537319154.056958 536081087.718588 11746645445.000000 0.000000 0.000000
 74 34 0 34 4679 4630 53313904 45805060 563185836.571232 569800901.855835 11713521762.000000 0.000000 0.000000
 75 35 0 35 8426 7129 71138512 85903092 470809470.668726 471094999.913536 11813081490.000000 0.000000 0.000000
 81 36 0 36 1902 2353 29392280 35302668 403829465.767208 404078271.859089 11879456402.000000 0.000000 0.000000
 82 37 0 37 2949 3236 38366064 41432180 377308473.709901 377522779.475021 11906240707.000000 0.000000 0.000000
 83 38 0 38 2929 3236 38327400 41003948 427509038.941270 430344405.869743 11853576574.000000 0.000000 0.000000
 84 39 0 39 4719 4630 55078728 46338460 467904966.566509 471731572.060633 11815421381.000000 0.000000 0.000000
 90 40 0 40 4699 4630 54136472 46046284 403369023.714539 406401825.694801 11876267870.000000 0.000000 0.000000
 91 41 0 41 2929 3236 38313296 40549076 422810241.053672 428203638.016911 11855287643.000000 0.000000 0.000000
 92 42 0 42 8426 7129 71138512 85903092 518645024.421725 516632383.932375 11766560158.000000 0.000000 0.000000
 93 43 0 43 4679 4630 53313904 45805060 635997279.470347 637534987.068796 11644978866.000000 0.000000 0.000000
 99 44 0 44 2949 3236 38366064 41432180 458743521.635659 461023140.314243 11824133362.000000 0.000000 0.000000
 100 45 0 45 1902 2353 29392280 35302668 458175747.036778 466262845.775337 11820235226.000000 0.000000 0.000000
 101 46 0 46 4719 4630 55078728 46338460 623755892.977183 627794685.747892 11655685158.000000 0.000000 0.000000
 102 47 0 47 2929 3236 38327400 41003948 427496225.227823 429489875.052998 11853653551.000000 0.000000 0.000000
 108 48 0 48 4679 4630 53313904 45805060 434623152.267527 433564739.967369 11848994781.000000 0.000000 0.000000
 109 49 0 49 8426 7129 71138512 85903092 502776544.469514 505753280.877138 11780512418.000000 0.000000 0.000000
 110 50 0 50 2929 3236 38313296 40549076 546846134.643308 549676217.302563 11732556359.000000 0.000000 0.000000
 111 51 0 51 4699 4630 54136472 46046284 452990484.600018 458205299.338131 11824669661.000000 0.000000 0.000000
 117 52 0 52 2929 3236 38327400 41003948 462390341.629218 469896370.768618 11812573081.000000 0.000000 0.000000
 118 53 0 53 4719 4630 55078728 46338460 493169790.564256 500786400.270006 11782050779.000000 0.000000 0.000000
 119 54 0 54 1902 2353 29392280 35302668 491289548.582942 493890113.930470 11788569173.000000 0.000000 0.000000
 120 55 0 55 2949 3236 38366064 41432180 521056997.142513 526841428.722073 11755581264.000000 0.000000 0.000000
 126 56 0 56 8426 7129 71138512 85903092 701413881.078334 698971338.413986 11582980100.000000 0.000000 0.000000
 127 57 0 57 4679 4630 53313904 45805060 448976815.491166 446263587.562582 11834786672.000000 0.000000 0.000000
 128 58 0 58 4699 4630 54136472 46046284 475496528.681663 475293765.394554 11805683939.000000 0.000000 0.000000
 129 59 0 59 2929 3236 38313296 40549076 487527305.136670 488254602.743050 11793235297.000000 0.000000 0.000000
 135 60 0 60 4719 4630 55078728 46338460 1119320451.472713 1120536681.555798 11158633219.000000 0.000000 0.000000
 136 61 0 61 2929 3236 38327400 41003948 1111154873.933617 1111581551.152998 11167427573.000000 0.000000 0.000000
 137 62 0 62 2949 3236 38366064 41432180 1057644140.335108 1060019760.320839 11218948916.000000 0.000000 0.000000
 138 63 0 63 1902 2353 29392280 35302668 1051743932.377832 1055053503.439869 11224078675.000000 0.000000 0.000000