# Format <LP ID> <Terminal ID> <Job ID> <Local Rank> <Total sends> <Total Recvs> <Bytes sent> <Bytes recvd> <Send time> <Comm. time> <Compute time> <Avg msg time> <Max Msg Time>
 0 0 0 0 386 386 375504 372576 34173842.473927 95312791.961623 421445414.000000 0.000000 0.000000
 1 1 0 1 436 436 499744 496960 92052042.437957 116110397.000511 400680969.000000 0.000000 0.000000
 2 2 0 2 432 432 380560 378304 21186129.294160 110718431.840907 406014323.000000 0.000000 0.000000
 7 3 0 3 438 438 501776 497360 2339962.360090 62922822.747234 453870765.000000 0.000000 0.000000
 8 4 0 4 798 798 634624 632464 59399849.252678 105669489.430517 411178033.000000 0.000000 0.000000
 9 5 0 5 566 566 505488 501888 73467542.601781 110575659.518566 406217948.000000 0.000000 0.000000
 14 6 0 6 378 378 377264 374768 111449665.171403 111208285.769685 405552232.000000 0.000000 0.000000
 15 7 0 7 636 636 503376 505680 209029619.267037 110178488.198910 406617530.000000 0.000000 0.000000
 16 8 0 8 430 430 377664 378480 112383144.411606 113742239.512159 403005036.000000 0.000000 0.000000
 21 9 0 9 648 648 505520 505424 73549547.156109 107107514.762931 409691593.000000 0.000000 0.000000
 22 10 0 10 646 646 628512 629376 59016444.848807 113731214.124257 403118618.000000 0.000000 0.000000
 23 11 0 11 618 618 504176 505712 51684510.925036 114121448.447772 402669890.000000 0.000000 0.000000
 28 12 0 12 764 764 628688 628640 186999686.697894 107927581.489086 408924470.000000 0.000000 0.000000
 29 13 0 13 1060 1060 760240 756640 262134189.132447 95803251.546281 421055583.000000 0.000000 0.000000
 30 14 0 14 640 640 627024 628944 215593569.807299 112174418.738343 404679939.000000 0.000000 0.000000
 35 15 0 15 496 496 498080 501104 117793561.326468 112325003.374141 404476753.000000 0.000000 0.000000
 36 16 0 16 818 818 629824 638080 132901174.308112 108200042.532922 408656717.000000 0.000000 0.000000
 37 17 0 17 562 562 503296 504928 104234362.095713 105060022.058754 411724256.000000 0.000000 0.000000
 42 18 0 18 420 420 375680 371408 115282245.175531 110201064.818965 406548900.000000 0.000000 0.000000
 43 19 0 19 500 500 499920 499536 103424668.675173 96823045.160772 419973314.000000 0.000000 0.000000
 44 20 0 20 446 446 377088 375792 112050381.109269 111276585.860737 405490972.000000 0.000000 0.000000
 49 21 0 21 562 562 503040 505680 121880811.788648 112509172.952292 404295339.000000 0.000000 0.000000
 50 22 0 22 842 842 635616 640320 147519427.754669 109882175.988331 406977339.000000 0.000000 0.000000
 51 23 0 23 556 556 500432 500288 118085789.036492 111411282.645621 405389169.000000 0.000000 0.000000
 56 24 0 24 458 458 377408 377984 15592182.910698 13767058.551326 502964206.000000 0.000000 0.000000
 57 25 0 25 568 568 500112 503712 15443462.890410 14221073.134145 502581788.000000 0.000000 0.000000
 58 26 0 26 420 420 373712 372320 13281657.137807 14425545.935147 502344323.000000 0.000000 0.000000