# Format <LP ID> <Group ID> <Router ID> <Link traffic per router port(s)># Router ports in the order: 8 local channels, 4 global channels
 8 0 0 0 2521816 1865896 835232 777360 1267080 855064 1931216 716640 705768 690512 707280
 17 0 1 2812024 0 3570216 2034792 1695936 1203888 3387712 2913008 8992264 417000 438600 441480
 26 0 2 2009576 3430512 0 3722960 2449184 1480952 1601480 1706896 4862688 550936 544696 542488
 35 0 3 1044304 2028008 3629664 0 3015832 2064592 1052080 909552 4900352 615888 587216 589056
 44 0 4 1010792 1711616 2317128 2907744 0 2617128 796624 903680 722568 728728 739776 686632
 53 0 5 1498232 1229248 1348904 1955728 2614056 0 1803128 916224 688912 731608 706224 736160
 62 0 6 1176288 3146760 1526624 1024752 838856 1821632 0 2539448 723416 713840 737312 724872
 71 0 7 2212032 2657160 1651408 922176 899328 896336 2553888 0 718240 722736 723608 711888
 80 1 0 0 3605432 3838664 2410384 1612072 1879296 1659568 2668576 9052896 703792 716648 715552
 89 1 1 3133336 0 3401152 1537800 665280 728096 720688 729672 1042032 995176 998208 1015240
 98 1 2 3895120 3778512 0 4427448 2600928 1806800 911368 2466488 8823416 661496 665792 660600
 107 1 3 2371416 1901384 4498848 0 2411240 2288248 2643048 2550488 7396496 743600 780240 766024
 116 1 4 1567544 986008 2340648 2439592 0 2426584 1395456 1065368 1009040 1008800 1019856 991848
 125 1 5 1782392 1022112 1685360 2237600 2419096 0 2894416 1134664 1034944 1023616 1014672 997616
 134 1 6 1633904 990896 929904 2409576 1409560 2908192 0 2109152 1011152 1033080 1012848 1034352
 143 1 7 2460856 1193248 2311800 2502608 1065752 1152672 2082712 0 1023424 1021584 1019872 1027032
 152 2 0 0 5066304 1429128 2259792 1818416 1322056 968232 2479984 4862232 576960 555984 573832
 161 2 1 5218168 0 4465752 1987224 1563616 1759480 1550592 2155648 8658088 416232 418304 419912
 170 2 2 1097024 4085720 0 2449160 406184 894080 910720 470032 735592 707656 733824 718280
 179 2 3 2153032 1906848 2776592 0 3754456 1340816 1786584 2528584 5172296 523720 532224 558864
 188 2 4 1746360 1501824 638784 3709072 0 2588680 1133512 897344 716352 712888 732544 734728
 197 2 5 1231512 1671456 1096256 1320328 2583176 0 3575688 865608 732416 727616 759392 699392
 206 2 6 926528 1404632 1140040 1672384 1144408 3567784 0 2343056 726408 745160 747776 724032
 215 2 7 2476576 1969848 872896 2297744 894928 852504 2345744 0 729224 762432 732408 736776
 224 3 0 0 4079624 3158088 1623376 2059912 1060328 1553176 875792 4867408 488552 531264 542312
 233 3 1 4197240 0 5480200 1543520 2022272 1797632 1559816 877424 7324640 404784 400368 401240
 242 3 2 3322832 5513536 0 2977624 853840 1726856 1371144 462808 5123240 463464 461448 463712
 251 3 3 1193392 1215328 2754576 0 2919112 938376 956488 426496 639240 666576 668688 645848
 260 3 4 1952248 1883328 816968 3164480 0 2568920 1148456 448024 656664 666824 675536 659944
 269 3 5 1035848 1699008 1620320 1147280 2577816 0 3577616 407632 634624 674184 646304 673576
 278 3 6 1469280 1434920 1311584 1178736 1156176 3591024 0 1934192 656480 678616 661208 654624
 287 3 7 862600 834952 458000 488208 455120 400672 1945288 0 659976 684560 653152 640328
 296 4 0 0 384072 172032 166464 0 0 0 0 703832 0 0 0
 305 4 1 363080 0 362816 283144 0 0 0 0 1021840 0 0 0
 314 4 2 169984 347200 0 199168 0 0 0 0 730176 0 0 0
 323 4 3 170768 290568 195328 0 0 0 0 0 648776 0 0 0
 332 4 4 0 0 0 0 0 0 0 0 0 0 0 0
 341 4 5 0 0 0 0 0 0 0 0 0 0 0 0
 350 4 6 0 0 0 0 0 0 0 0 0 0 0 0
 359 4 7 0 0 0 0 0 0 0 0 0 0 0 0
 368 5 0 0 352512 168448 167952 0 0 0 0 709360 0 0 0
 377 5 1 380528 0 367176 287240 0 0 0 0 976384 0 0 0
 386 5 2 169728 354752 0 207936 0 0 0 0 742024 0 0 0
 395 5 3 159104 269120 206400 0 0 0 0 0 663128 0 0 0
 404 5 4 0 0 0 0 0 0 0 0 0 0 0 0
 413 5 5 0 0 0 0 0 0 0 0 0 0 0 0
 422 5 6 0 0 0 0 0 0 0 0 0 0 0 0
 431 5 7 0 0 0 0 0 0 0 0 0 0 0 0
 440 6 0 0 390472 171520 161424 0 0 0 0 722648 0 0 0
 449 6 1 375808 0 345344 290000 0 0 0 0 1042136 0 0 0
 458 6 2 170368 363016 0 193024 0 0 0 0 708224 0 0 0
 467 6 3 176472 288648 191360 0 0 0 0 0 644448 0 0 0
 476 6 4 0 0 0 0 0 0 0 0 0 0 0 0
 485 6 5 0 0 0 0 0 0 0 0 0 0 0 0
 494 6 6 0 0 0 0 0 0 0 0 0 0 0 0
 503 6 7 0 0 0 0 0 0 0 0 0 0 0 0
 512 7 0 0 385944 169480 162816 0 0 0 0 708632 0 0 0
 521 7 1 378704 0 356616 288104 0 0 0 0 1036320 0 0 0
 530 7 2 164672 356360 0 208192 0 0 0 0 726800 0 0 0
 539 7 3 165256 294016 200704 0 0 0 0 0 659112 0 0 0
 548 7 4 0 0 0 0 0 0 0 0 0 0 0 0
 557 7 5 0 0 0 0 0 0 0 0 0 0 0 0
 566 7 6 0 0 0 0 0 0 0 0 0 0 0 0
 575 7 7 0 0 0 0 0 0 0 0 0 0 0 0
 584 8 0 0 382992 165768 157008 0 0 0 0 123120 0 0 0
 593 8 1 71176 0 354336 278280 0 0 0 0 1002256 0 0 0
 602 8 2 20992 352896 0 203072 0 0 0 0 711336 0 0 0
 611 8 3 30952 266368 191232 0 0 0 0 0 638360 0 0 0
 620 8 4 0 0 0 0 0 0 0 0 0 0 0 0
 629 8 5 0 0 0 0 0 0 0 0 0 0 0 0
 638 8 6 0 0 0 0 0 0 0 0 0 0 0 0
 647 8 7 0 0 0 0 0 0 0 0 0 0 0 0
 656 9 0 0 79056 171520 166424 0 0 0 0 720200 0 0 0
 665 9 1 374416 0 343440 277320 0 0 0 0 159280 0 0 0
 674 9 2 181640 43872 0 190720 0 0 0 0 719248 0 0 0
 683 9 3 164144 36352 204288 0 0 0 0 0 634464 0 0 0
 692 9 4 0 0 0 0 0 0 0 0 0 0 0 0
 701 9 5 0 0 0 0 0 0 0 0 0 0 0 0
 710 9 6 0 0 0 0 0 0 0 0 0 0 0 0
 719 9 7 0 0 0 0 0 0 0 0 0 0 0 0
 728 10 0 0 373192 0 177744 0 0 0 0 704400 0 0 0
 737 10 1 373800 0 256 287440 0 0 0 0 1004624 0 0 0
 746 10 2 166144 344584 0 196928 0 0 0 0 12416 0 0 0
 755 10 3 164456 286848 12160 0 0 0 0 0 662112 0 0 0
 764 10 4 0 0 0 0 0 0 0 0 0 0 0 0
 773 10 5 0 0 0 0 0 0 0 0 0 0 0 0
 782 10 6 0 0 0 0 0 0 0 0 0 0 0 0
 791 10 7 0 0 0 0 0 0 0 0 0 0 0 0
 800 11 0 0 391056 182272 42560 0 0 0 0 714032 0 0 0
 809 11 1 382368 0 338704 22528 0 0 0 0 1036568 0 0 0
 818 11 2 170568 344960 0 8192 0 0 0 0 725904 0 0 0
 827 11 3 161096 300552 204928 0 0 0 0 0 73280 0 0 0
 836 11 4 0 0 0 0 0 0 0 0 0 0 0 0
 845 11 5 0 0 0 0 0 0 0 0 0 0 0 0
 854 11 6 0 0 0 0 0 0 0 0 0 0 0 0
 863 11 7 0 0 0 0 0 0 0 0 0 0 0 0
 872 12 0 0 375680 177216 175832 0 0 0 0 717528 0 0 0
 881 12 1 376016 0 356936 275848 0 0 0 0 1019768 0 0 0
 890 12 2 171264 349240 0 192384 0 0 0 0 735880 0 0 0
 899 12 3 170248 294848 201728 0 0 0 0 0 644064 0 0 0
 908 12 4 0 0 0 0 0 0 0 0 0 0 0 0
 917 12 5 0 0 0 0 0 0 0 0 0 0 0 0
 926 12 6 0 0 0 0 0 0 0 0 0 0 0 0
 935 12 7 0 0 0 0 0 0 0 0 0 0 0 0
 944 13 0 0 377416 188480 165712 0 0 0 0 722176 0 0 0
 953 13 1 368632 0 359240 295744 0 0 0 0 1033096 0 0 0
 962 13 2 177152 357440 0 193024 0 0 0 0 747272 0 0 0
 971 13 3 176392 298240 199552 0 0 0 0 0 654480 0 0 0
 980 13 4 0 0 0 0 0 0 0 0 0 0 0 0
 989 13 5 0 0 0 0 0 0 0 0 0 0 0 0
 998 13 6 0 0 0 0 0 0 0 0 0 0 0 0
 1007 13 7 0 0 0 0 0 0 0 0 0 0 0 0
 1016 14 0 0 388272 159304 166264 0 0 0 0 740832 0 0 0
 1025 14 1 386696 0 352032 294352 0 0 0 0 1054264 0 0 0
 1034 14 2 179456 372104 0 193600 0 0 0 0 721384 0 0 0
 1043 14 3 174680 293888 210048 0 0 0 0 0 654216 0 0 0
 1052 14 4 0 0 0 0 0 0 0 0 0 0 0 0
 1061 14 5 0 0 0 0 0 0 0 0 0 0 0 0
 1070 14 6 0 0 0 0 0 0 0 0 0 0 0 0
 1079 14 7 0 0 0 0 0 0 0 0 0 0 0 0
 1088 15 0 0 390096 175880 156760 0 0 0 0 727192 0 0 0
 1097 15 1 379080 0 363400 279104 0 0 0 0 1059792 0 0 0
 1106 15 2 169024 377344 0 216064 0 0 0 0 752400 0 0 0
 1115 15 3 179088 292352 213120 0 0 0 0 0 651928 0 0 0
 1124 15 4 0 0 0 0 0 0 0 0 0 0 0 0
 1133 15 5 0 0 0 0 0 0 0 0 0 0 0 0
 1142 15 6 0 0 0 0 0 0 0 0 0 0 0 0
 1151 15 7 0 0 0 0 0 0 0 0 0 0 0 0
 1160 16 0 0 373144 158792 158576 0 0 0 0 123656 0 0 0
 1169 16 1 69640 0 362248 284760 0 0 0 0 1004200 0 0 0
 1178 16 2 18176 348368 0 189440 0 0 0 0 733776 0 0 0
 1187 16 3 35840 282688 212736 0 0 0 0 0 632776 0 0 0
 1196 16 4 0 0 0 0 0 0 0 0 0 0 0 0
 1205 16 5 0 0 0 0 0 0 0 0 0 0 0 0
 1214 16 6 0 0 0 0 0 0 0 0 0 0 0 0
 1223 16 7 0 0 0 0 0 0 0 0 0 0 0 0
 1232 17 0 0 92480 185344 160776 0 0 0 0 716712 0 0 0
 1241 17 1 385792 0 346688 265728 0 0 0 0 168008 0 0 0
 1250 17 2 166656 41984 0 209664 0 0 0 0 734592 0 0 0
 1259 17 3 164264 33544 202560 0 0 0 0 0 636168 0 0 0
 1268 17 4 0 0 0 0 0 0 0 0 0 0 0 0
 1277 17 5 0 0 0 0 0 0 0 0 0 0 0 0
 1286 17 6 0 0 0 0 0 0 0 0 0 0 0 0
 1295 17 7 0 0 0 0 0 0 0 0 0 0 0 0
 1304 18 0 0 375720 256 168720 0 0 0 0 717624 0 0 0
 1313 18 1 379256 0 0 286536 0 0 0 0 1012144 0 0 0
 1322 18 2 176192 351488 0 206144 0 0 0 0 14592 0 0 0
 1331 18 3 162176 284936 14336 0 0 0 0 0 661400 0 0 0
 1340 18 4 0 0 0 0 0 0 0 0 0 0 0 0
 1349 18 5 0 0 0 0 0 0 0 0 0 0 0 0
 1358 18 6 0 0 0 0 0 0 0 0 0 0 0 0
 1367 18 7 0 0 0 0 0 0 0 0 0 0 0 0
 1376 19 0 0 369288 172288 45640 0 0 0 0 733920 0 0 0
 1385 19 1 390928 0 364160 25152 0 0 0 0 1007560 0 0 0
 1394 19 2 173312 351488 0 7424 0 0 0 0 748672 0 0 0
 1403 19 3 169680 286784 212224 0 0 0 0 0 78216 0 0 0
 1412 19 4 0 0 0 0 0 0 0 0 0 0 0 0
 1421 19 5 0 0 0 0 0 0 0 0 0 0 0 0
 1430 19 6 0 0 0 0 0 0 0 0 0 0 0 0
 1439 19 7 0 0 0 0 0 0 0 0 0 0 0 0
 1448 20 0 0 389864 179208 170704 0 0 0 0 728216 0 0 0
 1457 20 1 379272 0 356032 284552 0 0 0 0 1025960 0 0 0
 1466 20 2 180480 346688 0 205376 0 0 0 0 752904 0 0 0
 1475 20 3 168464 289408 217664 0 0 0 0 0 660632 0 0 0
 1484 20 4 0 0 0 0 0 0 0 0 0 0 0 0
 1493 20 5 0 0 0 0 0 0 0 0 0 0 0 0
 1502 20 6 0 0 0 0 0 0 0 0 0 0 0 0
 1511 20 7 0 0 0 0 0 0 0 0 0 0 0 0
 1520 21 0 0 370912 163136 172176 0 0 0 0 726112 0 0 0
 1529 21 1 384776 0 346880 283016 0 0 0 0 1014792 0 0 0
 1538 21 2 179008 372768 0 207616 0 0 0 0 722880 0 0 0
 1547 21 3 162328 271112 212864 0 0 0 0 0 662808 0 0 0
 1556 21 4 0 0 0 0 0 0 0 0 0 0 0 0
 1565 21 5 0 0 0 0 0 0 0 0 0 0 0 0
 1574 21 6 0 0 0 0 0 0 0 0 0 0 0 0
 1583 21 7 0 0 0 0 0 0 0 0 0 0 0 0
 1592 22 0 0 400720 176136 160456 0 0 0 0 725592 0 0 0
 1601 22 1 377280 0 342120 293448 0 0 0 0 1050704 0 0 0
 1610 22 2 177408 355328 0 215040 0 0 0 0 713904 0 0 0
 1619 22 3 170904 294656 195648 0 0 0 0 0 668944 0 0 0
 1628 22 4 0 0 0 0 0 0 0 0 0 0 0 0
 1637 22 5 0 0 0 0 0 0 0 0 0 0 0 0
 1646 22 6 0 0 0 0 0 0 0 0 0 0 0 0
 1655 22 7 0 0 0 0 0 0 0 0 0 0 0 0
 1664 23 0 0 380368 178752 164488 0 0 0 0 708576 0 0 0
 1673 23 1 370112 0 357520 292240 0 0 0 0 1015240 0 0 0
 1682 23 2 168456 356016 0 207936 0 0 0 0 740560 0 0 0
 1691 23 3 170008 278856 204288 0 0 0 0 0 664664 0 0 0
 1700 23 4 0 0 0 0 0 0 0 0 0 0 0 0
 1709 23 5 0 0 0 0 0 0 0 0 0 0 0 0
 1718 23 6 0 0 0 0 0 0 0 0 0 0 0 0
 1727 23 7 0 0 0 0 0 0 0 0 0 0 0 0
 1736 24 0 0 365376 181760 160144 0 0 0 0 128560 0 0 0
 1745 24 1 69128 0 369552 276872 0 0 0 0 1019592 0 0 0
 1754 24 2 22016 353928 0 197888 0 0 0 0 755920 0 0 0
 1763 24 3 37416 300288 204608 0 0 0 0 0 634904 0 0 0
 1772 24 4 0 0 0 0 0 0 0 0 0 0 0 0
 1781 24 5 0 0 0 0 0 0 0 0 0 0 0 0
 1790 24 6 0 0 0 0 0 0 0 0 0 0 0 0
 1799 24 7 0 0 0 0 0 0 0 0 0 0 0 0
 1808 25 0 0 92160 175936 173384 0 0 0 0 691992 0 0 0
 1817 25 1 359880 0 351720 303640 0 0 0 0 175440 0 0 0
 1826 25 2 168448 47176 0 204288 0 0 0 0 729128 0 0 0
 1835 25 3 163664 36104 201472 0 0 0 0 0 681312 0 0 0
 1844 25 4 0 0 0 0 0 0 0 0 0 0 0 0
 1853 25 5 0 0 0 0 0 0 0 0 0 0 0 0
 1862 25 6 0 0 0 0 0 0 0 0 0 0 0 0
 1871 25 7 0 0 0 0 0 0 0 0 0 0 0 0
 1880 26 0 0 381392 256 160840 0 0 0 0 708272 0 0 0
 1889 26 1 370776 0 264 289560 0 0 0 0 1016736 0 0 0
 1898 26 2 163648 360072 0 194560 0 0 0 0 15112 0 0 0
 1907 26 3 173848 275272 14592 0 0 0 0 0 644960 0 0 0
 1916 26 4 0 0 0 0 0 0 0 0 0 0 0 0
 1925 26 5 0 0 0 0 0 0 0 0 0 0 0 0
 1934 26 6 0 0 0 0 0 0 0 0 0 0 0 0
 1943 26 7 0 0 0 0 0 0 0 0 0 0 0 0
 1952 27 0 0 367016 172872 49168 0 0 0 0 717800 0 0 0
 1961 27 1 382720 0 358728 24576 0 0 0 0 1017256 0 0 0
 1970 27 2 179984 368384 0 10496 0 0 0 0 740496 0 0 0
 1979 27 3 155096 281856 208896 0 0 0 0 0 84240 0 0 0
 1988 27 4 0 0 0 0 0 0 0 0 0 0 0 0
 1997 27 5 0 0 0 0 0 0 0 0 0 0 0 0
 2006 27 6 0 0 0 0 0 0 0 0 0 0 0 0
 2015 27 7 0 0 0 0 0 0 0 0 0 0 0 0
 2024 28 0 0 355976 174856 155800 0 0 0 0 702288 0 0 0
 2033 28 1 371048 0 342400 278400 0 0 0 0 999248 0 0 0
 2042 28 2 163968 361288 0 209472 0 0 0 0 727944 0 0 0
 2051 28 3 167272 281984 210688 0 0 0 0 0 643672 0 0 0
 2060 28 4 0 0 0 0 0 0 0 0 0 0 0 0
 2069 28 5 0 0 0 0 0 0 0 0 0 0 0 0
 2078 28 6 0 0 0 0 0 0 0 0 0 0 0 0
 2087 28 7 0 0 0 0 0 0 0 0 0 0 0 0
 2096 29 0 0 391944 174600 169616 0 0 0 0 719168 0 0 0
 2105 29 1 376728 0 355592 265296 0 0 0 0 1032328 0 0 0
 2114 29 2 162816 341504 0 195072 0 0 0 0 725264 0 0 0
 2123 29 3 179624 298880 195072 0 0 0 0 0 629984 0 0 0
 2132 29 4 0 0 0 0 0 0 0 0 0 0 0 0
 2141 29 5 0 0 0 0 0 0 0 0 0 0 0 0
 2150 29 6 0 0 0 0 0 0 0 0 0 0 0 0
 2159 29 7 0 0 0 0 0 0 0 0 0 0 0 0
 2168 30 0 0 386648 170304 167920 0 0 0 0 734752 0 0 0
 2177 30 1 390152 0 366088 278112 0 0 0 0 1028256 0 0 0
 2186 30 2 169984 352832 0 201216 0 0 0 0 727624 0 0 0
 2195 30 3 174616 288776 191232 0 0 0 0 0 647248 0 0 0
 2204 30 4 0 0 0 0 0 0 0 0 0 0 0 0
 2213 30 5 0 0 0 0 0 0 0 0 0 0 0 0
 2222 30 6 0 0 0 0 0 0 0 0 0 0 0 0
 2231 30 7 0 0 0 0 0 0 0 0 0 0 0 0
 2240 31 0 0 374448 172816 164624 0 0 0 0 704376 0 0 0
 2249 31 1 379520 0 351048 296464 0 0 0 0 1025800 0 0 0
 2258 31 2 164928 358152 0 213696 0 0 0 0 711064 0 0 0
 2267 31 3 159928 293200 187200 0 0 0 0 0 674784 0 0 0
 2276 31 4 0 0 0 0 0 0 0 0 0 0 0 0
 2285 31 5 0 0 0 0 0 0 0 0 0 0 0 0
 2294 31 6 0 0 0 0 0 0 0 0 0 0 0 0
 2303 31 7 0 0 0 0 0 0 0 0 0 0 0 0
 2312 32 0 0 365712 174600 176328 0 0 0 0 735280 0 0 0
 2321 32 1 389032 0 362952 290048 0 0 0 0 986360 0 0 0
 2330 32 2 182848 353960 0 198784 0 0 0 0 746704 0 0 0
 2339 32 3 163400 266688 209152 0 0 0 0 0 665160 0 0 0
 2348 32 4 0 0 0 0 0 0 0 0 0 0 0 0
 2357 32 5 0 0 0 0 0 0 0 0 0 0 0 0
 2366 32 6 0 0 0 0 0 0 0 0 0 0 0 0
 2375 32 7 0 0 0 0 0 0 0 0 0 0 0 0