# Format <LP id> <Terminal ID> <Rail ID> <Total Data Size> <Avg packet latency> <# Flits/Packets finished> <Avg hops> <Busy Time>
256 0 0 19294256 23571053.461755 87294 1.711343 0.000000
257 1 0 22232048 29923060.720456 96408 1.658825 0.000000
258 2 0 22201120 27708811.149359 94974 1.638575 0.000000
259 3 0 19458384 22147370.845067 87140 1.712968 0.000000
519 4 0 24566432 38666223.426255 106248 2.053046 0.000000
520 5 0 27397648 54266737.521065 118070 1.985314 0.000000
521 6 0 27412656 40810432.319172 120050 1.991687 0.000000
522 7 0 24604544 38030613.585044 107544 2.045786 0.000000
782 8 0 24567728 34966604.067652 107538 2.103387 0.000000
783 9 0 27430048 50076437.079603 118954 2.030953 0.000000
784 10 0 27407120 46757698.143129 120414 2.042537 0.000000
785 11 0 24482176 33529425.777378 109906 2.115972 0.000000
1045 12 0 24436480 45071940.252269 106288 2.554682 0.000000
1046 13 0 27454064 57000723.128489 122538 2.501216 0.000000
1047 14 0 27464576 54398572.783463 123282 2.500754 0.000000
1048 15 0 24574768 44975282.999733 107714 2.581002 0.000000
1308 16 0 24637136 45988164.427600 111436 2.582971 0.000000
1309 17 0 27452512 51860096.716145 121210 2.501295 3656.742635
1310 18 0 27425120 64750154.826982 120632 2.467471 0.000000
1311 19 0 24599088 47952263.178603 107538 2.561904 0.000000
1571 20 0 24537792 43246908.687776 106414 2.063770 0.000000
1572 21 0 27442144 53061263.942132 119918 2.017929 0.000000
1573 22 0 27345536 54000162.944588 116104 1.992076 0.000000
1574 23 0 24497360 41052714.034218 107552 2.097367 0.000000
1834 24 0 15721856 19819113.373283 64904 1.861210 0.000000
1835 25 0 17807856 21212134.319764 70420 1.786254 0.000000
1836 26 0 17848912 22693199.491595 72984 1.816891 0.000000
1837 27 0 15755744 18320059.445454 65460 1.896364 0.000000
2097 28 0 0 0.000000 0 nan 0.000000
2098 29 0 0 0.000000 0 nan 0.000000
2099 30 0 0 0.000000 0 nan 0.000000
2100 31 0 0 0.000000 0 nan 0.000000
2360 32 0 0 0.000000 0 nan 0.000000
2361 33 0 0 0.000000 0 nan 0.000000
2362 34 0 0 0.000000 0 nan 0.000000
2363 35 0 0 0.000000 0 nan 0.000000
2623 36 0 0 0.000000 0 nan 0.000000
2624 37 0 0 0.000000 0 nan 0.000000
2625 38 0 0 0.000000 0 nan 0.000000
2626 39 0 0 0.000000 0 nan 0.000000
2886 40 0 0 0.000000 0 nan 0.000000
2887 41 0 0 0.000000 0 nan 0.000000
2888 42 0 0 0.000000 0 nan 0.000000
2889 43 0 0 0.000000 0 nan 0.000000
3149 44 0 0 0.000000 0 nan 0.000000
3150 45 0 0 0.000000 0 nan 0.000000
3151 46 0 0 0.000000 0 nan 0.000000
3152 47 0 0 0.000000 0 nan 0.000000
3412 48 0 0 0.000000 0 nan 0.000000
3413 49 0 0 0.000000 0 nan 0.000000
3414 50 0 0 0.000000 0 nan 0.000000
3415 51 0 0 0.000000 0 nan 0.000000
3675 52 0 0 0.000000 0 nan 0.000000
3676 53 0 0 0.000000 0 nan 0.000000
3677 54 0 0 0.000000 0 nan 0.000000
3678 55 0 0 0.000000 0 nan 0.000000
3938 56 0 0 0.000000 0 nan 0.000000
3939 57 0 0 0.000000 0 nan 0.000000
3940 58 0 0 0.000000 0 nan 0.000000
3941 59 0 0 0.000000 0 nan 0.000000
4201 60 0 0 0.000000 0 nan 0.000000
4202 61 0 0 0.000000 0 nan 0.000000
4203 62 0 0 0.000000 0 nan 0.000000
4204 63 0 0 0.000000 0 nan 0.000000
4464 64 0 0 0.000000 0 nan 0.000000
4465 65 0 0 0.000000 0 nan 0.000000
4466 66 0 0 0.000000 0 nan 0.000000
4467 67 0 0 0.000000 0 nan 0.000000
4727 68 0 0 0.000000 0 nan 0.000000
4728 69 0 0 0.000000 0 nan 0.000000
4729 70 0 0 0.000000 0 nan 0.000000
4730 71 0 0 0.000000 0 nan 0.000000
4990 72 0 0 0.000000 0 nan 0.000000
4991 73 0 0 0.000000 0 nan 0.000000
4992 74 0 0 0.000000 0 nan 0.000000
4993 75 0 0 0.000000 0 nan 0.000000
5253 76 0 0 0.000000 0 nan 0.000000
5254 77 0 0 0.000000 0 nan 0.000000
5255 78 0 0 0.000000 0 nan 0.000000
5256 79 0 0 0.000000 0 nan 0.000000
5516 80 0 0 0.000000 0 nan 0.000000
5517 81 0 0 0.000000 0 nan 0.000000
5518 82 0 0 0.000000 0 nan 0.000000
5519 83 0 0 0.000000 0 nan 0.000000
5779 84 0 0 0.000000 0 nan 0.000000
5780 85 0 0 0.000000 0 nan 0.000000
5781 86 0 0 0.000000 0 nan 0.000000
5782 87 0 0 0.000000 0 nan 0.000000
6042 88 0 0 0.000000 0 nan 0.000000
6043 89 0 0 0.000000 0 nan 0.000000
6044 90 0 0 0.000000 0 nan 0.000000
6045 91 0 0 0.000000 0 nan 0.000000
6305 92 0 0 0.000000 0 nan 0.000000
6306 93 0 0 0.000000 0 nan 0.000000
6307 94 0 0 0.000000 0 nan 0.000000
6308 95 0 0 0.000000 0 nan 0.000000
6568 96 0 0 0.000000 0 nan 0.000000
6569 97 0 0 0.000000 0 nan 0.000000
6570 98 0 0 0.000000 0 nan 0.000000
6571 99 0 0 0.000000 0 nan 0.000000
6831 100 0 0 0.000000 0 nan 0.000000
6832 101 0 0 0.000000 0 nan 0.000000
6833 102 0 0 0.000000 0 nan 0.000000
6834 103 0 0 0.000000 0 nan 0.000000
7094 104 0 0 0.000000 0 nan 0.000000
7095 105 0 0 0.000000 0 nan 0.000000
7096 106 0 0 0.000000 0 nan 0.000000
7097 107 0 0 0.000000 0 nan 0.000000
7357 108 0 0 0.000000 0 nan 0.000000
7358 109 0 0 0.000000 0 nan 0.000000
7359 110 0 0 0.000000 0 nan 0.000000
7360 111 0 0 0.000000 0 nan 0.000000
7620 112 0 0 0.000000 0 nan 0.000000
7621 113 0 0 0.000000 0 nan 0.000000
7622 114 0 0 0.000000 0 nan 0.000000
7623 115 0 0 0.000000 0 nan 0.000000
7883 116 0 0 0.000000 0 nan 0.000000
7884 117 0 0 0.000000 0 nan 0.000000
7885 118 0 0 0.000000 0 nan 0.000000
7886 119 0 0 0.000000 0 nan 0.000000
8146 120 0 0 0.000000 0 nan 0.000000
8147 121 0 0 0.000000 0 nan 0.000000
8148 122 0 0 0.000000 0 nan 0.000000
8149 123 0 0 0.000000 0 nan 0.000000
8409 124 0 0 0.000000 0 nan 0.000000
8410 125 0 0 0.000000 0 nan 0.000000
8411 126 0 0 0.000000 0 nan 0.000000
8412 127 0 0 0.000000 0 nan 0.000000
