# Format <LP ID> <Rail ID> <Level ID> <Switch ID> <Busy time per switch port(s)># Switch ports: 8

 260 0 0 0 0.000000 3594.480487 3429.826389 0.000000 0.000000 0.000000 0.000000 0.000000
 261 0 1 32 0.000000 0.000000 0.000000 0.000000 0.000000 0.000000 0.000000 0.000000
 262 0 2 64 0.000000 0.000000 0.000000 0.000000 0.000000 0.000000 0.000000 0.000000
 523 0 0 1 1152.621454 20114.706535 851.949365 3364.980412 0.000000 0.000000 0.000000 0.000000
 524 0 1 33 0.000000 0.000000 0.000000 0.000000 0.000000 0.000000 0.000000 0.000000
 525 0 2 65 0.000000 0.000000 0.000000 0.000000 0.000000 0.000000 0.000000 0.000000
 786 0 0 2 2286.004490 8490.546320 7631.687696 0.000000 0.000000 0.000000 0.000000 0.000000
 787 0 1 34 0.000000 0.000000 0.000000 0.000000 0.000000 0.000000 0.000000 0.000000
 788 0 2 66 0.000000 0.000000 0.000000 0.000000 0.000000 0.000000 0.000000 0.000000
 1049 0 0 3 4499.334336 14789.957376 6072.548398 8551.274383 0.000000 0.000000 0.000000 0.000000
 1050 0 1 35 0.000000 0.000000 0.000000 0.000000 0.000000 0.000000 0.000000 0.000000
 1051 0 2 67 0.000000 0.000000 0.000000 0.000000 0.000000 0.000000 0.000000 0.000000
 1312 0 0 4 0.000000 6075.656828 10978.836165 8511.887072 0.000000 0.000000 0.000000 0.000000
 1313 0 1 36 0.000000 0.000000 0.000000 0.000000 0.000000 0.000000 0.000000 0.000000
 1314 0 2 68 0.000000 0.000000 0.000000 0.000000 0.000000 0.000000 0.000000 0.000000
 1575 0 0 5 12233.961770 18836.155314 10519.310085 5270.739661 0.000000 0.000000 0.000000 0.000000
 1576 0 1 37 0.000000 0.000000 0.000000 0.000000 0.000000 0.000000 0.000000 0.000000
 1577 0 2 69 0.000000 0.000000 0.000000 0.000000 0.000000 0.000000 0.000000 0.000000
 1838 0 0 6 756.840246 1826.007831 307.510352 0.000000 0.000000 0.000000 0.000000 0.000000
 1839 0 1 38 0.000000 0.000000 0.000000 0.000000 0.000000 0.000000 0.000000 0.000000
 1840 0 2 70 0.000000 0.000000 0.000000 0.000000 0.000000 0.000000 0.000000 0.000000
 2101 0 0 7 0.000000 0.000000 0.000000 0.000000 0.000000 0.000000 0.000000 0.000000
 2102 0 1 39 0.000000 0.000000 0.000000 0.000000 0.000000 0.000000 0.000000 0.000000
 2103 0 2 71 0.000000 0.000000 0.000000 0.000000 0.000000 0.000000 0.000000 0.000000
 2364 0 0 8 0.000000 0.000000 0.000000 0.000000 0.000000 0.000000 0.000000 0.000000
 2365 0 1 40 0.000000 0.000000 0.000000 0.000000 0.000000 0.000000 0.000000 0.000000
 2366 0 2 72 0.000000 0.000000 0.000000 0.000000 0.000000 0.000000 0.000000 0.000000
 2627 0 0 9 0.000000 0.000000 0.000000 0.000000 0.000000 0.000000 0.000000 0.000000
 2628 0 1 41 0.000000 0.000000 0.000000 0.000000 0.000000 0.000000 0.000000 0.000000
 2629 0 2 73 0.000000 0.000000 0.000000 0.000000 0.000000 0.000000 0.000000 0.000000
 2890 0 0 10 0.000000 0.000000 0.000000 0.000000 0.000000 0.000000 0.000000 0.000000
 2891 0 1 42 0.000000 0.000000 0.000000 0.000000 0.000000 0.000000 0.000000 0.000000
 2892 0 2 74 0.000000 0.000000 0.000000 0.000000 0.000000 0.000000 0.000000 0.000000
 3153 0 0 11 0.000000 0.000000 0.000000 0.000000 0.000000 0.000000 0.000000 0.000000
 3154 0 1 43 0.000000 0.000000 0.000000 0.000000 0.000000 0.000000 0.000000 0.000000
 3155 0 2 75 0.000000 0.000000 0.000000 0.000000 0.000000 0.000000 0.000000 0.000000
 3416 0 0 12 0.000000 0.000000 0.000000 0.000000 0.000000 0.000000 0.000000 0.000000
 3417 0 1 44 0.000000 0.000000 0.000000 0.000000 0.000000 0.000000 0.000000 0.000000
 3418 0 2 76 0.000000 0.000000 0.000000 0.000000 0.000000 0.000000 0.000000 0.000000
 3679 0 0 13 0.000000 0.000000 0.000000 0.000000 0.000000 0.000000 0.000000 0.000000
 3680 0 1 45 0.000000 0.000000 0.000000 0.000000 0.000000 0.000000 0.000000 0.000000
 3681 0 2 77 0.000000 0.000000 0.000000 0.000000 0.000000 0.000000 0.000000 0.000000
 3942 0 0 14 0.000000 0.000000 0.000000 0.000000 0.000000 0.000000 0.000000 0.000000
 3943 0 1 46 0.000000 0.000000 0.000000 0.000000 0.000000 0.000000 0.000000 0.000000
 3944 0 2 78 0.000000 0.000000 0.000000 0.000000 0.000000 0.000000 0.000000 0.000000
 4205 0 0 15 0.000000 0.000000 0.000000 0.000000 0.000000 0.000000 0.000000 0.000000
 4206 0 1 47 0.000000 0.000000 0.000000 0.000000 0.000000 0.000000 0.000000 0.000000
 4207 0 2 79 0.000000 0.000000 0.000000 0.000000 0.000000 0.000000 0.000000 0.000000
 4468 0 0 16 0.000000 0.000000 0.000000 0.000000 0.000000 0.000000 0.000000 0.000000
 4469 0 1 48 0.000000 0.000000 0.000000 0.000000 0.000000 0.000000 0.000000 0.000000
 4731 0 0 17 0.000000 0.000000 0.000000 0.000000 0.000000 0.000000 0.000000 0.000000
 4732 0 1 49 0.000000 0.000000 0.000000 0.000000 0.000000 0.000000 0.000000 0.000000
 4994 0 0 18 0.000000 0.000000 0.000000 0.000000 0.000000 0.000000 0.000000 0.000000
 4995 0 1 50 0.000000 0.000000 0.000000 0.000000 0.000000 0.000000 0.000000 0.000000
 5257 0 0 19 0.000000 0.000000 0.000000 0.000000 0.000000 0.000000 0.000000 0.000000
 5258 0 1 51 0.000000 0.000000 0.000000 0.000000 0.000000 0.000000 0.000000 0.000000
 5520 0 0 20 0.000000 0.000000 0.000000 0.000000 0.000000 0.000000 0.000000 0.000000
 5521 0 1 52 0.000000 0.000000 0.000000 0.000000 0.000000 0.000000 0.000000 0.000000
 5783 0 0 21 0.000000 0.000000 0.000000 0.000000 0.000000 0.000000 0.000000 0.000000
 5784 0 1 53 0.000000 0.000000 0.000000 0.000000 0.000000 0.000000 0.000000 0.000000
 6046 0 0 22 0.000000 0.000000 0.000000 0.000000 0.000000 0.000000 0.000000 0.000000
 6047 0 1 54 0.000000 0.000000 0.000000 0.000000 0.000000 0.000000 0.000000 0.000000
 6309 0 0 23 0.000000 0.000000 0.000000 0.000000 0.000000 0.000000 0.000000 0.000000
 6310 0 1 55 0.000000 0.000000 0.000000 0.000000 0.000000 0.000000 0.000000 0.000000
 6572 0 0 24 0.000000 0.000000 0.000000 0.000000 0.000000 0.000000 0.000000 0.000000
 6573 0 1 56 0.000000 0.000000 0.000000 0.000000 0.000000 0.000000 0.000000 0.000000
 6835 0 0 25 0.000000 0.000000 0.000000 0.000000 0.000000 0.000000 0.000000 0.000000
 6836 0 1 57 0.000000 0.000000 0.000000 0.000000 0.000000 0.000000 0.000000 0.000000
 7098 0 0 26 0.000000 0.000000 0.000000 0.000000 0.000000 0.000000 0.000000 0.000000
 7099 0 1 58 0.000000 0.000000 0.000000 0.000000 0.000000 0.000000 0.000000 0.000000
 7361 0 0 27 0.000000 0.000000 0.000000 0.000000 0.000000 0.000000 0.000000 0.000000
 7362 0 1 59 0.000000 0.000000 0.000000 0.000000 0.000000 0.000000 0.000000 0.000000
 7624 0 0 28 0.000000 0.000000 0.000000 0.000000 0.000000 0.000000 0.000000 0.000000
 7625 0 1 60 0.000000 0.000000 0.000000 0.000000 0.000000 0.000000 0.000000 0.000000
 7887 0 0 29 0.000000 0.000000 0.000000 0.000000 0.000000 0.000000 0.000000 0.000000
 7888 0 1 61 0.000000 0.000000 0.000000 0.000000 0.000000 0.000000 0.000000 0.000000
 8150 0 0 30 0.000000 0.000000 0.000000 0.000000 0.000000 0.000000 0.000000 0.000000
 8151 0 1 62 0.000000 0.000000 0.000000 0.000000 0.000000 0.000000 0.000000 0.000000
 8413 0 0 31 0.000000 0.000000 0.000000 0.000000 0.000000 0.000000 0.000000 0.000000
 8414 0 1 63 0.000000 0.000000 0.000000 0.000000 0.000000 0.000000 0.000000 0.000000