# Format <LP ID> <Rail ID> <Level ID> <Switch ID> <Link traffic per switch port(s)># Switch ports: 8
 260 0 0 0 19294256 22232048 22201120 19458384 5749536 5504576 5337816 5143976
 261 0 1 32 5730936 11369880 11340968 11357560 1509000 1427992 1395568 1405968
 262 0 2 64 1504288 1509000 0 0 0 0 0 0
 523 0 0 1 24566432 27397648 27412656 24604544 11405512 10956896 10577032 10188608
 524 0 1 33 5481784 10954776 10933000 10937896 1409072 1426832 1389136 1291344
 525 0 2 65 1451896 1427992 0 0 0 0 0 0
 786 0 0 2 24567728 27430048 27407120 24482176 11350288 10942336 10565104 10192512
 787 0 1 34 5281488 10569648 10585328 10599088 1392312 1350936 1304704 1330440
 788 0 2 66 1363288 1395568 0 0 0 0 0 0
 1049 0 0 3 24436480 27454064 27464576 24574768 11338440 10913744 10613328 10169688
 1050 0 1 35 5075424 10215984 10199488 10184192 1377456 1337488 1199256 1221904
 1051 0 2 67 1374624 1405968 0 0 0 0 0 0
 1312 0 0 4 24637136 27452512 27425120 24599088 11348024 11024800 10605208 10190720
 1313 0 1 36 11362856 11311240 5663552 0 1504288 1451896 1363288 1374624
 1314 0 2 68 1459472 1409072 0 0 0 0 0 0
 1575 0 0 5 24537792 27442144 27345536 24497360 11306048 10939120 10584128 10105120
 1576 0 1 37 10941288 10959224 5497328 0 1459472 1395960 1338152 1312704
 1577 0 2 69 1395960 1426832 0 0 0 0 0 0
 1838 0 0 6 15721856 17807856 17848912 15755744 5639144 5423824 5293600 5041624
 1839 0 1 38 10636088 10593400 5311176 0 1415296 1297400 1306376 1301592
 1840 0 2 70 1338152 1389136 0 0 0 0 0 0
 2101 0 0 7 0 0 0 0 0 0 0 0
 2102 0 1 39 10197176 10130504 5029480 0 1357208 1278088 1228672 1252440
 2103 0 2 71 1312704 1291344 0 0 0 0 0 0
 2364 0 0 8 0 0 0 0 0 0 0 0
 2365 0 1 40 0 0 0 0 0 0 0 0
 2366 0 2 72 1415296 1392312 0 0 0 0 0 0
 2627 0 0 9 0 0 0 0 0 0 0 0
 2628 0 1 41 0 0 0 0 0 0 0 0
 2629 0 2 73 1297400 1350936 0 0 0 0 0 0
 2890 0 0 10 0 0 0 0 0 0 0 0
 2891 0 1 42 0 0 0 0 0 0 0 0
 2892 0 2 74 1306376 1304704 0 0 0 0 0 0
 3153 0 0 11 0 0 0 0 0 0 0 0
 3154 0 1 43 0 0 0 0 0 0 0 0
 3155 0 2 75 1301592 1330440 0 0 0 0 0 0
 3416 0 0 12 0 0 0 0 0 0 0 0
 3417 0 1 44 0 0 0 0 0 0 0 0
 3418 0 2 76 1357208 1377456 0 0 0 0 0 0
 3679 0 0 13 0 0 0 0 0 0 0 0
 3680 0 1 45 0 0 0 0 0 0 0 0
 3681 0 2 77 1278088 1337488 0 0 0 0 0 0
 3942 0 0 14 0 0 0 0 0 0 0 0
 3943 0 1 46 0 0 0 0 0 0 0 0
 3944 0 2 78 1228672 1199256 0 0 0 0 0 0
 4205 0 0 15 0 0 0 0 0 0 0 0
 4206 0 1 47 0 0 0 0 0 0 0 0
 4207 0 2 79 1252440 1221904 0 0 0 0 0 0
 4468 0 0 16 0 0 0 0 0 0 0 0
 4469 0 1 48 0 0 0 0 0 0 0 0
 4731 0 0 17 0 0 0 0 0 0 0 0
 4732 0 1 49 0 0 0 0 0 0 0 0
 4994 0 0 18 0 0 0 0 0 0 0 0
 4995 0 1 50 0 0 0 0 0 0 0 0
 5257 0 0 19 0 0 0 0 0 0 0 0
 5258 0 1 51 0 0 0 0 0 0 0 0
 5520 0 0 20 0 0 0 0 0 0 0 0
 5521 0 1 52 0 0 0 0 0 0 0 0
 5783 0 0 21 0 0 0 0 0 0 0 0
 5784 0 1 53 0 0 0 0 0 0 0 0
 6046 0 0 22 0 0 0 0 0 0 0 0
 6047 0 1 54 0 0 0 0 0 0 0 0
 6309 0 0 23 0 0 0 0 0 0 0 0
 6310 0 1 55 0 0 0 0 0 0 0 0
 6572 0 0 24 0 0 0 0 0 0 0 0
 6573 0 1 56 0 0 0 0 0 0 0 0
 6835 0 0 25 0 0 0 0 0 0 0 0
 6836 0 1 57 0 0 0 0 0 0 0 0
 7098 0 0 26 0 0 0 0 0 0 0 0
 7099 0 1 58 0 0 0 0 0 0 0 0
 7361 0 0 27 0 0 0 0 0 0 0 0
 7362 0 1 59 0 0 0 0 0 0 0 0
 7624 0 0 28 0 0 0 0 0 0 0 0
 7625 0 1 60 0 0 0 0 0 0 0 0
 7887 0 0 29 0 0 0 0 0 0 0 0
 7888 0 1 61 0 0 0 0 0 0 0 0
 8150 0 0 30 0 0 0 0 0 0 0 0
 8151 0 1 62 0 0 0 0 0 0 0 0
 8413 0 0 31 0 0 0 0 0 0 0 0
 8414 0 1 63 0 0 0 0 0 0 0 0