# Format <LP ID> <Terminal ID> <Job ID> <Local Rank> <Total sends> <Total Recvs> <Bytes sent> <Bytes recvd> <Send time> <Comm. time> <Compute time> <Avg msg time> <Max Msg Time>
 0 0 0 0 1144 1144 3045248 3045248 6011492.893509 5726185.683790 383962889.000000 0.000000 0.000000
 1 1 0 1 988 988 3023776 3023776 7448919.037024 7176742.253675 382380607.000000 0.000000 0.000000
 2 2 0 2 988 988 3023776 3023776 8441302.692029 8098994.953915 381269925.000000 0.000000 0.000000
 3 3 0 3 988 988 3023776 3023776 7783710.495876 7427426.119732 381829335.000000 0.000000 0.000000
 9 4 0 4 1144 1144 3045248 3045248 6600485.092723 6266463.561930 383167059.000000 0.000000 0.000000
 10 5 0 5 988 988 3023776 3023776 7698448.431773 7338397.174914 382247972.000000 0.000000 0.000000
 11 6 0 6 988 988 3023776 3023776 11946294.434926 11591315.877474 377845954.000000 0.000000 0.000000
 12 7 0 7 988 988 3023776 3023776 11702964.807651 11349059.971686 378018053.000000 0.000000 0.000000
 18 8 0 8 1144 1144 3045248 3045248 11758576.049385 11371792.793635 378139753.000000 0.000000 0.000000
 19 9 0 9 728 728 2991360 2991360 13658534.809436 13306233.395503 376057814.000000 0.000000 0.000000
 20 10 0 10 728 728 2991360 2991360 12909921.713063 12591527.004690 376514317.000000 0.000000 0.000000
 21 11 0 11 728 728 2991360 2991360 12473752.976399 12174692.173854 376860207.000000 0.000000 0.000000
 27 12 0 12 728 728 2991360 2991360 17637018.743578 17410394.883630 370933258.000000 0.000000 0.000000
 28 13 0 13 728 728 2991360 2991360 17982129.666852 17708505.884854 370860303.000000 0.000000 0.000000
 29 14 0 14 988 988 3023776 3023776 16867483.585952 16544651.322477 372436133.000000 0.000000 0.000000
 30 15 0 15 728 728 2991360 2991360 18105311.948530 17834785.335970 370288401.000000 0.000000 0.000000
 36 16 0 16 988 988 3023776 3023776 17515398.247485 17129466.464545 371677383.000000 0.000000 0.000000
 37 17 0 17 728 728 2991360 2991360 18049079.768891 17762437.867117 370712504.000000 0.000000 0.000000
 38 18 0 18 728 728 2991360 2991360 15651228.977870 15366155.851248 373024553.000000 0.000000 0.000000
 39 19 0 19 988 988 3023776 3023776 14209674.103084 13847362.442357 375408609.000000 0.000000 0.000000
 45 20 0 20 988 988 3023776 3023776 14475926.665884 14128315.091493 374900473.000000 0.000000 0.000000
 46 21 0 21 728 728 2991360 2991360 15294653.777948 15046288.224376 373198744.000000 0.000000 0.000000
 47 22 0 22 988 988 3023776 3023776 14726800.656004 14369431.486981 374531248.000000 0.000000 0.000000
 48 23 0 23 988 988 3023776 3023776 13196790.112920 12853516.958163 376077337.000000 0.000000 0.000000
 54 24 0 24 1144 1144 3045248 3045248 6888237.205291 6504394.216928 382718491.000000 0.000000 0.000000
 55 25 0 25 988 988 3023776 3023776 9644441.622839 9238942.663211 380164922.000000 0.000000 0.000000
 56 26 0 26 988 988 3023776 3023776 9512147.143152 9120541.219008 380061998.000000 0.000000 0.000000
 57 27 0 27 988 988 3023776 3023776 8960648.588489 8534154.586013 380647253.000000 0.000000 0.000000
 63 28 0 28 1144 1144 3045248 3045248 8548178.643364 8087006.659128 381347900.000000 0.000000 0.000000
 64 29 0 29 728 728 2991360 2991360 10075192.957410 9790678.362830 379517852.000000 0.000000 0.000000
 65 30 0 30 728 728 2991360 2991360 15295343.502795 14938381.746179 373904263.000000 0.000000 0.000000
 66 31 0 31 728 728 2991360 2991360 14413813.599864 14031459.497599 374765031.000000 0.000000 0.000000
 72 32 0 32 728 728 2991360 2991360 14676582.977543 14361431.023924 374153068.000000 0.000000 0.000000
 73 33 0 33 728 728 2991360 2991360 15311496.525307 14932082.584161 373882073.000000 0.000000 0.000000
 74 34 0 34 988 988 3023776 3023776 14605615.823614 14148091.741670 375064048.000000 0.000000 0.000000
 75 35 0 35 728 728 2991360 2991360 15029181.549441 14708668.048009 373793773.000000 0.000000 0.000000
 81 36 0 36 988 988 3023776 3023776 12179779.399657 11751808.534008 377317896.000000 0.000000 0.000000
 82 37 0 37 728 728 2991360 2991360 13175041.525378 12820226.026975 375978176.000000 0.000000 0.000000
 83 38 0 38 728 728 2991360 2991360 13718561.928804 13333008.925606 375409094.000000 0.000000 0.000000
 84 39 0 39 988 988 3023776 3023776 12860344.834302 12376709.593521 376968204.000000 0.000000 0.000000
 90 40 0 40 988 988 3023776 3023776 12958928.644650 12453700.240216 376693516.000000 0.000000 0.000000
 91 41 0 41 728 728 2991360 2991360 13301869.346660 12988553.144373 375603419.000000 0.000000 0.000000
 92 42 0 42 988 988 3023776 3023776 12732123.089432 12330427.359832 376718046.000000 0.000000 0.000000
 93 43 0 43 988 988 3023776 3023776 12395159.588372 11936489.880188 377070818.000000 0.000000 0.000000
 99 44 0 44 1144 1144 3045248 3045248 12416774.066611 11972972.358550 377110197.000000 0.000000 0.000000
 100 45 0 45 728 728 2991360 2991360 12628153.281397 12315739.765757 376934926.000000 0.000000 0.000000
 101 46 0 46 728 728 2991360 2991360 13851315.803562 13509545.887681 375422487.000000 0.000000 0.000000
 102 47 0 47 728 728 2991360 2991360 12300498.329905 11922442.177730 376906371.000000 0.000000 0.000000
 108 48 0 48 728 728 2991360 2991360 19108693.181970 18811830.390455 370148418.000000 0.000000 0.000000
 109 49 0 49 728 728 2991360 2991360 20086057.763799 19718203.086856 369395735.000000 0.000000 0.000000
 110 50 0 50 988 988 3023776 3023776 19071598.424168 18597064.973477 370705880.000000 0.000000 0.000000
 111 51 0 51 728 728 2991360 2991360 20052288.712698 19689252.695646 369403696.000000 0.000000 0.000000
 117 52 0 52 988 988 3023776 3023776 18996773.953235 18513235.929036 370735690.000000 0.000000 0.000000
 118 53 0 53 728 728 2991360 2991360 19321901.432558 18997421.861987 370018592.000000 0.000000 0.000000
 119 54 0 54 728 728 2991360 2991360 22253668.890056 21887177.361174 366948245.000000 0.000000 0.000000
 120 55 0 55 988 988 3023776 3023776 22174633.988602 21756484.965375 367616309.000000 0.000000 0.000000
 126 56 0 56 988 988 3023776 3023776 21603715.674262 21184864.854887 368113047.000000 0.000000 0.000000
 127 57 0 57 728 728 2991360 2991360 22949093.969227 22633382.299279 366419756.000000 0.000000 0.000000
 128 58 0 58 988 988 3023776 3023776 22075089.489042 21640903.600990 367516338.000000 0.000000 0.000000
 129 59 0 59 988 988 3023776 3023776 21597708.690905 21162905.458509 368170281.000000 0.000000 0.000000
 135 60 0 60 1144 1144 3045248 3045248 39457320.715951 38975598.756023 349974524.000000 0.000000 0.000000
 136 61 0 61 312 312 2947584 2947584 45255063.245098 45042228.396850 343743028.000000 0.000000 0.000000
 137 62 0 62 312 312 2947584 2947584 53359090.620294 53125735.381789 335330588.000000 0.000000 0.000000
 138 63 0 63 312 312 2947584 2947584 52177201.779446 51934158.833387 336460363.000000 0.000000 0.000000
 144 64 0 64 312 312 2947584 2947584 58541749.620046 58324725.058785 329610458.000000 0.000000 0.000000
 145 65 0 65 312 312 2947584 2947584 52220522.849106 52070902.298814 336196783.000000 0.000000 0.000000
 146 66 0 66 312 312 2947584 2947584 60519561.334553 60381056.540280 327590736.000000 0.000000 0.000000
 147 67 0 67 312 312 2947584 2947584 59417071.842397 59250225.171478 329167238.000000 0.000000 0.000000
 153 68 0 68 312 312 2947584 2947584 41979068.931865 41890741.939077 345743283.000000 0.000000 0.000000
 154 69 0 69 312 312 2947584 2947584 48275025.408563 48089386.955453 340265133.000000 0.000000 0.000000
 155 70 0 70 728 728 2991360 2991360 41342570.232407 41001350.671481 347676516.000000 0.000000 0.000000
 156 71 0 71 312 312 2947584 2947584 55133388.904181 55020451.668067 333010016.000000 0.000000 0.000000
 162 72 0 72 728 728 2991360 2991360 33296239.868960 32962712.461564 355894615.000000 0.000000 0.000000
 163 73 0 73 312 312 2947584 2947584 58540961.391309 58384279.179755 329970787.000000 0.000000 0.000000
 164 74 0 74 728 728 2991360 2991360 33036598.234174 32698306.642077 356130199.000000 0.000000 0.000000
 165 75 0 75 312 312 2947584 2947584 63766782.071676 63615388.453048 324608774.000000 0.000000 0.000000
 171 76 0 76 728 728 2991360 2991360 33386285.748771 33069919.992400 355665984.000000 0.000000 0.000000
 172 77 0 77 312 312 2947584 2947584 45656166.441848 45481847.333476 343262303.000000 0.000000 0.000000
 173 78 0 78 312 312 2947584 2947584 54991075.010067 54886567.715651 332934548.000000 0.000000 0.000000
 174 79 0 79 728 728 2991360 2991360 35752429.617712 35451678.754425 353418218.000000 0.000000 0.000000
 180 80 0 80 728 728 2991360 2991360 34970340.708597 34713715.302116 353814460.000000 0.000000 0.000000
 181 81 0 81 312 312 2947584 2947584 63274678.184462 63124740.702225 325384937.000000 0.000000 0.000000
 182 82 0 82 312 312 2947584 2947584 59275290.925378 59170435.943576 328576938.000000 0.000000 0.000000
 183 83 0 83 728 728 2991360 2991360 35132343.964893 34799316.944984 353759878.000000 0.000000 0.000000
 189 84 0 84 728 728 2991360 2991360 32965771.950397 32695676.794109 355662210.000000 0.000000 0.000000
 190 85 0 85 312 312 2947584 2947584 50497083.437102 50393670.257158 337556315.000000 0.000000 0.000000
 191 86 0 86 728 728 2991360 2991360 33427536.142859 33159027.811028 355627067.000000 0.000000 0.000000
 192 87 0 87 728 728 2991360 2991360 32898988.871987 32623748.076084 356048111.000000 0.000000 0.000000
 198 88 0 88 988 988 3023776 3023776 32904760.651611 32517219.648976 356454433.000000 0.000000 0.000000
 199 89 0 89 312 312 2947584 2947584 65280007.037382 65161328.182968 322599375.000000 0.000000 0.000000
 200 90 0 90 728 728 2991360 2991360 37695682.673569 37333750.911330 351147528.000000 0.000000 0.000000
 201 91 0 91 728 728 2991360 2991360 37380629.541630 37090680.917123 351123853.000000 0.000000 0.000000
 207 92 0 92 988 988 3023776 3023776 37238771.438942 36886471.118531 351712009.000000 0.000000 0.000000
 208 93 0 93 312 312 2947584 2947584 49290513.552706 49100437.307484 339296242.000000 0.000000 0.000000
 209 94 0 94 312 312 2947584 2947584 61968566.452274 61763794.583772 326319554.000000 0.000000 0.000000
 210 95 0 95 312 312 2947584 2947584 60613878.491056 60400648.061251 327794156.000000 0.000000 0.000000
 216 96 0 96 312 312 2947584 2947584 55411331.956947 55263587.331049 332380542.000000 0.000000 0.000000
 217 97 0 97 728 728 2991360 2991360 26629536.832131 26346647.850227 362502428.000000 0.000000 0.000000
 218 98 0 98 728 728 2991360 2991360 26010852.811368 25763977.802138 362766045.000000 0.000000 0.000000
 219 99 0 99 728 728 2991360 2991360 25990362.642990 25727534.881380 362791673.000000 0.000000 0.000000
 225 100 0 100 728 728 2991360 2991360 26262279.175999 26039945.376863 362258516.000000 0.000000 0.000000
 226 101 0 101 312 312 2947584 2947584 44279134.000092 44137188.902350 343910022.000000 0.000000 0.000000
 227 102 0 102 728 728 2991360 2991360 25403090.832722 25122706.931512 363557894.000000 0.000000 0.000000
 228 103 0 103 312 312 2947584 2947584 69792734.966189 69667802.124228 317850392.000000 0.000000 0.000000
 234 104 0 104 728 728 2991360 2991360 26780072.414760 26433166.563344 362118758.000000 0.000000 0.000000
 235 105 0 105 728 728 2991360 2991360 25892044.042566 25639608.001367 363043429.000000 0.000000 0.000000
 236 106 0 106 988 988 3023776 3023776 25066018.076628 24696869.024745 364232127.000000 0.000000 0.000000
 237 107 0 107 728 728 2991360 2991360 25155577.994420 24910498.505082 363313507.000000 0.000000 0.000000
 243 108 0 108 988 988 3023776 3023776 27918881.006468 27556794.779533 360973825.000000 0.000000 0.000000
 244 109 0 109 312 312 2947584 2947584 48708008.407506 48545694.083743 339672616.000000 0.000000 0.000000
 245 110 0 110 312 312 2947584 2947584 57729261.438391 57615159.035411 329595847.000000 0.000000 0.000000
 246 111 0 111 728 728 2991360 2991360 28822689.000749 28452487.639750 360024215.000000 0.000000 0.000000
 252 112 0 112 728 728 2991360 2991360 28682657.165419 28399054.240911 360017435.000000 0.000000 0.000000
 253 113 0 113 728 728 2991360 2991360 28806475.340471 28542601.995292 359970441.000000 0.000000 0.000000
 254 114 0 114 728 728 2991360 2991360 25796131.681274 25541242.704307 362785775.000000 0.000000 0.000000
 255 115 0 115 988 988 3023776 3023776 25539009.958426 25166384.312233 363634042.000000 0.000000 0.000000
 261 116 0 116 988 988 3023776 3023776 25109171.423351 24734320.616510 363823731.000000 0.000000 0.000000
 262 117 0 117 312 312 2947584 2947584 57418533.406846 57292488.841567 329965505.000000 0.000000 0.000000
 263 118 0 118 728 728 2991360 2991360 25491948.886710 25231954.628166 363412959.000000 0.000000 0.000000
 264 119 0 119 728 728 2991360 2991360 24936995.223028 24693559.496603 363579381.000000 0.000000 0.000000
 270 120 0 120 988 988 3023776 3023776 48097260.268477 47700396.808922 338294951.000000 0.000000 0.000000
 271 121 0 121 728 728 2991360 2991360 48594654.428278 48379747.233306 337140270.000000 0.000000 0.000000
 272 122 0 122 988 988 3023776 3023776 47467114.345459 47081633.147761 338766155.000000 0.000000 0.000000
 273 123 0 123 988 988 3023776 3023776 48399082.514699 48024839.938527 337854945.000000 0.000000 0.000000
 279 124 0 124 1144 1144 3045248 3045248 47679180.173345 47261706.133128 338806842.000000 0.000000 0.000000