# Format <LP id> <Terminal ID> <Total Data Size> <Aggregate packet latency> <# Flits/Packets finished> <Avg hops> <Busy Time>
 4 0 3061376 1553.052903 6904 2.441117 0.000000
 5 1 3039904 2941.952248 6748 2.272387 0.000000
 6 2 3039904 1923.192082 6748 2.585573 0.000000
 7 3 3007488 3328.155241 6488 2.392083 0.000000
 13 4 3039904 1776.179726 6748 2.549626 0.000000
 14 5 3007488 2689.314440 6488 2.386871 0.000000
 15 6 3007488 1835.290140 6488 2.367975 0.000000
 16 7 2963712 2667.934950 6072 2.166667 0.000000
 22 8 3039904 731.776741 6748 2.419755 0.000000
 23 9 3039904 2552.498542 6748 2.419755 0.000000
 24 10 3007488 1166.857131 6488 2.235950 0.000000
 25 11 3007488 2013.946926 6488 2.226503 0.000000
 31 12 3007488 1186.403055 6488 2.382636 0.000000
 32 13 3007488 1206.028608 6488 2.378400 0.000000
 33 14 2963712 1099.113005 6072 2.333333 0.000000
 34 15 2963712 1895.706180 6072 2.333333 0.000000
 40 16 3039904 814.773097 6748 2.259027 0.000000
 41 17 3039904 1348.088738 6748 2.272387 0.000000
 42 18 3007488 987.178962 6488 2.396319 0.000000
 43 19 3007488 1090.733699 6488 2.396319 0.000000
 49 20 3007488 1159.443863 6488 2.202395 0.000000
 50 21 3007488 1223.084511 6488 2.188712 0.000000
 51 22 2963712 1270.096308 6072 2.333333 0.000000
 52 23 2963712 1938.284112 6072 2.333333 0.000000
 58 24 3039904 1019.698617 6748 2.419755 0.000000
 59 25 3039904 1302.066385 6748 2.567123 0.000000
 60 26 3007488 1463.304795 6488 2.396319 0.000000
 61 27 3007488 2729.339653 6488 2.556687 0.000000
 67 28 3007488 1656.116523 6488 2.387848 0.000000
 68 29 3007488 2713.773908 6488 2.708584 0.000000
 69 30 2963712 1075.499969 6072 2.333333 0.000000
 70 31 2963712 1955.564206 6072 2.666667 0.000000
 76 32 3039904 926.313413 6748 2.401304 0.000000
 77 33 3061376 1054.835925 6904 2.383409 0.000000
 78 34 3007488 1015.030728 6488 2.381658 0.000000
 79 35 3039904 1867.781595 6748 2.368538 0.000000
 85 36 3007488 1037.430474 6488 2.551474 0.000000
 86 37 3039904 1466.701832 6748 2.418801 0.000000
 87 38 2963712 1244.324270 6072 2.666667 0.000000
 88 39 3007488 2165.945595 6488 2.532579 0.000000
 94 40 3039904 1262.437613 6748 2.706219 0.000000
 95 41 3007488 1352.012323 6488 2.547239 0.000000
 96 42 3039904 1402.052409 6748 2.407348 0.000000
 97 43 3007488 1389.166303 6488 2.226503 0.000000
 103 44 3007488 1288.183988 6488 2.202395 0.000000
 104 45 2963712 1159.336063 6072 2.333333 0.000000
 105 46 3007488 1370.912332 6488 2.055709 0.000000
 106 47 2963712 1731.689460 6072 2.166667 0.000000
 112 48 3039904 2378.224596 6748 2.073803 0.000000
 113 49 3007488 2444.960429 6488 2.221290 0.000000
 114 50 3039904 2190.509929 6748 2.073803 0.000000
 115 51 3007488 3775.095281 6488 2.217055 0.000000
 121 52 3007488 1124.700631 6488 2.230738 0.000000
 122 53 2963712 1730.124202 6072 2.333333 0.000000
 123 54 3007488 1734.784775 6488 2.217055 0.000000
 124 55 2963712 3404.919433 6072 2.333333 0.000000
 130 56 3039904 1242.153356 6748 2.227215 0.000000
 131 57 3007488 2554.026954 6488 2.202395 0.000000
 132 58 3039904 1511.049341 6748 2.540401 0.000000
 133 59 3007488 2034.334353 6488 2.532579 0.000000
 139 60 3007488 923.101919 6488 2.391106 0.000000
 140 61 2963712 1820.480119 6072 2.333333 0.000000
 141 62 3007488 1294.490314 6488 2.551474 0.000000
 142 63 2963712 1861.439525 6072 2.500000 0.000000
 148 64 3039904 1298.163063 6748 2.747256 0.000000
 149 65 3007488 1774.486342 6488 2.717055 0.000000
 150 66 3061376 1027.302468 6904 2.596440 0.000000
 151 67 3039904 1434.626362 6748 2.562033 0.000000
 157 68 3007488 1362.118368 6488 2.556687 0.000000
 158 69 2963712 1591.172980 6072 2.500000 0.000000
 159 70 3039904 1089.648139 6748 2.728805 0.000000
 160 71 3007488 2070.356798 6488 2.699137 0.000000
 166 72 3007488 1350.530517 6488 2.396319 0.000000
 167 73 3007488 2716.042807 6488 2.231715 0.000000
 168 74 3007488 1511.285892 6488 2.235950 0.000000
 169 75 3007488 2577.667543 6488 2.075582 0.000000
 175 76 2963712 1324.829825 6072 2.500000 0.000000
 176 77 2963712 1561.908009 6072 2.166667 0.000000
 177 78 2963712 942.154343 6072 2.166667 0.000000
 178 79 2963712 2128.405129 6072 1.833333 0.000000
 184 80 3007488 925.292296 6488 2.396319 0.000000
 185 81 3007488 1440.262146 6488 2.556687 0.000000
 186 82 3007488 1135.132979 6488 2.396319 0.000000
 187 83 3007488 1241.959166 6488 2.556687 0.000000
 193 84 2963712 967.898718 6072 2.333333 0.000000
 194 85 2963712 1014.269326 6072 2.666667 0.000000
 195 86 2963712 961.846546 6072 2.333333 0.000000
 196 87 2963712 1417.090431 6072 2.666667 0.000000
 202 88 3007488 945.452695 6488 2.386871 0.000000
 203 89 3007488 1860.463571 6488 2.396319 0.000000
 204 90 3007488 1113.281296 6488 2.543004 0.000000
 205 91 3007488 2037.086293 6488 2.556687 0.000000
 211 92 2963712 1136.460659 6072 2.166667 0.000000
 212 93 2963712 1087.149025 6072 2.166667 0.000000
 213 94 2963712 976.337072 6072 2.500000 0.000000
 214 95 2963712 2226.727015 6072 2.500000 0.000000
 220 96 3007488 2298.954639 6488 2.689689 0.000000
 221 97 3007488 1798.262625 6488 2.382636 0.000000
 222 98 3007488 1892.390306 6488 2.703372 0.000000
 223 99 3007488 1279.133221 6488 2.392083 0.000000
 229 100 2963712 1413.063003 6072 2.666667 0.000000
 230 101 2963712 1082.940386 6072 2.333333 0.000000
 231 102 2963712 1333.435488 6072 2.666667 0.000000
 232 103 2963712 1322.495091 6072 2.333333 0.000000
 238 104 3007488 1364.527961 6488 2.192947 0.000000
 239 105 3007488 1135.761281 6488 2.027366 0.000000
 240 106 3007488 853.742530 6488 1.876446 0.000000
 241 107 3007488 1426.693136 6488 1.706630 0.000000
 247 108 2963712 1077.505714 6072 2.666667 0.000000
 248 109 2963712 1089.510454 6072 2.333333 0.000000
 249 110 2963712 764.601357 6072 2.333333 0.000000
 250 111 2963712 1050.079222 6072 2.000000 0.000000
 256 112 3007488 939.901257 6488 2.386871 0.000000
 257 113 3039904 1482.674746 6748 2.738031 0.000000
 258 114 3007488 1003.271384 6488 2.226503 0.000000
 259 115 3039904 1116.395821 6748 2.581438 0.000000
 265 116 2963712 1005.658048 6072 2.333333 0.000000
 266 117 3007488 1633.784157 6488 2.551474 0.000000
 267 118 2963712 1216.579975 6072 2.333333 0.000000
 268 119 3007488 2480.436341 6488 2.551474 0.000000
 274 120 3007488 1359.249218 6488 2.066135 0.000000
 275 121 3007488 2119.417800 6488 2.386871 0.000000
 276 122 3007488 1261.785961 6488 2.377423 0.000000
 277 123 3007488 1588.716852 6488 2.693924 0.000000
 283 124 2963712 1118.864083 6072 2.000000 0.000000
 284 125 2963712 1145.040809 6072 2.333333 0.000000
 285 126 2963712 887.115436 6072 2.166667 0.000000
 286 127 2963712 1457.926900 6072 2.500000 0.000000
 292 128 3007488 1483.099862 6488 2.556687 0.000000
 293 129 3039904 2102.251832 6748 2.428980 0.000000
 294 130 3007488 1699.277252 6488 2.556687 0.000000
 295 131 3039904 2549.499420 6748 2.428980 0.000000
 301 132 2963712 1076.885312 6072 2.666667 0.000000
 302 133 3007488 1386.119119 6488 2.513683 0.000000
 303 134 2963712 1247.745682 6072 2.666667 0.000000
 304 135 3007488 2849.999734 6488 2.513683 0.000000
 310 136 3007488 1115.208879 6488 2.556687 0.000000
 311 137 3007488 1831.735871 6488 2.235950 0.000000
 312 138 3007488 1314.739300 6488 2.396319 0.000000
 313 139 3007488 1519.174731 6488 2.075582 0.000000
 319 140 2963712 1022.065636 6072 2.500000 0.000000
 320 141 2963712 1066.601693 6072 2.166667 0.000000
 321 142 2963712 861.521250 6072 2.166667 0.000000
 322 143 2963712 2193.590774 6072 1.833333 0.000000
 328 144 3007488 2320.577678 6488 2.211842 0.000000
 329 145 3007488 1790.805732 6488 2.542026 0.000000
 330 146 3007488 1339.450657 6488 2.207607 0.000000
 331 147 3007488 2209.658222 6488 2.542026 0.000000
 337 148 2963712 945.500908 6072 2.166667 0.000000
 338 149 2963712 996.352860 6072 2.333333 0.000000
 339 150 2963712 1199.359311 6072 2.000000 0.000000
 340 151 2963712 1474.008484 6072 2.166667 0.000000
 346 152 3007488 1486.487221 6488 2.392083 0.000000
 347 153 3007488 966.650432 6488 2.396319 0.000000
 348 154 3039904 1343.573481 6748 2.747256 0.000000
 349 155 3039904 1145.432811 6748 2.742166 0.000000
 355 156 2963712 973.000351 6072 2.333333 0.000000
 356 157 2963712 1054.588853 6072 2.333333 0.000000
 357 158 3007488 2738.155325 6488 2.707607 0.000000
 358 159 3007488 1374.940162 6488 2.694901 0.000000
 364 160 3007488 1205.505924 6488 2.707607 0.000000
 365 161 3007488 1524.862473 6488 2.386871 0.000000
 366 162 3039904 1034.794507 6748 2.557897 0.000000
 367 163 3039904 844.343867 6748 2.244711 0.000000
 373 164 2963712 1094.804262 6072 2.500000 0.000000
 374 165 2963712 987.127082 6072 2.166667 0.000000
 375 166 3007488 1437.786663 6488 2.551474 0.000000
 376 167 3007488 1490.497375 6488 2.230738 0.000000
 382 168 3007488 1992.873483 6488 2.698159 0.000000
 383 169 3007488 2816.406805 6488 2.377423 0.000000
 384 170 3007488 1649.631865 6488 2.386871 0.000000
 385 171 3007488 3350.690936 6488 2.066135 0.000000
 391 172 2963712 1217.572596 6072 2.333333 0.000000
 392 173 2963712 1780.886929 6072 2.166667 0.000000
 393 174 2963712 1440.379039 6072 2.166667 0.000000
 394 175 2963712 2720.327318 6072 2.000000 0.000000
 400 176 3007488 1038.823209 6488 2.060922 0.000000
 401 177 3039904 2194.306528 6748 2.415620 0.000000
 402 178 3007488 1198.136722 6488 2.221290 0.000000
 403 179 3039904 1596.047679 6748 2.576348 0.000000
 409 180 2963712 917.801169 6072 2.166667 0.000000
 410 181 3007488 1384.023986 6488 2.551474 0.000000
 411 182 2963712 902.245370 6072 2.166667 0.000000
 412 183 3007488 1637.058161 6488 2.556687 0.000000
 418 184 3007488 749.291922 6488 1.886871 0.000000
 419 185 3007488 1088.777528 6488 2.043004 0.000000
 420 186 3039904 1002.078485 6748 2.259027 0.000000
 421 187 3039904 881.411211 6748 2.419755 0.000000
 427 188 2963712 934.566032 6072 2.000000 0.000000
 428 189 2963712 853.986075 6072 2.333333 0.000000
 429 190 3007488 916.880979 6488 2.386871 0.000000
 430 191 3007488 1571.299604 6488 2.717055 0.000000
 436 192 3007488 2133.440225 6488 2.556687 0.000000
 437 193 3039904 1853.089077 6748 2.742166 0.000000
 438 194 3039904 1018.848735 6748 2.576348 0.000000
 439 195 3061376 1224.557097 6904 2.755841 0.000000
 445 196 2963712 1081.501363 6072 2.666667 0.000000
 446 197 3007488 1223.276004 6488 2.703372 0.000000
 447 198 3007488 1111.367235 6488 2.537791 0.000000
 448 199 3039904 1189.294239 6748 2.568077 0.000000
 454 200 3039904 1381.381310 6748 2.729760 0.000000
 455 201 3007488 2278.140486 6488 2.702395 0.000000
 456 202 3007488 1599.592021 6488 2.717055 0.000000
 457 203 2963712 1399.851128 6072 2.666667 0.000000
 463 204 3039904 1080.440809 6748 2.434070 0.000000
 464 205 3007488 3137.439050 6488 2.378400 0.000000
 465 206 3007488 1138.552944 6488 2.235950 0.000000
 466 207 2963712 2455.798593 6072 2.166667 0.000000
 472 208 3039904 1553.881376 6748 2.424845 0.000000
 473 209 3007488 2234.764100 6488 2.211842 0.000000
 474 210 3007488 1535.342603 6488 2.235950 0.000000
 475 211 2963712 2008.151575 6072 2.000000 0.000000
 481 212 3039904 1209.955730 6748 2.263162 0.000000
 482 213 3007488 1278.671402 6488 2.212820 0.000000
 483 214 3007488 1730.583491 6488 2.396319 0.000000
 484 215 2963712 1993.340068 6072 2.333333 0.000000
 490 216 3039904 1989.433527 6748 2.253937 0.000000
 491 217 3007488 2167.715385 6488 2.216078 0.000000
 492 218 3007488 2612.090689 6488 2.396319 0.000000
 493 219 2963712 2610.040978 6072 2.333333 0.000000
 499 220 3039904 2179.698672 6748 2.577302 0.000000
 500 221 3007488 3137.718578 6488 2.538769 0.000000
 501 222 3007488 1640.186391 6488 2.556687 0.000000
 502 223 2963712 3080.353882 6072 2.500000 0.000000
 508 224 3039904 1045.084432 6748 2.590663 0.000000
 509 225 3007488 1478.566730 6488 2.548216 0.000000
 510 226 3007488 1227.713985 6488 2.556687 0.000000
 511 227 2963712 1449.396314 6072 2.500000 0.000000
 517 228 3061376 1050.325902 6904 2.755841 0.000000
 518 229 3039904 910.083965 6748 2.428980 0.000000
 519 230 3039904 1256.770074 6748 2.572213 0.000000
 520 231 3007488 1237.137459 6488 2.226503 0.000000
 526 232 3007488 1208.387604 6488 2.693924 0.000000
 527 233 3007488 1011.226234 6488 2.377423 0.000000
 528 234 2963712 1422.098046 6072 2.666667 0.000000
 529 235 2963712 762.610631 6072 2.333333 0.000000
 535 236 3007488 771.798292 6488 2.055709 0.000000
 536 237 3007488 1145.125942 6488 1.734973 0.000000
 537 238 2963712 1096.743099 6072 2.333333 0.000000
 538 239 2963712 1386.580610 6072 2.000000 0.000000
 544 240 3007488 1595.997805 6488 2.208584 0.000000
 545 241 3007488 2418.913763 6488 2.533556 0.000000
 546 242 2963712 1344.490419 6072 2.333333 0.000000
 547 243 2963712 2125.457734 6072 2.666667 0.000000
 553 244 3007488 1768.221130 6488 2.381658 0.000000
 554 245 3007488 2518.208147 6488 2.692947 0.000000
 555 246 2963712 1574.251355 6072 2.333333 0.000000
 556 247 2963712 1626.837781 6072 2.666667 0.000000
 562 248 3007488 830.539664 6488 2.217055 0.000000
 563 249 3007488 1123.654752 6488 2.377423 0.000000
 564 250 2963712 738.219788 6072 2.166667 0.000000
 565 251 2963712 1561.937642 6072 2.333333 0.000000
 571 252 3007488 1120.054279 6488 2.551474 0.000000
 572 253 3007488 1877.567464 6488 2.551474 0.000000
 573 254 2963712 1240.501579 6072 2.666667 0.000000
 574 255 2963712 2014.607336 6072 2.666667 0.000000
 580 256 3007488 1330.777579 6488 2.551474 0.000000
 581 257 3007488 2055.596383 6488 2.230738 0.000000
 582 258 2963712 1072.038174 6072 2.500000 0.000000
 583 259 2963712 2468.871819 6072 2.166667 0.000000
 589 260 3007488 1066.923255 6488 2.537791 0.000000
 590 261 3007488 1084.816039 6488 2.217055 0.000000
 591 262 2963712 1273.136153 6072 2.500000 0.000000
 592 263 2963712 1511.039069 6072 2.166667 0.000000
 598 264 3007488 2698.311530 6488 2.711842 0.000000
 599 265 3007488 2881.979565 6488 2.391106 0.000000
 600 266 2963712 2058.645091 6072 2.666667 0.000000
 601 267 2963712 3081.700866 6072 2.333333 0.000000
 607 268 3007488 1480.487766 6488 2.387848 0.000000
 608 269 3007488 3870.893484 6488 2.067112 0.000000
 609 270 2963712 1623.055382 6072 2.333333 0.000000
 610 271 2963712 2504.767251 6072 2.000000 0.000000
 616 272 3007488 819.889618 6488 2.230738 0.000000
 617 273 3039904 1381.439986 6748 2.576348 0.000000
 618 274 2963712 1107.977629 6072 2.333333 0.000000
 619 275 3007488 1682.910375 6488 2.717055 0.000000
 625 276 3007488 1314.171767 6488 2.207607 0.000000
 626 277 3039904 952.491241 6748 2.563941 0.000000
 627 278 2963712 948.518409 6072 2.166667 0.000000
 628 279 3007488 1310.939222 6488 2.556687 0.000000
 634 280 3007488 1021.041403 6488 1.895341 0.000000
 635 281 3007488 1648.120994 6488 2.051474 0.000000
 636 282 2963712 1157.433478 6072 2.000000 0.000000
 637 283 2963712 1919.758450 6072 2.166667 0.000000
 643 284 3007488 966.295400 6488 2.387848 0.000000
 644 285 3007488 1527.385603 6488 2.699137 0.000000
 645 286 2963712 927.982110 6072 2.333333 0.000000
 646 287 2963712 1843.941345 6072 2.666667 0.000000
 652 288 3007488 1369.479016 6488 2.377423 0.000000
 653 289 3039904 1507.196404 6748 2.568077 0.000000
 654 290 2963712 1429.390719 6072 2.333333 0.000000
 655 291 3007488 2219.598314 6488 2.556687 0.000000
 661 292 3007488 1679.719375 6488 2.551474 0.000000
 662 293 3039904 1235.582046 6748 2.580484 0.000000
 663 294 2963712 1296.183364 6072 2.666667 0.000000
 664 295 3007488 1467.992584 6488 2.717055 0.000000
 670 296 3007488 1133.620458 6488 2.712820 0.000000
 671 297 3007488 1976.556590 6488 2.387848 0.000000
 672 298 2963712 1516.509557 6072 2.666667 0.000000
 673 299 2963712 1948.392160 6072 2.333333 0.000000
 679 300 3007488 1257.640603 6488 2.221290 0.000000
 680 301 3007488 1606.567713 6488 1.895341 0.000000
 681 302 2963712 758.855339 6072 2.333333 0.000000
 682 303 2963712 1081.691816 6072 2.000000 0.000000
 688 304 3007488 1172.086711 6488 2.037791 0.000000
 689 305 3007488 1313.641973 6488 2.362763 0.000000
 690 306 2963712 808.294594 6072 2.166667 0.000000
 691 307 2963712 1380.596161 6072 2.500000 0.000000
 697 308 3007488 986.264833 6488 2.221290 0.000000
 698 309 3007488 1242.892201 6488 2.532579 0.000000
 699 310 2963712 940.411579 6072 2.333333 0.000000
 700 311 2963712 2189.081194 6072 2.666667 0.000000
 706 312 3007488 1414.136576 6488 2.387848 0.000000
 707 313 3007488 1278.214101 6488 2.387848 0.000000
 708 314 2963712 948.830390 6072 2.333333 0.000000
 709 315 2963712 1448.348951 6072 2.333333 0.000000
 715 316 3039904 1003.132339 6748 2.419755 0.000000
 716 317 3039904 1355.579304 6748 2.585573 0.000000
 717 318 3007488 1297.675143 6488 2.396319 0.000000
 718 319 3007488 1174.766211 6488 2.556687 0.000000
 724 320 3007488 1330.725491 6488 2.717055 0.000000
 725 321 3007488 1023.153865 6488 2.396319 0.000000
 726 322 2963712 1200.082250 6072 2.500000 0.000000
 727 323 2963712 1652.364970 6072 2.166667 0.000000
 733 324 3039904 1710.010434 6748 2.581438 0.000000
 734 325 3039904 1164.114642 6748 2.434070 0.000000
 735 326 3007488 990.547798 6488 2.543004 0.000000
 736 327 3007488 915.709024 6488 2.392083 0.000000
 742 328 3007488 2637.023155 6488 2.717055 0.000000
 743 329 3007488 2590.639902 6488 2.396319 0.000000
 744 330 2963712 1248.623140 6072 2.500000 0.000000
 745 331 2963712 1517.797006 6072 2.166667 0.000000
 751 332 3007488 949.481154 6488 2.396319 0.000000
 752 333 3007488 1800.375913 6488 2.075582 0.000000
 753 334 2963712 1246.451676 6072 2.333333 0.000000
 754 335 2963712 1072.497493 6072 2.000000 0.000000
 760 336 3007488 1975.805040 6488 2.396319 0.000000
 761 337 3039904 2317.547297 6748 2.747256 0.000000
 762 338 2963712 1732.684924 6072 2.333333 0.000000
 763 339 3007488 2603.398249 6488 2.711842 0.000000
 769 340 3007488 1646.028948 6488 2.386871 0.000000
 770 341 3039904 1602.711858 6748 2.747256 0.000000
 771 342 2963712 1626.793113 6072 2.333333 0.000000
 772 343 3007488 1663.014765 6488 2.699137 0.000000
 778 344 3007488 732.478627 6488 1.900554 0.000000
 779 345 3007488 987.465381 6488 2.217055 0.000000
 780 346 2963712 1652.800313 6072 1.833333 0.000000
 781 347 2963712 1191.535741 6072 2.166667 0.000000
 787 348 3039904 1082.492959 6748 2.434070 0.000000
 788 349 3039904 1407.617910 6748 2.738031 0.000000
 789 350 3007488 940.786386 6488 2.386871 0.000000
 790 351 3007488 1724.261612 6488 2.707607 0.000000
 796 352 3007488 1746.253968 6488 2.717055 0.000000
 797 353 3039904 1956.261657 6748 2.747256 0.000000
 798 354 2963712 1159.727937 6072 2.666667 0.000000
 799 355 3007488 1489.467075 6488 2.712820 0.000000
 805 356 3039904 1316.233423 6748 2.576348 0.000000
 806 357 3061376 908.330763 6904 2.596440 0.000000
 807 358 3007488 1182.421918 6488 2.542026 0.000000
 808 359 3039904 1239.281626 6748 2.572213 0.000000
 814 360 3007488 1325.705848 6488 2.556687 0.000000
 815 361 2963712 1185.164823 6072 2.500000 0.000000
 816 362 3007488 1690.743135 6488 2.226503 0.000000
 817 363 2963712 1460.240117 6072 2.166667 0.000000
 823 364 3007488 1035.745644 6488 2.235950 0.000000
 824 365 2963712 1520.026820 6072 2.000000 0.000000
 825 366 3007488 1224.185382 6488 2.071347 0.000000
 826 367 2963712 1671.350901 6072 1.833333 0.000000
 832 368 3007488 1492.434961 6488 2.386871 0.000000
 833 369 2963712 1146.065243 6072 2.333333 0.000000
 834 370 3007488 1695.146104 6488 2.547239 0.000000
 835 371 2963712 1241.906827 6072 2.500000 0.000000
 841 372 3007488 1140.254427 6488 2.396319 0.000000
 842 373 2963712 1399.231948 6072 2.333333 0.000000
 843 374 3007488 1829.897213 6488 2.547239 0.000000
 844 375 2963712 2160.503820 6072 2.500000 0.000000
 850 376 3007488 1371.269608 6488 2.235950 0.000000
 851 377 2963712 1290.270748 6072 2.166667 0.000000
 852 378 3007488 1569.053698 6488 2.396319 0.000000
 853 379 2963712 1473.187681 6072 2.333333 0.000000
 859 380 3007488 1150.938484 6488 2.717055 0.000000
 860 381 2963712 1106.727101 6072 2.500000 0.000000
 861 382 3007488 999.781929 6488 2.717055 0.000000
 862 383 2963712 1413.659229 6072 2.500000 0.000000
 868 384 3007488 4033.934859 6488 2.711842 0.000000
 869 385 2963712 3371.758206 6072 2.500000 0.000000
 870 386 3007488 2564.371056 6488 2.391106 0.000000
 871 387 2963712 2316.495360 6072 2.166667 0.000000
 877 388 3007488 1759.665678 6488 2.543981 0.000000
 878 389 2963712 2213.515549 6072 2.500000 0.000000
 879 390 3007488 1326.840223 6488 2.227480 0.000000
 880 391 2963712 1336.553592 6072 2.166667 0.000000
 886 392 3007488 1423.438517 6488 2.381658 0.000000
 887 393 2963712 1678.794010 6072 2.500000 0.000000
 888 394 3007488 1450.317787 6488 2.230738 0.000000
 889 395 2963712 1553.494486 6072 2.333333 0.000000
 895 396 3007488 1363.795742 6488 2.212820 0.000000
 896 397 2963712 1106.708374 6072 2.000000 0.000000
 897 398 3007488 892.368169 6488 2.056687 0.000000
 898 399 2963712 1078.190237 6072 1.833333 0.000000
 904 400 3007488 1057.312039 6488 2.391106 0.000000
 905 401 2963712 1129.025973 6072 2.333333 0.000000
 906 402 3039904 1112.033963 6748 2.742166 0.000000
 907 403 3007488 1656.704896 6488 2.717055 0.000000
 913 404 3007488 1320.427171 6488 2.218032 0.000000
 914 405 2963712 1306.548641 6072 2.166667 0.000000
 915 406 3039904 960.621422 6748 2.577302 0.000000
 916 407 3007488 2118.577331 6488 2.547239 0.000000
 922 408 3007488 2475.848684 6488 1.734973 0.000000
 923 409 2963712 2136.523837 6072 2.000000 0.000000
 924 410 3007488 2320.799292 6488 2.051474 0.000000
 925 411 2963712 2605.407263 6072 2.333333 0.000000
 931 412 3007488 926.825232 6488 2.377423 0.000000
 932 413 2963712 1409.701067 6072 2.333333 0.000000
 933 414 3007488 1250.040037 6488 2.688712 0.000000
 934 415 2963712 1577.319725 6072 2.666667 0.000000
 940 416 3007488 1122.404480 6488 2.548216 0.000000
 941 417 2963712 1761.632968 6072 2.500000 0.000000
 942 418 3039904 1138.181111 6748 2.573167 0.000000
 943 419 3007488 1594.395340 6488 2.547239 0.000000
 949 420 3007488 1796.973878 6488 2.711842 0.000000
 950 421 2963712 1415.645731 6072 2.666667 0.000000
 951 422 3039904 1618.439580 6748 2.576348 0.000000
 952 423 3007488 1229.680565 6488 2.547239 0.000000
 958 424 3007488 2484.256139 6488 2.675029 0.000000
 959 425 2963712 1844.369401 6072 2.666667 0.000000
 960 426 3007488 1120.492371 6488 2.358527 0.000000
 961 427 2963712 984.843728 6072 2.333333 0.000000
 967 428 3007488 1056.653487 6488 2.221290 0.000000
 968 429 2963712 903.786856 6072 2.333333 0.000000
 969 430 3007488 729.173759 6488 1.905766 0.000000
 970 431 2963712 956.991925 6072 2.000000 0.000000
 976 432 3007488 1853.792245 6488 2.227480 0.000000
 977 433 2963712 1845.875154 6072 2.166667 0.000000
 978 434 3007488 1028.686531 6488 2.548216 0.000000
 979 435 2963712 1615.051836 6072 2.500000 0.000000
 985 436 3007488 1315.754930 6488 2.391106 0.000000
 986 437 2963712 2284.976998 6072 2.333333 0.000000
 987 438 3007488 1480.963517 6488 2.702395 0.000000
 988 439 2963712 1822.120768 6072 2.666667 0.000000
 994 440 3007488 1398.566747 6488 2.373188 0.000000
 995 441 2963712 1073.731884 6072 2.333333 0.000000
 996 442 3007488 1103.102498 6488 2.217055 0.000000
 997 443 2963712 1132.201168 6072 2.166667 0.000000
 1003 444 3039904 1178.780483 6748 2.428980 0.000000
 1004 445 3007488 1323.955196 6488 2.556687 0.000000
 1005 446 3039904 1309.239239 6748 2.585573 0.000000
 1006 447 3007488 1475.733870 6488 2.717055 0.000000
 1012 448 3007488 1097.633424 6488 2.556687 0.000000
 1013 449 2963712 972.358206 6072 2.166667 0.000000
 1014 450 3007488 1349.513253 6488 2.396319 0.000000
 1015 451 2963712 1345.867749 6072 2.000000 0.000000
 1021 452 3039904 1632.476980 6748 2.567123 0.000000
 1022 453 3007488 1213.123764 6488 2.523131 0.000000
 1023 454 3039904 1009.874922 6748 2.244711 0.000000
 1024 455 3007488 1663.032732 6488 2.192947 0.000000
 1030 456 3007488 1922.649232 6488 2.707607 0.000000
 1031 457 2963712 1828.201528 6072 2.666667 0.000000
 1032 458 3007488 1910.543883 6488 2.396319 0.000000
 1033 459 2963712 2388.335952 6072 2.333333 0.000000
 1039 460 3007488 1253.746152 6488 2.392083 0.000000
 1040 461 2963712 1410.354398 6072 2.166667 0.000000
 1041 462 3007488 983.327021 6488 2.075582 0.000000
 1042 463 2963712 1680.396532 6072 1.833333 0.000000
 1048 464 3007488 1329.502526 6488 2.396319 0.000000
 1049 465 2963712 1061.318627 6072 2.166667 0.000000
 1050 466 3039904 1145.466358 6748 2.585573 0.000000
 1051 467 3007488 1332.480595 6488 2.391106 0.000000
 1057 468 3007488 1133.006277 6488 2.386871 0.000000
 1058 469 2963712 926.120614 6072 2.333333 0.000000
 1059 470 3039904 1335.799530 6748 2.738031 0.000000
 1060 471 3007488 1707.152452 6488 2.703372 0.000000
 1066 472 3007488 1263.988545 6488 1.900554 0.000000
 1067 473 2963712 1127.061891 6072 2.000000 0.000000
 1068 474 3007488 1127.597837 6488 2.217055 0.000000
 1069 475 2963712 942.222005 6072 2.333333 0.000000
 1075 476 3039904 1165.468190 6748 2.263162 0.000000
 1076 477 3007488 1241.213486 6488 2.217055 0.000000
 1077 478 3039904 1153.741137 6748 2.410530 0.000000
 1078 479 3007488 1518.138380 6488 2.377423 0.000000
 1084 480 3007488 2277.126855 6488 2.717055 0.000000
 1085 481 2963712 1361.968230 6072 2.666667 0.000000
 1086 482 3039904 1269.390851 6748 2.738031 0.000000
 1087 483 3007488 1843.430680 6488 2.703372 0.000000
 1093 484 3039904 1879.858621 6748 2.581438 0.000000
 1094 485 3007488 971.235553 6488 2.386871 0.000000
 1095 486 3061376 1279.741398 6904 2.760859 0.000000
 1096 487 3039904 1069.519399 6748 2.576348 0.000000
 1102 488 2963712 1465.426257 6072 2.500000 0.000000
 1103 489 2963712 1020.754380 6072 2.166667 0.000000
 1104 490 2963712 806.330889 6072 2.166667 0.000000
 1105 491 2963712 961.749013 6072 1.833333 0.000000
 1111 492 2963712 1080.627981 6072 2.500000 0.000000
 1112 493 2963712 1076.192400 6072 2.333333 0.000000
 1113 494 2963712 919.333077 6072 2.166667 0.000000
 1114 495 2963712 1256.864046 6072 2.000000 0.000000
 1120 496 2963712 834.578493 6072 2.333333 0.000000
 1121 497 2963712 1442.781376 6072 2.666667 0.000000
 1122 498 2963712 760.849556 6072 2.333333 0.000000
 1123 499 2963712 1004.631854 6072 2.666667 0.000000
 1129 500 2963712 782.954357 6072 2.333333 0.000000
 1130 501 2963712 1630.717833 6072 2.666667 0.000000
 1131 502 2963712 871.370338 6072 2.333333 0.000000
 1132 503 2963712 1208.137409 6072 2.666667 0.000000
 1138 504 2963712 867.385472 6072 2.166667 0.000000
 1139 505 2963712 1235.477572 6072 2.166667 0.000000
 1140 506 2963712 1249.238566 6072 2.500000 0.000000
 1141 507 2963712 1767.441675 6072 2.500000 0.000000
 1147 508 2963712 1068.448193 6072 2.333333 0.000000
 1148 509 2963712 1758.013539 6072 2.333333 0.000000
 1149 510 2963712 906.890669 6072 2.666667 0.000000
 1150 511 2963712 1859.751354 6072 2.666667 0.000000
 1156 512 2963712 1468.501383 6072 2.666667 0.000000
 1157 513 2963712 2129.491097 6072 2.666667 0.000000
 1158 514 2963712 1172.747888 6072 2.666667 0.000000
 1159 515 2963712 1089.756844 6072 2.666667 0.000000
 1165 516 2963712 1316.977433 6072 2.333333 0.000000
 1166 517 2963712 2342.786101 6072 2.166667 0.000000
 1167 518 2963712 1642.212932 6072 2.333333 0.000000
 1168 519 2963712 1623.821551 6072 2.166667 0.000000
 1174 520 2963712 1137.243974 6072 2.666667 0.000000
 1175 521 2963712 1069.902749 6072 2.333333 0.000000
 1176 522 2963712 1028.322619 6072 2.333333 0.000000
 1177 523 2963712 837.723315 6072 2.000000 0.000000
 1183 524 2963712 1037.109754 6072 2.500000 0.000000
 1184 525 2963712 992.291316 6072 2.333333 0.000000
 1185 526 2963712 799.743745 6072 2.166667 0.000000
 1186 527 2963712 1459.500073 6072 2.000000 0.000000
 1192 528 2963712 818.387010 6072 2.166667 0.000000
 1193 529 2963712 1884.425584 6072 2.500000 0.000000
 1194 530 2963712 873.875663 6072 2.166667 0.000000
 1195 531 2963712 1958.918541 6072 2.500000 0.000000
 1201 532 2963712 878.044930 6072 2.333333 0.000000
 1202 533 2963712 2531.302887 6072 2.666667 0.000000
 1203 534 2963712 1046.332573 6072 2.333333 0.000000
 1204 535 2963712 1785.946295 6072 2.666667 0.000000
 1210 536 2963712 948.065048 6072 2.166667 0.000000
 1211 537 2963712 1238.980298 6072 2.166667 0.000000
 1212 538 2963712 1063.231523 6072 2.500000 0.000000
 1213 539 2963712 1313.921603 6072 2.500000 0.000000
 1219 540 2963712 907.077811 6072 2.166667 0.000000
 1220 541 2963712 962.244007 6072 2.166667 0.000000
 1221 542 2963712 905.962930 6072 2.500000 0.000000
 1222 543 2963712 1407.427380 6072 2.500000 0.000000
 1228 544 2963712 793.770933 6072 2.000000 0.000000
 1229 545 2963712 1194.828654 6072 2.166667 0.000000
 1230 546 2963712 2006.551521 6072 2.166667 0.000000
 1231 547 2963712 1110.948986 6072 2.333333 0.000000
 1237 548 2963712 1026.909826 6072 2.666667 0.000000
 1238 549 2963712 2161.376670 6072 2.666667 0.000000
 1239 550 2963712 2707.498314 6072 2.666667 0.000000
 1240 551 2963712 1854.883092 6072 2.666667 0.000000
 1246 552 2963712 1423.835773 6072 2.666667 0.000000
 1247 553 2963712 2417.564069 6072 2.333333 0.000000
 1248 554 2963712 1111.721525 6072 2.333333 0.000000
 1249 555 2963712 2218.950449 6072 2.000000 0.000000
 1255 556 2963712 1714.651949 6072 2.666667 0.000000
 1256 557 2963712 4054.687077 6072 2.333333 0.000000
 1257 558 2963712 1221.681908 6072 2.333333 0.000000
 1258 559 2963712 2364.661332 6072 2.000000 0.000000
 1264 560 2963712 757.090859 6072 2.333333 0.000000
 1265 561 3007488 1363.931684 6488 2.712820 0.000000
 1266 562 2963712 919.153065 6072 2.333333 0.000000
 1267 563 3007488 1885.415171 6488 2.717055 0.000000
 1273 564 2963712 948.536784 6072 2.333333 0.000000
 1274 565 3007488 1181.942602 6488 2.717055 0.000000
 1275 566 2963712 1265.706211 6072 2.166667 0.000000
 1276 567 3007488 1329.847039 6488 2.556687 0.000000
 1282 568 2963712 1128.851476 6072 2.333333 0.000000
 1283 569 2963712 1644.838884 6072 2.333333 0.000000
 1284 570 2963712 927.624613 6072 2.666667 0.000000
 1285 571 2963712 1196.138951 6072 2.666667 0.000000
 1291 572 2963712 836.164572 6072 2.166667 0.000000
 1292 573 2963712 1724.817563 6072 2.166667 0.000000
 1293 574 2963712 1180.298395 6072 2.500000 0.000000
 1294 575 2963712 1102.665804 6072 2.500000 0.000000
 1300 576 2963712 1379.590851 6072 2.666667 0.000000
 1301 577 3007488 2388.295901 6488 2.711842 0.000000
 1302 578 2963712 1811.382961 6072 2.666667 0.000000
 1303 579 3007488 2953.284722 6488 2.711842 0.000000
 1309 580 2963712 1442.158039 6072 2.333333 0.000000
 1310 581 3007488 3314.902401 6488 2.552452 0.000000
 1311 582 2963712 1692.668158 6072 2.500000 0.000000
 1312 583 3007488 2350.975036 6488 2.712820 0.000000
 1318 584 2963712 1280.394957 6072 2.666667 0.000000
 1319 585 2963712 1134.174508 6072 2.333333 0.000000
 1320 586 2963712 758.511231 6072 2.333333 0.000000
 1321 587 2963712 1044.382534 6072 2.000000 0.000000
 1327 588 2963712 963.898560 6072 2.500000 0.000000
 1328 589 2963712 732.108449 6072 2.166667 0.000000
 1329 590 2963712 829.542094 6072 2.166667 0.000000
 1330 591 2963712 647.694534 6072 1.833333 0.000000
 1336 592 2963712 790.322669 6072 2.333333 0.000000
 1337 593 3007488 905.793503 6488 2.717055 0.000000
 1338 594 2963712 1112.259907 6072 2.333333 0.000000
 1339 595 3007488 1656.956589 6488 2.707607 0.000000
 1345 596 2963712 917.383703 6072 2.333333 0.000000
 1346 597 3007488 1353.679551 6488 2.698159 0.000000
 1347 598 2963712 837.829773 6072 2.333333 0.000000
 1348 599 3007488 1249.808081 6488 2.693924 0.000000
 1354 600 2963712 1042.120392 6072 2.333333 0.000000
 1355 601 2963712 1642.650436 6072 2.333333 0.000000
 1356 602 2963712 1534.417776 6072 2.333333 0.000000
 1357 603 2963712 2202.650515 6072 2.333333 0.000000
 1363 604 2963712 1094.774060 6072 2.333333 0.000000
 1364 605 2963712 942.138604 6072 2.333333 0.000000
 1365 606 2963712 1248.771966 6072 2.666667 0.000000
 1366 607 2963712 1686.990643 6072 2.666667 0.000000
 1372 608 2963712 1011.472741 6072 2.666667 0.000000
 1373 609 3007488 1488.135168 6488 2.712820 0.000000
 1374 610 2963712 1685.165711 6072 2.666667 0.000000
 1375 611 3007488 1834.973226 6488 2.712820 0.000000
 1381 612 2963712 1126.739082 6072 2.666667 0.000000
 1382 613 3007488 2276.524818 6488 2.717055 0.000000
 1383 614 2963712 1262.769025 6072 2.666667 0.000000
 1384 615 3007488 1355.717526 6488 2.717055 0.000000
 1390 616 2963712 953.328360 6072 2.500000 0.000000
 1391 617 2963712 1040.129917 6072 2.166667 0.000000
 1392 618 2963712 1114.555266 6072 2.166667 0.000000
 1393 619 2963712 1359.217427 6072 1.833333 0.000000
 1399 620 2963712 1407.934804 6072 2.500000 0.000000
 1400 621 2963712 1230.572059 6072 2.333333 0.000000
 1401 622 2963712 969.984933 6072 2.166667 0.000000
 1402 623 2963712 1235.832759 6072 2.000000 0.000000
 1408 624 2963712 2650.201690 6072 2.166667 0.000000
 1409 625 2963712 2326.951994 6072 2.500000 0.000000
 1410 626 2963712 1523.133615 6072 2.000000 0.000000
 1411 627 2963712 1749.893767 6072 2.333333 0.000000
 1417 628 2963712 1206.613696 6072 2.333333 0.000000
 1418 629 2963712 1362.571834 6072 2.333333 0.000000
 1419 630 2963712 1699.942537 6072 2.333333 0.000000
 1420 631 2963712 1256.920267 6072 2.333333 0.000000
 1426 632 2963712 994.245113 6072 2.333333 0.000000
 1427 633 2963712 971.856441 6072 2.333333 0.000000
 1428 634 3007488 1083.949701 6488 2.684476 0.000000
 1429 635 3007488 1149.538135 6488 2.698159 0.000000
 1435 636 2963712 985.513239 6072 2.333333 0.000000
 1436 637 2963712 1404.102617 6072 2.333333 0.000000
 1437 638 3007488 1419.355572 6488 2.361785 0.000000
 1438 639 3007488 1487.936927 6488 2.357550 0.000000
 1444 640 2963712 1047.494737 6072 2.500000 0.000000
 1445 641 2963712 1105.600125 6072 2.500000 0.000000
 1446 642 3007488 1178.922801 6488 2.537791 0.000000
 1447 643 3007488 1295.344823 6488 2.528343 0.000000
 1453 644 2963712 1106.038819 6072 2.666667 0.000000
 1454 645 2963712 1330.034917 6072 2.666667 0.000000
 1455 646 3007488 1085.495831 6488 2.707607 0.000000
 1456 647 3007488 2215.312574 6488 2.707607 0.000000
 1462 648 2963712 2137.362543 6072 2.666667 0.000000
 1463 649 2963712 1077.821981 6072 2.333333 0.000000
 1464 650 2963712 2850.345830 6072 2.333333 0.000000
 1465 651 2963712 1809.355607 6072 2.000000 0.000000
 1471 652 2963712 1292.099224 6072 2.500000 0.000000
 1472 653 2963712 1603.595365 6072 2.166667 0.000000
 1473 654 2963712 807.285512 6072 2.166667 0.000000
 1474 655 2963712 1185.902850 6072 1.833333 0.000000
 1480 656 2963712 897.920558 6072 2.333333 0.000000
 1481 657 2963712 1157.823326 6072 2.666667 0.000000
 1482 658 2963712 1017.924093 6072 2.333333 0.000000
 1483 659 2963712 1416.344644 6072 2.666667 0.000000
 1489 660 2963712 984.265200 6072 2.166667 0.000000
 1490 661 2963712 1190.018316 6072 2.500000 0.000000
 1491 662 2963712 806.158490 6072 2.000000 0.000000
 1492 663 2963712 1335.578459 6072 2.333333 0.000000
 1498 664 2963712 1043.425418 6072 2.333333 0.000000
 1499 665 2963712 1257.603857 6072 2.333333 0.000000
 1500 666 3007488 1048.355994 6488 2.698159 0.000000
 1501 667 3007488 1187.630681 6488 2.717055 0.000000
 1507 668 2963712 959.472530 6072 2.333333 0.000000
 1508 669 2963712 948.289707 6072 2.333333 0.000000
 1509 670 3007488 1148.815789 6488 2.537791 0.000000
 1510 671 3007488 1182.717308 6488 2.537791 0.000000
 1516 672 2963712 1118.360754 6072 2.666667 0.000000
 1517 673 2963712 1861.351856 6072 2.666667 0.000000
 1518 674 3007488 1648.059564 6488 2.532579 0.000000
 1519 675 3007488 1791.558691 6488 2.518896 0.000000
 1525 676 2963712 1051.682044 6072 2.500000 0.000000
 1526 677 2963712 1717.657602 6072 2.500000 0.000000
 1527 678 3007488 1296.212760 6488 2.703372 0.000000
 1528 679 3007488 1639.727501 6488 2.707607 0.000000
 1534 680 2963712 1211.549251 6072 2.666667 0.000000
 1535 681 2963712 1235.932259 6072 2.333333 0.000000
 1536 682 2963712 1323.612130 6072 2.333333 0.000000
 1537 683 2963712 2301.305210 6072 2.000000 0.000000
 1543 684 2963712 920.931562 6072 2.333333 0.000000
 1544 685 2963712 946.301471 6072 2.333333 0.000000
 1545 686 2963712 968.359929 6072 2.000000 0.000000
 1546 687 2963712 1062.517580 6072 2.000000 0.000000
 1552 688 2963712 851.923705 6072 2.166667 0.000000
 1553 689 3007488 1110.138191 6488 2.373188 0.000000
 1554 690 2963712 1164.689735 6072 2.166667 0.000000
 1555 691 3007488 1617.798911 6488 2.367975 0.000000
 1561 692 2963712 2310.238218 6072 2.333333 0.000000
 1562 693 3007488 1331.494366 6488 2.711842 0.000000
 1563 694 2963712 981.073699 6072 2.333333 0.000000
 1564 695 3007488 1375.766540 6488 2.707607 0.000000
 1570 696 2963712 1317.151507 6072 2.333333 0.000000
 1571 697 2963712 2246.232206 6072 2.166667 0.000000
 1572 698 3007488 2420.580321 6488 2.708584 0.000000
 1573 699 3007488 2870.927009 6488 2.552452 0.000000
 1579 700 2963712 1208.552250 6072 2.333333 0.000000
 1580 701 2963712 1528.787340 6072 2.333333 0.000000
 1581 702 3007488 1524.657074 6488 2.702395 0.000000
 1582 703 3007488 2237.223623 6488 2.711842 0.000000
 1588 704 2963712 1096.086940 6072 2.500000 0.000000
 1589 705 3007488 1539.217896 6488 2.717055 0.000000
 1590 706 3007488 1122.459365 6488 2.367975 0.000000
 1591 707 3039904 1142.220199 6748 2.572213 0.000000
 1597 708 2963712 941.035846 6072 2.666667 0.000000
 1598 709 3007488 1072.149824 6488 2.712820 0.000000
 1599 710 3007488 1217.038878 6488 2.703372 0.000000
 1600 711 3039904 1055.864451 6748 2.738031 0.000000
 1606 712 2963712 1083.934474 6072 2.333333 0.000000
 1607 713 2963712 2606.507901 6072 2.000000 0.000000
 1608 714 2963712 1066.866945 6072 2.333333 0.000000
 1609 715 2963712 2059.495843 6072 2.000000 0.000000
 1615 716 2963712 1218.404994 6072 2.666667 0.000000
 1616 717 2963712 1191.928845 6072 2.333333 0.000000
 1617 718 2963712 1004.521451 6072 2.333333 0.000000
 1618 719 2963712 1493.703582 6072 2.000000 0.000000
 1624 720 2963712 3716.033596 6072 2.333333 0.000000
 1625 721 3007488 1916.257658 6488 2.357550 0.000000
 1626 722 2963712 1960.182663 6072 2.333333 0.000000
 1627 723 3007488 1852.120020 6488 2.362763 0.000000
 1633 724 2963712 1620.826824 6072 2.166667 0.000000
 1634 725 3007488 1179.538577 6488 2.543004 0.000000
 1635 726 2963712 1669.669395 6072 2.166667 0.000000
 1636 727 3007488 1401.532362 6488 2.537791 0.000000
 1642 728 2963712 1528.160077 6072 2.333333 0.000000
 1643 729 2963712 1251.171370 6072 2.333333 0.000000
 1644 730 3007488 1206.148241 6488 2.551474 0.000000
 1645 731 3007488 1259.680307 6488 2.551474 0.000000
 1651 732 2963712 731.135267 6072 2.166667 0.000000
 1652 733 2963712 1025.834172 6072 2.000000 0.000000
 1653 734 3007488 1093.307045 6488 2.547239 0.000000
 1654 735 3007488 1273.799533 6488 2.386871 0.000000
 1660 736 2963712 1072.460260 6072 2.666667 0.000000
 1661 737 3007488 1386.524691 6488 2.712820 0.000000
 1662 738 3007488 1167.661612 6488 2.689689 0.000000
 1663 739 3039904 1408.723632 6748 2.738031 0.000000
 1669 740 2963712 1171.743308 6072 2.500000 0.000000
 1670 741 3007488 1420.787757 6488 2.711842 0.000000
 1671 742 3007488 984.412027 6488 2.376446 0.000000
 1672 743 3039904 1924.833588 6748 2.576348 0.000000
 1678 744 2963712 1967.922928 6072 2.666667 0.000000
 1679 745 2963712 2465.664051 6072 2.333333 0.000000
 1680 746 2963712 990.746035 6072 2.333333 0.000000
 1681 747 2963712 1561.512330 6072 2.000000 0.000000
 1687 748 2963712 1470.040898 6072 2.666667 0.000000
 1688 749 2963712 1701.221155 6072 2.333333 0.000000
 1689 750 2963712 974.050537 6072 2.333333 0.000000
 1690 751 2963712 1082.908511 6072 2.000000 0.000000
 1696 752 2963712 832.881883 6072 2.333333 0.000000
 1697 753 2963712 1043.199736 6072 2.666667 0.000000
 1698 754 2963712 861.558206 6072 2.333333 0.000000
 1699 755 2963712 1073.642769 6072 2.666667 0.000000
 1705 756 2963712 966.926273 6072 2.333333 0.000000
 1706 757 2963712 1361.549599 6072 2.666667 0.000000
 1707 758 2963712 944.043632 6072 2.333333 0.000000
 1708 759 2963712 1621.131609 6072 2.666667 0.000000
 1714 760 2963712 945.018275 6072 2.166667 0.000000
 1715 761 2963712 1390.071708 6072 2.166667 0.000000
 1716 762 2963712 875.935584 6072 2.500000 0.000000
 1717 763 2963712 1439.945566 6072 2.500000 0.000000
 1723 764 2963712 1210.816101 6072 2.333333 0.000000
 1724 765 2963712 1815.349000 6072 2.333333 0.000000
 1725 766 2963712 1143.052739 6072 2.666667 0.000000
 1726 767 2963712 1578.068304 6072 2.666667 0.000000
 1732 768 2963712 1403.914033 6072 2.666667 0.000000
 1733 769 2963712 1374.666538 6072 2.666667 0.000000
 1734 770 2963712 1208.674371 6072 2.666667 0.000000
 1735 771 2963712 1628.207128 6072 2.666667 0.000000
 1741 772 2963712 1453.712844 6072 2.333333 0.000000
 1742 773 2963712 2920.383536 6072 2.166667 0.000000
 1743 774 2963712 1282.736193 6072 2.333333 0.000000
 1744 775 2963712 1097.871489 6072 2.166667 0.000000
 1750 776 2963712 990.128729 6072 2.666667 0.000000
 1751 777 2963712 989.583465 6072 2.333333 0.000000
 1752 778 2963712 972.415101 6072 2.333333 0.000000
 1753 779 2963712 1221.232235 6072 2.000000 0.000000
 1759 780 3007488 1404.292789 6488 2.712820 0.000000
 1760 781 3007488 998.057233 6488 2.396319 0.000000
 1761 782 3007488 807.938984 6488 2.396319 0.000000
 1762 783 3007488 1097.549379 6488 2.067112 0.000000
 1768 784 2963712 1203.528306 6072 2.166667 0.000000
 1769 785 2963712 3390.889822 6072 2.500000 0.000000
 1770 786 2963712 892.621554 6072 2.166667 0.000000
 1771 787 2963712 2032.193063 6072 2.500000 0.000000
 1777 788 3007488 1354.531714 6488 2.396319 0.000000
 1778 789 3007488 1180.995225 6488 2.717055 0.000000
 1779 790 3007488 1191.631223 6488 2.386871 0.000000
 1780 791 3007488 1173.446799 6488 2.707607 0.000000
 1786 792 2963712 1419.572723 6072 2.000000 0.000000
 1787 793 2963712 1206.152401 6072 2.166667 0.000000
 1788 794 2963712 1129.539613 6072 2.333333 0.000000
 1789 795 2963712 2008.633851 6072 2.500000 0.000000
 1795 796 3007488 1742.389361 6488 2.396319 0.000000
 1796 797 3007488 1856.690232 6488 2.386871 0.000000
 1797 798 3007488 1079.571467 6488 2.717055 0.000000
 1798 799 3007488 1221.898009 6488 2.707607 0.000000
 1804 800 2963712 1065.049101 6072 2.000000 0.000000
 1805 801 2963712 1092.611893 6072 2.166667 0.000000
 1806 802 2963712 1213.785203 6072 2.166667 0.000000
 1807 803 2963712 1039.013916 6072 2.333333 0.000000
 1813 804 3007488 2385.233595 6488 2.717055 0.000000
 1814 805 3007488 1543.954626 6488 2.717055 0.000000
 1815 806 3007488 1775.375838 6488 2.717055 0.000000
 1816 807 3007488 1057.837489 6488 2.717055 0.000000
 1822 808 2963712 958.921822 6072 2.333333 0.000000
 1823 809 2963712 1544.446237 6072 2.000000 0.000000
 1824 810 2963712 769.207055 6072 2.166667 0.000000
 1825 811 2963712 722.800007 6072 1.833333 0.000000
 1831 812 2963712 2214.421445 6072 2.666667 0.000000
 1832 813 2963712 1330.971222 6072 2.333333 0.000000
 1833 814 2963712 874.927177 6072 2.333333 0.000000
 1834 815 2963712 1371.279473 6072 2.000000 0.000000
 1840 816 2963712 1927.932401 6072 2.333333 0.000000
 1841 817 3007488 2433.004056 6488 2.717055 0.000000
 1842 818 2963712 1332.077585 6072 2.333333 0.000000
 1843 819 3007488 2182.466763 6488 2.708584 0.000000
 1849 820 2963712 1166.908997 6072 2.333333 0.000000
 1850 821 3007488 1477.117407 6488 2.532579 0.000000
 1851 822 2963712 1052.073805 6072 2.166667 0.000000
 1852 823 3007488 1478.581155 6488 2.362763 0.000000
 1858 824 2963712 798.119975 6072 2.333333 0.000000
 1859 825 2963712 1128.977805 6072 2.333333 0.000000
 1860 826 2963712 1121.501307 6072 2.666667 0.000000
 1861 827 2963712 1680.612385 6072 2.666667 0.000000
 1867 828 2963712 959.260531 6072 2.166667 0.000000
 1868 829 2963712 1419.459809 6072 2.166667 0.000000
 1869 830 2963712 1211.313363 6072 2.500000 0.000000
 1870 831 2963712 1114.997029 6072 2.500000 0.000000
 1876 832 2963712 1209.100608 6072 2.666667 0.000000
 1877 833 3007488 1388.378047 6488 2.711842 0.000000
 1878 834 2963712 1183.392396 6072 2.666667 0.000000
 1879 835 3007488 1149.794257 6488 2.711842 0.000000
 1885 836 2963712 869.358265 6072 2.333333 0.000000
 1886 837 3007488 1515.701558 6488 2.552452 0.000000
 1887 838 2963712 965.514273 6072 2.500000 0.000000
 1888 839 3007488 1460.013315 6488 2.712820 0.000000
 1894 840 2963712 4184.789892 6072 2.500000 0.000000
 1895 841 2963712 1760.928363 6072 2.166667 0.000000
 1896 842 2963712 1412.465530 6072 2.333333 0.000000
 1897 843 2963712 2266.078276 6072 2.000000 0.000000
 1903 844 3007488 1205.847177 6488 2.366998 0.000000
 1904 845 3007488 1295.745355 6488 2.036814 0.000000
 1905 846 3007488 995.723262 6488 2.032579 0.000000
 1906 847 3007488 749.834332 6488 1.706630 0.000000
 1912 848 2963712 810.130650 6072 2.333333 0.000000
 1913 849 3007488 1194.650701 6488 2.717055 0.000000
 1914 850 2963712 1023.052265 6072 2.333333 0.000000
 1915 851 3007488 1266.202724 6488 2.717055 0.000000
 1921 852 3007488 1134.009738 6488 2.386871 0.000000
 1922 853 3039904 1208.007696 6748 2.567123 0.000000
 1923 854 3007488 1107.089016 6488 2.386871 0.000000
 1924 855 3039904 1091.975500 6748 2.567123 0.000000
 1930 856 2963712 1192.370372 6072 2.333333 0.000000
 1931 857 2963712 1314.831911 6072 2.333333 0.000000
 1932 858 2963712 1093.080088 6072 2.333333 0.000000
 1933 859 2963712 1405.499192 6072 2.333333 0.000000
 1939 860 3007488 1383.420897 6488 2.386871 0.000000
 1940 861 3007488 2232.517187 6488 2.386871 0.000000
 1941 862 3007488 1188.099665 6488 2.707607 0.000000
 1942 863 3007488 1190.255853 6488 2.707607 0.000000
 1948 864 2963712 1317.171616 6072 2.666667 0.000000
 1949 865 3007488 2258.757632 6488 2.712820 0.000000
 1950 866 2963712 1597.128207 6072 2.666667 0.000000
 1951 867 3007488 2112.079445 6488 2.712820 0.000000
 1957 868 3007488 1255.813392 6488 2.717055 0.000000
 1958 869 3039904 2625.171335 6748 2.733895 0.000000
 1959 870 3007488 1006.063240 6488 2.717055 0.000000
 1960 871 3039904 1000.304339 6748 2.733895 0.000000
 1966 872 2963712 886.099723 6072 2.500000 0.000000
 1967 873 2963712 1811.531890 6072 2.166667 0.000000
 1968 874 2963712 1071.346559 6072 2.166667 0.000000
 1969 875 2963712 1067.797208 6072 1.833333 0.000000
 1975 876 2963712 1041.770944 6072 2.500000 0.000000
 1976 877 2963712 783.309594 6072 2.333333 0.000000
 1977 878 2963712 882.284361 6072 2.166667 0.000000
 1978 879 2963712 728.460486 6072 2.000000 0.000000
 1984 880 2963712 917.081899 6072 2.166667 0.000000
 1985 881 2963712 1236.895177 6072 2.500000 0.000000
 1986 882 2963712 928.002653 6072 2.000000 0.000000
 1987 883 2963712 1480.999892 6072 2.333333 0.000000
 1993 884 2963712 1475.686018 6072 2.333333 0.000000
 1994 885 2963712 1683.797330 6072 2.333333 0.000000
 1995 886 2963712 1596.513164 6072 2.333333 0.000000
 1996 887 2963712 2087.737657 6072 2.333333 0.000000
 2002 888 2963712 1877.671876 6072 2.166667 0.000000
 2003 889 2963712 2167.968385 6072 2.333333 0.000000
 2004 890 3007488 1615.227170 6488 2.533556 0.000000
 2005 891 3007488 1989.997601 6488 2.707607 0.000000
 2011 892 2963712 972.878088 6072 2.333333 0.000000
 2012 893 2963712 1189.256310 6072 2.333333 0.000000
 2013 894 3007488 1278.215073 6488 2.547239 0.000000
 2014 895 3007488 1361.277579 6488 2.551474 0.000000
 2020 896 2963712 1054.905655 6072 2.500000 0.000000
 2021 897 2963712 1518.757979 6072 2.500000 0.000000
 2022 898 3007488 947.771132 6488 2.542026 0.000000
 2023 899 3007488 933.579329 6488 2.537791 0.000000
 2029 900 2963712 982.236739 6072 2.666667 0.000000
 2030 901 2963712 1184.234016 6072 2.666667 0.000000
 2031 902 3007488 1002.458785 6488 2.518896 0.000000
 2032 903 3007488 1047.448389 6488 2.532579 0.000000
 2038 904 2963712 1116.334650 6072 2.666667 0.000000
 2039 905 2963712 884.087180 6072 2.333333 0.000000
 2040 906 2963712 823.081814 6072 2.333333 0.000000
 2041 907 2963712 929.132268 6072 2.000000 0.000000
 2047 908 3007488 1096.893192 6488 2.712820 0.000000
 2048 909 3007488 1023.115862 6488 2.382636 0.000000
 2049 910 3007488 1044.811219 6488 2.396319 0.000000
 2050 911 3007488 778.280985 6488 2.066135 0.000000
 2056 912 2963712 2388.370279 6072 2.333333 0.000000
 2057 913 2963712 1863.744903 6072 2.666667 0.000000
 2058 914 2963712 1476.100023 6072 2.333333 0.000000
 2059 915 2963712 1518.605953 6072 2.666667 0.000000
 2065 916 3007488 1390.375406 6488 2.221290 0.000000
 2066 917 3007488 1087.317550 6488 2.532579 0.000000
 2067 918 3007488 896.781857 6488 2.051474 0.000000
 2068 919 3007488 1122.238989 6488 2.358527 0.000000
 2074 920 2963712 967.891260 6072 2.333333 0.000000
 2075 921 2963712 819.527415 6072 2.333333 0.000000
 2076 922 3007488 1563.834675 6488 2.712820 0.000000
 2077 923 3007488 1194.540863 6488 2.717055 0.000000
 2083 924 3007488 814.074383 6488 2.235950 0.000000
 2084 925 3007488 1153.608928 6488 2.392083 0.000000
 2085 926 3039904 1060.451009 6748 2.581438 0.000000
 2086 927 3039904 935.320210 6748 2.743121 0.000000
 2092 928 2963712 951.774558 6072 2.666667 0.000000
 2093 929 2963712 1059.859737 6072 2.666667 0.000000
 2094 930 3007488 1495.132203 6488 2.707607 0.000000
 2095 931 3007488 982.012744 6488 2.707607 0.000000
 2101 932 3007488 1373.124489 6488 2.556687 0.000000
 2102 933 3007488 1294.761669 6488 2.556687 0.000000
 2103 934 3039904 1042.617118 6748 2.738031 0.000000
 2104 935 3039904 1038.459554 6748 2.747256 0.000000
 2110 936 2963712 1786.439378 6072 2.666667 0.000000
 2111 937 2963712 2158.501927 6072 2.333333 0.000000
 2112 938 2963712 1395.569954 6072 2.333333 0.000000
 2113 939 2963712 1930.030122 6072 2.000000 0.000000
 2119 940 2963712 1588.928583 6072 2.333333 0.000000
 2120 941 2963712 2492.515052 6072 2.333333 0.000000
 2121 942 2963712 1085.044593 6072 2.000000 0.000000
 2122 943 2963712 1020.184525 6072 2.000000 0.000000
 2128 944 2963712 1158.519950 6072 2.166667 0.000000
 2129 945 3007488 1753.933574 6488 2.538769 0.000000
 2130 946 2963712 959.269477 6072 2.166667 0.000000
 2131 947 3007488 1005.784864 6488 2.543004 0.000000
 2137 948 2963712 792.256040 6072 2.333333 0.000000
 2138 949 3007488 1997.242969 6488 2.702395 0.000000
 2139 950 2963712 847.859669 6072 2.333333 0.000000
 2140 951 3007488 1183.583066 6488 2.711842 0.000000
 2146 952 2963712 1103.079243 6072 2.166667 0.000000
 2147 953 2963712 2203.176594 6072 2.000000 0.000000
 2148 954 3007488 1434.490999 6488 2.552452 0.000000
 2149 955 3007488 2004.599320 6488 2.392083 0.000000
 2155 956 2963712 991.265442 6072 2.333333 0.000000
 2156 957 2963712 1318.623415 6072 2.333333 0.000000
 2157 958 3007488 1359.741824 6488 2.711842 0.000000
 2158 959 3007488 1837.592336 6488 2.711842 0.000000
 2164 960 2963712 2963.641377 6072 2.500000 0.000000
 2165 961 3007488 2318.829522 6488 2.717055 0.000000
 2166 962 3007488 2247.606847 6488 2.552452 0.000000
 2167 963 3039904 1430.871452 6748 2.742166 0.000000
 2173 964 2963712 1343.601006 6072 2.666667 0.000000
 2174 965 3007488 1321.598239 6488 2.712820 0.000000
 2175 966 3007488 1138.951783 6488 2.712820 0.000000
 2176 967 3039904 1231.501006 6748 2.743121 0.000000
 2182 968 2963712 1400.098964 6072 2.333333 0.000000
 2183 969 2963712 1590.515596 6072 2.000000 0.000000
 2184 970 2963712 1014.123553 6072 2.333333 0.000000
 2185 971 2963712 1238.195649 6072 2.000000 0.000000
 2191 972 3007488 2177.692280 6488 2.693924 0.000000
 2192 973 3007488 1949.334912 6488 2.377423 0.000000
 2193 974 3007488 1102.308231 6488 2.386871 0.000000
 2194 975 3007488 939.643644 6488 2.066135 0.000000
 2200 976 2963712 1127.691063 6072 2.333333 0.000000
 2201 977 3007488 1821.299142 6488 2.551474 0.000000
 2202 978 2963712 947.327692 6072 2.333333 0.000000
 2203 979 3007488 1120.599502 6488 2.551474 0.000000
 2209 980 3007488 901.732520 6488 2.207607 0.000000
 2210 981 3039904 1012.549152 6748 2.557897 0.000000
 2211 982 3007488 1320.382240 6488 2.203372 0.000000
 2212 983 3039904 1519.686018 6748 2.557897 0.000000
 2218 984 2963712 1033.351754 6072 2.333333 0.000000
 2219 985 2963712 1188.288638 6072 2.333333 0.000000
 2220 986 3007488 1533.668649 6488 2.551474 0.000000
 2221 987 3007488 1427.121925 6488 2.551474 0.000000
 2227 988 3007488 1075.087485 6488 2.221290 0.000000
 2228 989 3007488 1370.128553 6488 2.060922 0.000000
 2229 990 3039904 1059.629460 6748 2.557897 0.000000
 2230 991 3039904 1013.009557 6748 2.401304 0.000000
 2236 992 2963712 1093.066630 6072 2.666667 0.000000
 2237 993 3007488 2367.690650 6488 2.712820 0.000000
 2238 994 3007488 1514.861082 6488 2.712820 0.000000
 2239 995 3039904 1239.154467 6748 2.743121 0.000000
 2245 996 3007488 1126.755802 6488 2.556687 0.000000
 2246 997 3039904 1139.153144 6748 2.738031 0.000000
 2247 998 3039904 1040.744545 6748 2.576348 0.000000
 2248 999 3061376 965.712080 6904 2.755841 0.000000
 2254 1000 0 nan 0 nan 0.000000
 2255 1001 0 nan 0 nan 0.000000
 2256 1002 0 nan 0 nan 0.000000
 2257 1003 0 nan 0 nan 0.000000
 2263 1004 0 nan 0 nan 0.000000
 2264 1005 0 nan 0 nan 0.000000
 2265 1006 0 nan 0 nan 0.000000
 2266 1007 0 nan 0 nan 0.000000
 2272 1008 0 nan 0 nan 0.000000
 2273 1009 0 nan 0 nan 0.000000
 2274 1010 0 nan 0 nan 0.000000
 2275 1011 0 nan 0 nan 0.000000
 2281 1012 0 nan 0 nan 0.000000
 2282 1013 0 nan 0 nan 0.000000
 2283 1014 0 nan 0 nan 0.000000
 2284 1015 0 nan 0 nan 0.000000
 2290 1016 0 nan 0 nan 0.000000
 2291 1017 0 nan 0 nan 0.000000
 2292 1018 0 nan 0 nan 0.000000
 2293 1019 0 nan 0 nan 0.000000
 2299 1020 0 nan 0 nan 0.000000
 2300 1021 0 nan 0 nan 0.000000
 2301 1022 0 nan 0 nan 0.000000
 2302 1023 0 nan 0 nan 0.000000
 2308 1024 0 nan 0 nan 0.000000
 2309 1025 0 nan 0 nan 0.000000
 2310 1026 0 nan 0 nan 0.000000
 2311 1027 0 nan 0 nan 0.000000
 2317 1028 0 nan 0 nan 0.000000
 2318 1029 0 nan 0 nan 0.000000
 2319 1030 0 nan 0 nan 0.000000
 2320 1031 0 nan 0 nan 0.000000
 2326 1032 0 nan 0 nan 0.000000
 2327 1033 0 nan 0 nan 0.000000
 2328 1034 0 nan 0 nan 0.000000
 2329 1035 0 nan 0 nan 0.000000
 2335 1036 0 nan 0 nan 0.000000
 2336 1037 0 nan 0 nan 0.000000
 2337 1038 0 nan 0 nan 0.000000
 2338 1039 0 nan 0 nan 0.000000
 2344 1040 0 nan 0 nan 0.000000
 2345 1041 0 nan 0 nan 0.000000
 2346 1042 0 nan 0 nan 0.000000
 2347 1043 0 nan 0 nan 0.000000
 2353 1044 0 nan 0 nan 0.000000
 2354 1045 0 nan 0 nan 0.000000
 2355 1046 0 nan 0 nan 0.000000
 2356 1047 0 nan 0 nan 0.000000
 2362 1048 0 nan 0 nan 0.000000
 2363 1049 0 nan 0 nan 0.000000
 2364 1050 0 nan 0 nan 0.000000
 2365 1051 0 nan 0 nan 0.000000
 2371 1052 0 nan 0 nan 0.000000
 2372 1053 0 nan 0 nan 0.000000
 2373 1054 0 nan 0 nan 0.000000
 2374 1055 0 nan 0 nan 0.000000