
 8 0 0 0.000000 6010.130217 0.000000 0.000000 0.000000 0.000000 0.000000 7299.446490 0.000000 0.000000 0.000000 0.000000
 17 0 1 4117.311260 0.000000 0.000000 0.000000 0.000000 0.000000 2569.984673 1071.927767 0.000000 0.000000 0.000000 0.000000
 26 0 2 3212.610135 0.000000 0.000000 0.000000 0.000000 0.000000 0.000000 0.000000 687.375489 0.000000 0.000000 0.000000
 35 0 3 0.000000 814.040993 0.000000 0.000000 0.000000 0.000000 5171.061806 0.000000 0.000000 0.000000 0.000000 0.000000
 44 0 4 0.000000 0.000000 4225.596559 0.000000 0.000000 2108.738157 0.000000 0.000000 0.000000 0.000000 0.000000 0.000000
 53 0 5 0.000000 0.000000 0.000000 0.000000 0.000000 0.000000 0.000000 0.000000 261.111782 0.000000 0.000000 0.000000
 62 0 6 0.000000 7676.761991 4201.897108 0.000000 0.000000 0.000000 0.000000 3955.022031 0.000000 0.000000 0.000000 0.000000
 71 0 7 1901.157450 0.000000 0.000000 543.761604 0.000000 0.000000 0.000000 0.000000 0.000000 0.000000 0.000000 0.000000
 80 1 0 0.000000 1263.946215 0.000000 2659.474736 0.000000 0.000000 0.000000 0.000000 0.000000 0.000000 0.000000 0.000000
 89 1 1 7583.611678 0.000000 0.000000 1389.365664 0.000000 0.000000 0.000000 0.000000 0.000000 0.000000 0.000000 0.000000
 98 1 2 0.000000 0.000000 0.000000 2245.315803 10886.014668 0.000000 0.000000 0.000000 0.000000 0.000000 0.000000 0.000000
 107 1 3 1876.092447 0.000000 1375.561747 0.000000 0.000000 3346.087994 0.000000 0.000000 0.000000 0.000000 0.000000 0.000000
 116 1 4 0.000000 0.000000 1643.935971 0.000000 0.000000 0.000000 6324.776391 22618.503816 0.000000 0.000000 0.000000 0.000000
 125 1 5 0.000000 0.000000 0.000000 2263.324306 4143.514985 0.000000 0.000000 0.000000 0.000000 0.000000 0.000000 0.000000
 134 1 6 0.000000 0.000000 0.000000 0.000000 828.839033 0.000000 0.000000 2545.738570 0.000000 0.000000 0.000000 0.000000
 143 1 7 0.000000 0.000000 0.000000 0.000000 0.000000 0.000000 1937.219352 0.000000 0.000000 0.000000 0.000000 0.000000
 152 2 0 0.000000 2288.727151 0.000000 0.000000 0.000000 0.000000 0.000000 2610.557443 0.000000 0.000000 0.000000 0.000000
 161 2 1 0.000000 0.000000 0.000000 0.000000 2298.454912 0.000000 0.000000 0.000000 430.621289 0.000000 0.000000 0.000000
 170 2 2 2525.416666 0.000000 0.000000 0.000000 0.000000 0.000000 0.000000 0.000000 0.000000 0.000000 0.000000 0.000000
 179 2 3 0.000000 0.000000 847.032939 0.000000 0.000000 0.000000 1558.638062 0.000000 0.000000 0.000000 0.000000 0.000000
 188 2 4 780.046678 19652.372445 3140.023025 0.000000 0.000000 0.000000 1414.872211 0.000000 0.000000 0.000000 0.000000 0.000000
 197 2 5 0.000000 0.000000 0.000000 0.000000 154.726431 0.000000 0.000000 1509.624137 0.000000 0.000000 0.000000 0.000000
 206 2 6 1281.082767 0.000000 4090.944417 0.000000 0.000000 0.000000 0.000000 0.000000 0.000000 0.000000 0.000000 0.000000
 215 2 7 0.000000 0.000000 0.000000 3183.079023 0.000000 0.000000 367.268156 0.000000 0.000000 318.238493 0.000000 0.000000
 224 3 0 0.000000 4457.887803 0.000000 0.000000 0.000000 0.000000 0.000000 0.000000 0.000000 0.000000 0.000000 0.000000
 233 3 1 6921.668903 0.000000 0.000000 0.000000 0.000000 3569.119904 0.000000 392.613193 0.000000 0.000000 0.000000 0.000000
 242 3 2 0.000000 0.000000 0.000000 0.000000 0.000000 0.000000 0.000000 0.000000 0.000000 0.000000 0.000000 0.000000
 251 3 3 0.000000 0.000000 0.000000 0.000000 0.000000 0.000000 0.000000 0.000000 0.000000 0.000000 0.000000 0.000000
 260 3 4 2528.616649 0.000000 1405.409241 0.000000 0.000000 3538.077640 0.000000 0.000000 0.000000 0.000000 0.000000 0.000000
 269 3 5 0.000000 0.000000 0.000000 0.000000 404.120073 0.000000 478.578523 0.000000 0.000000 0.000000 0.000000 0.000000
 278 3 6 2424.188816 0.000000 1742.930081 0.000000 0.000000 0.000000 0.000000 0.000000 0.000000 0.000000 0.000000 0.000000
 287 3 7 0.000000 0.000000 0.000000 0.000000 0.000000 0.000000 3340.866820 0.000000 0.000000 0.000000 0.000000 0.000000
 296 4 0 0.000000 2532.468624 0.000000 4864.321045 0.000000 0.000000 0.000000 0.000000 0.000000 0.000000 0.000000 0.000000
 305 4 1 3202.484027 0.000000 0.000000 1988.916537 0.000000 0.000000 0.000000 0.000000 0.000000 0.000000 0.000000 0.000000
 314 4 2 0.000000 2509.520719 0.000000 0.000000 0.000000 0.000000 0.000000 0.000000 0.000000 0.000000 0.000000 0.000000
 323 4 3 0.000000 0.000000 591.278148 0.000000 0.000000 0.000000 0.000000 3591.344743 0.000000 0.000000 0.000000 0.000000
 332 4 4 0.000000 0.000000 0.000000 0.000000 0.000000 2091.735675 0.000000 0.000000 0.000000 0.000000 0.000000 0.000000
 341 4 5 1322.090861 0.000000 0.000000 4153.293138 4790.495525 0.000000 0.000000 0.000000 0.000000 0.000000 0.000000 0.000000
 350 4 6 0.000000 0.000000 427.403576 0.000000 0.000000 0.000000 0.000000 1339.879176 0.000000 0.000000 0.000000 0.000000
 359 4 7 0.000000 0.000000 0.000000 0.000000 0.000000 0.000000 2428.292030 0.000000 0.000000 0.000000 0.000000 0.000000
 368 5 0 0.000000 0.000000 0.000000 0.000000 0.000000 0.000000 0.000000 0.000000 377.726847 0.000000 0.000000 0.000000
 377 5 1 0.000000 0.000000 0.000000 0.000000 0.000000 0.000000 0.000000 0.000000 0.000000 0.000000 0.000000 0.000000
 386 5 2 0.000000 0.000000 0.000000 2196.647135 237.039263 0.000000 2132.703153 0.000000 0.000000 0.000000 0.000000 0.000000
 395 5 3 0.000000 0.000000 6967.564315 0.000000 0.000000 0.000000 0.000000 0.000000 0.000000 0.000000 0.000000 0.000000
 404 5 4 0.000000 0.000000 3235.323346 0.000000 0.000000 1885.144974 3544.473138 0.000000 2643.274956 0.000000 0.000000 0.000000
 413 5 5 0.000000 0.000000 0.000000 2088.395167 1250.915003 0.000000 1187.049021 0.000000 0.000000 0.000000 0.000000 0.000000
 422 5 6 0.000000 0.000000 7439.992473 0.000000 114.576973 0.000000 0.000000 0.000000 0.000000 0.000000 0.000000 0.000000
 431 5 7 0.000000 0.000000 0.000000 0.000000 0.000000 0.000000 1310.440715 0.000000 0.000000 0.000000 0.000000 0.000000
 440 6 0 0.000000 2519.286619 5127.774564 0.000000 0.000000 0.000000 0.000000 0.000000 0.000000 0.000000 0.000000 0.000000
 449 6 1 5891.032728 0.000000 0.000000 0.000000 0.000000 0.000000 3203.523619 2292.672674 0.000000 0.000000 0.000000 0.000000
 458 6 2 2747.470787 0.000000 0.000000 0.000000 0.000000 0.000000 0.000000 0.000000 374.630190 379.195020 0.000000 0.000000
 467 6 3 0.000000 0.000000 751.600785 0.000000 3037.388599 2424.069852 0.000000 0.000000 0.000000 0.000000 0.000000 0.000000
 476 6 4 0.000000 0.000000 0.000000 816.738212 0.000000 1670.208754 0.000000 0.000000 0.000000 0.000000 0.000000 0.000000
 485 6 5 0.000000 0.000000 0.000000 0.000000 0.000000 0.000000 4979.081820 1133.378310 0.000000 0.000000 0.000000 0.000000
 494 6 6 0.000000 0.000000 3686.838441 0.000000 0.000000 0.000000 0.000000 0.000000 0.000000 0.000000 0.000000 0.000000
 503 6 7 0.000000 0.000000 2631.280095 7080.203796 4113.851977 2081.694383 2331.584458 0.000000 951.400905 0.000000 0.000000 0.000000
 512 7 0 0.000000 0.000000 0.000000 0.000000 1855.503246 2872.925987 3293.881773 8860.927955 466.759360 2021.596524 0.000000 0.000000
 521 7 1 8021.164421 0.000000 0.000000 0.000000 0.000000 0.000000 0.000000 437.242803 0.000000 0.000000 0.000000 0.000000
 530 7 2 0.000000 0.000000 0.000000 0.000000 0.000000 0.000000 0.000000 0.000000 0.000000 0.000000 0.000000 0.000000
 539 7 3 0.000000 0.000000 0.000000 0.000000 0.000000 0.000000 0.000000 0.000000 0.000000 0.000000 0.000000 0.000000
 548 7 4 0.000000 0.000000 0.000000 0.000000 0.000000 0.000000 0.000000 0.000000 0.000000 0.000000 0.000000 0.000000
 557 7 5 0.000000 0.000000 0.000000 0.000000 4749.916749 0.000000 0.000000 0.000000 0.000000 0.000000 0.000000 0.000000
 566 7 6 0.000000 0.000000 0.000000 354.493539 0.000000 0.000000 0.000000 0.000000 871.099933 0.000000 0.000000 0.000000
 575 7 7 2230.543397 0.000000 510.297398 1489.451485 1915.958694 0.000000 0.000000 0.000000 0.000000 424.436680 0.000000 0.000000
 584 8 0 0.000000 524.610371 0.000000 0.000000 0.000000 0.000000 0.000000 0.000000 0.000000 0.000000 0.000000 0.000000
 593 8 1 374.074545 0.000000 6192.751823 3000.997383 0.000000 3889.055381 0.000000 0.000000 0.000000 0.000000 0.000000 0.000000
 602 8 2 0.000000 0.000000 0.000000 0.000000 0.000000 0.000000 2961.717572 4479.740550 0.000000 0.000000 0.000000 0.000000
 611 8 3 0.000000 0.000000 10784.164871 0.000000 0.000000 0.000000 0.000000 0.000000 0.000000 0.000000 0.000000 0.000000
 620 8 4 0.000000 1453.985542 6834.628023 0.000000 0.000000 0.000000 0.000000 0.000000 0.000000 0.000000 0.000000 0.000000
 629 8 5 0.000000 0.000000 0.000000 2853.835271 2882.063121 0.000000 0.000000 0.000000 0.000000 0.000000 0.000000 0.000000
 638 8 6 488.092429 0.000000 0.000000 10932.908036 0.000000 0.000000 0.000000 0.000000 0.000000 0.000000 392.102004 0.000000
 647 8 7 548.470074 0.000000 0.000000 0.000000 0.000000 0.000000 2712.538581 0.000000 0.000000 0.000000 0.000000 0.000000
 656 9 0 0.000000 3051.469791 0.000000 0.000000 0.000000 0.000000 1547.285355 0.000000 0.000000 2675.142002 0.000000 0.000000
 665 9 1 460.411538 0.000000 0.000000 0.000000 0.000000 0.000000 0.000000 0.000000 0.000000 0.000000 0.000000 0.000000
 674 9 2 4223.319492 6902.069565 0.000000 0.000000 0.000000 414.923467 0.000000 0.000000 0.000000 407.330574 0.000000 0.000000
 683 9 3 0.000000 0.000000 732.911137 0.000000 0.000000 0.000000 0.000000 0.000000 0.000000 0.000000 0.000000 0.000000
 692 9 4 0.000000 0.000000 2065.800041 0.000000 0.000000 0.000000 0.000000 0.000000 0.000000 0.000000 0.000000 0.000000
 701 9 5 0.000000 0.000000 2265.546803 0.000000 1066.206791 0.000000 0.000000 0.000000 0.000000 0.000000 0.000000 0.000000
 710 9 6 0.000000 0.000000 0.000000 1397.157333 0.000000 0.000000 0.000000 1953.524497 0.000000 0.000000 0.000000 0.000000
 719 9 7 1196.633807 0.000000 4846.122156 908.663311 1050.440020 0.000000 888.047574 0.000000 181.199643 0.000000 403.913051 0.000000
 728 10 0 0.000000 7964.691726 0.000000 0.000000 0.000000 0.000000 0.000000 0.000000 0.000000 0.000000 0.000000 0.000000
 737 10 1 4970.633697 0.000000 2144.576551 2850.669203 3329.770487 0.000000 0.000000 0.000000 0.000000 0.000000 0.000000 0.000000
 746 10 2 0.000000 0.000000 0.000000 0.000000 0.000000 0.000000 4616.743147 2050.035834 0.000000 0.000000 0.000000 0.000000
 755 10 3 0.000000 0.000000 6090.332498 0.000000 0.000000 292.895635 524.428804 1418.979629 0.000000 0.000000 0.000000 0.000000
 764 10 4 0.000000 911.064940 0.000000 0.000000 0.000000 0.000000 2110.343251 0.000000 0.000000 0.000000 0.000000 0.000000
 773 10 5 0.000000 0.000000 0.000000 0.000000 6009.248038 0.000000 0.000000 0.000000 0.000000 0.000000 0.000000 0.000000
 782 10 6 0.000000 0.000000 0.000000 1682.291404 1861.502887 0.000000 0.000000 0.000000 0.000000 0.000000 0.000000 0.000000
 791 10 7 3235.493675 0.000000 0.000000 0.000000 0.000000 0.000000 2807.370201 0.000000 0.000000 0.000000 0.000000 0.000000
 800 11 0 0.000000 0.000000 2234.437515 0.000000 0.000000 0.000000 698.884458 0.000000 0.000000 0.000000 0.000000 0.000000
 809 11 1 1264.800704 0.000000 0.000000 0.000000 0.000000 0.000000 0.000000 0.000000 382.877970 0.000000 0.000000 0.000000
 818 11 2 763.101071 0.000000 0.000000 2270.355096 0.000000 0.000000 0.000000 0.000000 0.000000 0.000000 0.000000 0.000000
 827 11 3 0.000000 0.000000 3563.830889 0.000000 0.000000 0.000000 1045.947223 0.000000 0.000000 0.000000 0.000000 0.000000
 836 11 4 0.000000 0.000000 0.000000 0.000000 0.000000 2535.626795 0.000000 0.000000 0.000000 3993.775363 0.000000 0.000000
 845 11 5 0.000000 0.000000 0.000000 0.000000 4983.133721 0.000000 0.000000 0.000000 0.000000 0.000000 0.000000 0.000000
 854 11 6 0.000000 0.000000 0.000000 2666.101727 2012.962528 0.000000 0.000000 0.000000 0.000000 0.000000 0.000000 0.000000
 863 11 7 4993.582556 0.000000 0.000000 1305.435563 0.000000 414.630098 2537.149719 0.000000 0.000000 343.215737 0.000000 0.000000
 872 12 0 0.000000 1362.515060 0.000000 0.000000 0.000000 0.000000 1752.803165 0.000000 0.000000 0.000000 0.000000 0.000000
 881 12 1 10548.386074 0.000000 0.000000 0.000000 0.000000 0.000000 0.000000 0.000000 0.000000 0.000000 0.000000 0.000000
 890 12 2 0.000000 2286.603508 0.000000 1985.583403 0.000000 0.000000 0.000000 0.000000 0.000000 0.000000 0.000000 0.000000
 899 12 3 993.621611 0.000000 1582.625039 0.000000 0.000000 690.364812 401.579817 0.000000 0.000000 0.000000 411.463818 0.000000
 908 12 4 0.000000 0.000000 3499.282558 0.000000 0.000000 0.000000 6365.734907 506.842869 0.000000 0.000000 0.000000 0.000000
 917 12 5 0.000000 2232.466044 0.000000 0.000000 0.000000 0.000000 4874.574798 0.000000 0.000000 407.238958 0.000000 0.000000
 926 12 6 2910.733398 0.000000 0.000000 0.000000 0.000000 0.000000 0.000000 0.000000 0.000000 0.000000 0.000000 0.000000
 935 12 7 0.000000 0.000000 0.000000 0.000000 0.000000 0.000000 8684.059336 0.000000 0.000000 0.000000 0.000000 0.000000
 944 13 0 0.000000 1841.941041 0.000000 0.000000 0.000000 0.000000 0.000000 0.000000 0.000000 0.000000 0.000000 0.000000
 953 13 1 0.000000 0.000000 0.000000 0.000000 0.000000 0.000000 0.000000 0.000000 0.000000 0.000000 0.000000 0.000000
 962 13 2 0.000000 0.000000 0.000000 3420.964641 0.000000 0.000000 0.000000 0.000000 0.000000 0.000000 0.000000 0.000000
 971 13 3 0.000000 0.000000 6393.408016 0.000000 0.000000 0.000000 1924.586650 190.489158 0.000000 0.000000 0.000000 0.000000
 980 13 4 836.014922 0.000000 0.000000 0.000000 0.000000 0.000000 0.000000 0.000000 0.000000 419.653787 0.000000 0.000000
 989 13 5 0.000000 0.000000 0.000000 0.000000 3932.615684 0.000000 0.000000 0.000000 0.000000 0.000000 0.000000 0.000000
 998 13 6 1280.711222 1883.976656 0.000000 0.000000 0.000000 1878.756564 0.000000 1312.108383 0.000000 0.000000 0.000000 0.000000
 1007 13 7 0.000000 0.000000 1374.077076 0.000000 3135.380187 2287.633842 3604.128717 0.000000 0.000000 0.000000 405.555156 0.000000
 1016 14 0 0.000000 0.000000 0.000000 0.000000 0.000000 2423.710284 0.000000 0.000000 0.000000 0.000000 0.000000 0.000000
 1025 14 1 1114.873604 0.000000 0.000000 0.000000 0.000000 0.000000 0.000000 0.000000 5.346280 0.000000 0.000000 0.000000
 1034 14 2 0.000000 0.000000 0.000000 0.000000 1451.713684 0.000000 0.000000 0.000000 0.000000 0.000000 0.000000 0.000000
 1043 14 3 0.000000 0.000000 5923.897554 0.000000 0.000000 4439.784480 0.000000 0.000000 0.000000 0.000000 0.000000 0.000000
 1052 14 4 0.000000 0.000000 1722.437011 0.000000 0.000000 0.000000 0.000000 2395.758359 0.000000 0.000000 0.000000 0.000000
 1061 14 5 0.000000 0.000000 0.000000 0.000000 815.961866 0.000000 0.000000 2231.861983 0.000000 0.000000 0.000000 0.000000
 1070 14 6 0.000000 0.000000 0.000000 0.000000 0.000000 0.000000 0.000000 2476.334591 0.000000 0.000000 0.000000 456.776944
 1079 14 7 0.000000 1733.715267 0.000000 0.000000 0.000000 2054.070238 0.000000 0.000000 0.000000 0.000000 0.000000 0.000000
 1088 15 0 0.000000 2101.642138 0.000000 797.909920 0.000000 1951.004961 0.000000 0.000000 0.000000 0.000000 0.000000 0.000000
 1097 15 1 4972.685667 0.000000 2485.032471 0.000000 0.000000 0.000000 0.000000 0.000000 0.000000 0.000000 0.000000 0.000000
 1106 15 2 0.000000 0.000000 0.000000 0.000000 0.000000 0.000000 0.000000 0.000000 0.000000 0.000000 0.000000 0.000000
 1115 15 3 0.000000 0.000000 0.000000 0.000000 0.000000 0.000000 920.062487 0.000000 0.000000 0.000000 0.000000 0.000000
 1124 15 4 0.000000 0.000000 0.000000 0.000000 0.000000 0.000000 0.000000 0.000000 0.000000 0.000000 0.000000 0.000000
 1133 15 5 0.000000 0.000000 0.000000 0.000000 625.522180 0.000000 0.000000 0.000000 0.000000 0.000000 0.000000 0.000000
 1142 15 6 0.000000 0.000000 3083.770065 2094.129586 0.000000 0.000000 0.000000 0.000000 0.000000 430.605465 0.000000 0.000000
 1151 15 7 4238.428120 5411.560336 0.000000 2611.780562 0.000000 0.000000 0.000000 0.000000 0.000000 0.000000 0.000000 0.000000
 1160 16 0 0.000000 4163.140398 0.000000 7009.044359 0.000000 0.000000 0.000000 0.000000 0.000000 363.134380 0.000000 0.000000
 1169 16 1 6455.181561 0.000000 0.000000 0.000000 538.095347 0.000000 0.000000 0.000000 0.000000 0.000000 0.000000 0.000000
 1178 16 2 0.000000 0.000000 0.000000 0.000000 3543.571071 2303.593407 0.000000 0.000000 0.000000 0.000000 0.000000 0.000000
 1187 16 3 1587.635191 475.301915 0.000000 0.000000 0.000000 0.000000 0.000000 1334.094206 0.000000 0.000000 0.000000 0.000000
 1196 16 4 0.000000 0.000000 0.000000 0.000000 0.000000 0.000000 0.000000 0.000000 0.000000 0.000000 0.000000 0.000000
 1205 16 5 0.000000 0.000000 0.000000 0.000000 1069.462007 0.000000 0.000000 0.000000 0.000000 0.000000 0.000000 0.000000
 1214 16 6 0.000000 0.000000 0.000000 0.000000 0.000000 0.000000 0.000000 0.000000 0.000000 0.000000 0.000000 0.000000
 1223 16 7 0.000000 0.000000 0.000000 0.000000 0.000000 3429.119564 0.000000 0.000000 0.000000 0.000000 2159.709839 0.000000
 1232 17 0 0.000000 10907.412502 0.000000 4319.945296 0.000000 0.000000 0.000000 0.000000 0.000000 0.000000 6690.095596 0.000000
 1241 17 1 0.000000 0.000000 0.000000 0.000000 0.000000 0.000000 0.000000 0.000000 0.000000 0.000000 0.000000 0.000000
 1250 17 2 0.000000 2766.829219 0.000000 13621.572467 0.000000 0.000000 673.095914 2612.768759 0.000000 0.000000 427.580965 0.000000
 1259 17 3 0.000000 0.000000 3603.527293 0.000000 0.000000 0.000000 0.000000 0.000000 0.000000 0.000000 0.000000 0.000000
 1268 17 4 4302.328184 4994.555763 7602.789501 0.000000 0.000000 6631.161039 0.000000 0.000000 0.000000 0.000000 0.000000 0.000000
 1277 17 5 0.000000 0.000000 0.000000 3938.157617 3097.019352 0.000000 0.000000 0.000000 0.000000 0.000000 0.000000 0.000000
 1286 17 6 0.000000 0.000000 8572.473680 0.000000 0.000000 0.000000 0.000000 0.000000 0.000000 0.000000 0.000000 0.000000
 1295 17 7 0.000000 0.000000 0.000000 0.000000 0.000000 0.000000 965.216256 0.000000 0.000000 0.000000 0.000000 0.000000
 1304 18 0 0.000000 2333.329701 0.000000 0.000000 888.584098 0.000000 0.000000 0.000000 0.000000 0.000000 0.000000 0.000000
 1313 18 1 4658.513542 0.000000 0.000000 0.000000 0.000000 2208.866869 0.000000 194.416490 0.000000 0.000000 0.000000 0.000000
 1322 18 2 2332.558958 0.000000 0.000000 0.000000 0.000000 0.000000 0.000000 0.000000 0.000000 0.000000 0.000000 0.000000
 1331 18 3 2347.949730 7545.906866 1023.931039 0.000000 0.000000 0.000000 0.000000 0.000000 0.000000 0.000000 0.000000 0.000000
 1340 18 4 0.000000 0.000000 0.000000 0.000000 0.000000 1757.791619 0.000000 0.000000 0.000000 0.000000 0.000000 0.000000
 1349 18 5 5862.099449 1024.500579 0.000000 0.000000 578.041098 0.000000 0.000000 0.000000 0.000000 0.000000 0.000000 0.000000
 1358 18 6 0.000000 0.000000 0.000000 0.000000 0.000000 0.000000 0.000000 0.000000 0.000000 0.000000 0.000000 0.000000
 1367 18 7 0.000000 0.000000 0.000000 0.000000 0.000000 0.000000 4913.115876 0.000000 0.000000 0.000000 0.000000 0.000000
 1376 19 0 0.000000 0.000000 0.000000 0.000000 0.000000 0.000000 0.000000 0.000000 0.000000 0.000000 0.000000 0.000000
 1385 19 1 3642.903972 0.000000 0.000000 0.000000 0.000000 0.000000 0.000000 0.000000 0.000000 0.000000 0.000000 0.000000
 1394 19 2 0.000000 6942.625961 0.000000 0.000000 0.000000 0.000000 0.000000 0.000000 0.000000 0.000000 404.681332 0.000000
 1403 19 3 0.000000 0.000000 1106.855485 0.000000 0.000000 0.000000 0.000000 0.000000 0.000000 0.000000 0.000000 0.000000
 1412 19 4 0.000000 0.000000 0.000000 679.436302 0.000000 2836.636799 0.000000 1038.943643 392.731863 0.000000 310.720755 0.000000
 1421 19 5 0.000000 0.000000 0.000000 0.000000 11010.070958 0.000000 0.000000 0.000000 0.000000 0.000000 0.000000 0.000000
 1430 19 6 2431.856635 0.000000 3327.663419 0.000000 0.000000 0.000000 0.000000 2392.631106 0.000000 0.000000 0.000000 0.000000
 1439 19 7 0.000000 0.000000 0.000000 0.000000 1910.982116 0.000000 0.000000 0.000000 0.000000 0.000000 0.000000 0.000000
 1448 20 0 0.000000 0.000000 0.000000 0.000000 0.000000 0.000000 0.000000 0.000000 0.000000 0.000000 0.000000 0.000000
 1457 20 1 1674.812386 0.000000 0.000000 0.000000 0.000000 3119.624469 0.000000 0.000000 0.000000 0.000000 0.000000 0.000000
 1466 20 2 0.000000 0.000000 0.000000 1460.800783 1760.047493 0.000000 0.000000 0.000000 0.000000 0.000000 0.000000 0.000000
 1475 20 3 0.000000 0.000000 6145.912877 0.000000 0.000000 1203.933452 0.000000 0.000000 0.000000 0.000000 367.883223 401.161456
 1484 20 4 0.000000 0.000000 565.228013 0.000000 0.000000 0.000000 0.000000 0.000000 0.000000 0.000000 0.000000 0.000000
 1493 20 5 0.000000 1806.762942 0.000000 1833.078142 0.000000 0.000000 934.177760 0.000000 0.000000 0.000000 3595.675391 0.000000
 1502 20 6 0.000000 0.000000 5429.611327 0.000000 0.000000 0.000000 0.000000 891.736398 0.000000 0.000000 0.000000 0.000000
 1511 20 7 0.000000 0.000000 0.000000 0.000000 0.000000 0.000000 0.000000 0.000000 0.000000 0.000000 0.000000 0.000000
 1520 21 0 0.000000 1392.959980 0.000000 0.000000 2363.967510 0.000000 0.000000 0.000000 0.000000 0.000000 0.000000 0.000000
 1529 21 1 1296.737641 0.000000 0.000000 0.000000 1623.799591 0.000000 0.000000 0.000000 0.000000 0.000000 0.000000 0.000000
 1538 21 2 0.000000 0.000000 0.000000 1912.445289 0.000000 0.000000 0.000000 0.000000 0.000000 0.000000 0.000000 0.000000
 1547 21 3 0.000000 0.000000 2661.991765 0.000000 0.000000 0.000000 0.000000 0.000000 0.000000 0.000000 0.000000 0.000000
 1556 21 4 0.000000 4238.328603 1157.466589 0.000000 0.000000 356.034045 0.000000 0.000000 0.000000 0.000000 549.090620 0.000000
 1565 21 5 0.000000 0.000000 0.000000 0.000000 700.802762 0.000000 2502.987692 0.000000 478.857275 0.000000 0.000000 0.000000
 1574 21 6 0.000000 1419.106064 2923.014885 1038.691142 0.000000 0.000000 0.000000 3070.990973 0.000000 0.000000 264.670481 0.000000
 1583 21 7 0.000000 0.000000 0.000000 0.000000 0.000000 0.000000 8559.372714 0.000000 0.000000 0.000000 0.000000 0.000000
 1592 22 0 0.000000 2438.592158 0.000000 0.000000 0.000000 0.000000 0.000000 0.000000 0.000000 0.000000 0.000000 0.000000
 1601 22 1 880.350374 0.000000 0.000000 0.000000 0.000000 0.000000 0.000000 0.000000 0.000000 0.000000 0.000000 0.000000
 1610 22 2 0.000000 0.000000 0.000000 3632.698130 0.000000 0.000000 0.000000 0.000000 0.000000 0.000000 0.000000 0.000000
 1619 22 3 0.000000 0.000000 6806.211451 0.000000 0.000000 0.000000 0.000000 0.000000 0.000000 0.000000 0.000000 0.000000
 1628 22 4 0.000000 0.000000 0.000000 0.000000 0.000000 7720.414428 0.000000 0.000000 0.000000 0.000000 0.000000 0.000000
 1637 22 5 0.000000 0.000000 0.000000 1094.527032 7711.191780 0.000000 0.000000 1338.111592 0.000000 0.000000 2627.266162 429.587905
 1646 22 6 0.000000 0.000000 3033.159253 0.000000 0.000000 0.000000 0.000000 1980.871313 0.000000 0.000000 0.000000 0.000000
 1655 22 7 0.000000 0.000000 0.000000 0.000000 1159.701994 0.000000 3410.708651 0.000000 0.000000 0.000000 0.000000 0.000000
 1664 23 0 0.000000 4332.156349 0.000000 769.244813 0.000000 0.000000 1269.422759 808.848950 0.000000 0.000000 0.000000 3382.134533
 1673 23 1 679.592429 0.000000 0.000000 0.000000 0.000000 237.944073 1619.938257 0.000000 0.000000 0.000000 0.000000 0.000000
 1682 23 2 0.000000 0.000000 0.000000 0.000000 0.000000 0.000000 0.000000 0.000000 0.000000 0.000000 0.000000 0.000000
 1691 23 3 847.707857 0.000000 5990.382486 0.000000 0.000000 0.000000 0.000000 0.000000 0.000000 0.000000 0.000000 0.000000
 1700 23 4 101.963065 0.000000 5755.030125 0.000000 0.000000 0.000000 0.000000 0.000000 0.000000 0.000000 0.000000 0.000000
 1709 23 5 0.000000 0.000000 0.000000 56.297326 0.000000 0.000000 0.000000 0.000000 0.000000 397.587161 0.000000 0.000000
 1718 23 6 0.000000 447.334082 684.286011 0.000000 0.000000 0.000000 0.000000 0.000000 0.000000 0.000000 0.000000 0.000000
 1727 23 7 1157.236658 0.000000 0.000000 0.000000 0.000000 0.000000 0.000000 0.000000 0.000000 0.000000 0.000000 0.000000
 1736 24 0 0.000000 0.000000 0.000000 0.000000 0.000000 0.000000 0.000000 0.000000 0.000000 0.000000 0.000000 0.000000
 1745 24 1 0.000000 0.000000 0.000000 0.000000 1082.090003 0.000000 0.000000 1891.214553 0.000000 0.000000 0.000000 59.091388
 1754 24 2 0.000000 0.000000 0.000000 1601.088335 5573.396596 0.000000 0.000000 0.000000 0.000000 0.000000 0.000000 0.000000
 1763 24 3 0.000000 0.000000 0.000000 0.000000 0.000000 2059.442066 0.000000 0.000000 0.000000 0.000000 0.000000 0.000000
 1772 24 4 0.000000 0.000000 2099.198270 0.000000 0.000000 0.000000 554.340844 0.000000 0.000000 0.000000 0.000000 0.000000
 1781 24 5 0.000000 0.000000 0.000000 0.000000 8884.390899 0.000000 0.000000 0.000000 0.000000 0.000000 0.000000 0.000000
 1790 24 6 0.000000 0.000000 272.012138 0.000000 0.000000 0.000000 0.000000 2313.938013 0.000000 0.000000 0.000000 0.000000
 1799 24 7 0.000000 0.000000 0.000000 0.000000 3273.624183 0.000000 1754.318097 0.000000 0.000000 0.000000 0.000000 0.000000
 1808 25 0 0.000000 3865.319858 0.000000 0.000000 0.000000 0.000000 0.000000 0.000000 0.000000 0.000000 0.000000 5718.429729
 1817 25 1 5630.121054 0.000000 0.000000 2783.454036 0.000000 0.000000 0.000000 0.000000 0.000000 0.000000 0.000000 0.000000
 1826 25 2 0.000000 0.000000 0.000000 640.841078 2018.209252 1690.272030 0.000000 0.000000 0.000000 0.000000 0.000000 0.000000
 1835 25 3 0.000000 0.000000 581.784979 0.000000 0.000000 0.000000 0.000000 0.000000 0.000000 0.000000 0.000000 0.000000
 1844 25 4 0.000000 0.000000 3899.000847 0.000000 0.000000 0.000000 0.000000 0.000000 0.000000 0.000000 0.000000 0.000000
 1853 25 5 0.000000 0.000000 2591.269542 0.000000 3067.109105 0.000000 0.000000 0.000000 0.000000 0.000000 0.000000 0.000000
 1862 25 6 0.000000 0.000000 0.000000 0.000000 0.000000 0.000000 0.000000 0.000000 0.000000 0.000000 0.000000 0.000000
 1871 25 7 0.000000 0.000000 1515.821296 0.000000 0.000000 0.000000 1435.283906 0.000000 0.000000 0.000000 0.000000 0.000000
 1880 26 0 0.000000 0.000000 0.000000 0.000000 0.000000 0.000000 0.000000 0.000000 0.000000 0.000000 0.000000 0.000000
 1889 26 1 808.156629 0.000000 92.289837 1147.922490 0.000000 0.000000 0.000000 0.000000 0.000000 0.000000 0.000000 0.000000
 1898 26 2 0.000000 0.000000 0.000000 0.000000 0.000000 0.000000 0.000000 0.000000 0.000000 0.000000 0.000000 0.000000
 1907 26 3 0.000000 0.000000 8924.279232 0.000000 0.000000 0.000000 0.000000 0.000000 717.366826 0.000000 0.000000 0.000000
 1916 26 4 0.000000 0.000000 0.000000 0.000000 0.000000 0.000000 0.000000 0.000000 0.000000 0.000000 0.000000 0.000000
 1925 26 5 0.000000 0.000000 0.000000 2880.610062 0.000000 0.000000 0.000000 0.000000 0.000000 0.000000 0.000000 0.000000
 1934 26 6 0.000000 0.000000 2151.306509 0.000000 0.000000 0.000000 0.000000 252.719181 0.000000 0.000000 0.000000 0.000000
 1943 26 7 0.000000 0.000000 0.000000 0.000000 0.000000 0.000000 2075.517371 0.000000 0.000000 0.000000 0.000000 0.000000
 1952 27 0 0.000000 0.000000 3275.639368 0.000000 0.000000 0.000000 3610.663850 0.000000 0.000000 0.000000 0.000000 0.000000
 1961 27 1 538.230001 0.000000 0.000000 0.000000 0.000000 0.000000 0.000000 0.000000 0.000000 0.000000 0.000000 0.000000
 1970 27 2 519.330990 0.000000 0.000000 0.000000 0.000000 0.000000 5.412569 0.000000 0.000000 0.000000 0.000000 3737.702479
 1979 27 3 0.000000 0.000000 271.777912 0.000000 0.000000 0.000000 0.000000 0.000000 0.000000 0.000000 0.000000 0.000000
 1988 27 4 0.000000 0.000000 3262.165442 0.000000 0.000000 9811.925396 2999.776448 1195.283590 0.000000 0.000000 0.000000 768.422104
 1997 27 5 0.000000 0.000000 0.000000 0.000000 2952.031452 0.000000 0.000000 0.000000 0.000000 0.000000 0.000000 0.000000
 2006 27 6 3223.954473 0.000000 0.000000 0.000000 0.000000 0.000000 0.000000 0.000000 0.000000 0.000000 0.000000 0.000000
 2015 27 7 0.000000 0.000000 0.000000 1055.847622 0.000000 0.000000 6634.024650 0.000000 0.000000 0.000000 0.000000 0.000000
 2024 28 0 0.000000 0.000000 0.000000 0.000000 0.000000 2550.846522 0.000000 0.000000 0.000000 0.000000 0.000000 0.000000
 2033 28 1 0.000000 0.000000 0.000000 0.000000 0.000000 0.000000 0.000000 0.000000 0.000000 0.000000 0.000000 0.000000
 2042 28 2 0.000000 0.000000 0.000000 0.000000 265.911681 0.000000 0.000000 0.000000 0.000000 0.000000 0.000000 0.000000
 2051 28 3 0.000000 0.000000 0.000000 0.000000 0.000000 0.000000 0.000000 0.000000 0.000000 0.000000 0.000000 3031.796532
 2060 28 4 0.000000 0.000000 0.000000 2529.374640 0.000000 0.000000 1459.895487 0.000000 0.000000 0.000000 0.000000 0.000000
 2069 28 5 0.000000 0.000000 0.000000 0.000000 9236.525469 0.000000 0.000000 967.916903 0.000000 0.000000 0.000000 2272.512258
 2078 28 6 0.000000 0.000000 0.000000 0.000000 0.000000 0.000000 0.000000 1277.609710 0.000000 0.000000 0.000000 0.000000
 2087 28 7 0.000000 0.000000 0.000000 0.000000 0.000000 0.000000 2270.819898 0.000000 0.000000 0.000000 0.000000 0.000000
 2096 29 0 0.000000 0.000000 0.000000 0.000000 1540.808491 0.000000 0.000000 0.000000 0.000000 0.000000 0.000000 0.000000
 2105 29 1 0.000000 0.000000 0.000000 0.000000 2461.801202 0.000000 0.000000 0.000000 0.000000 0.000000 0.000000 0.000000
 2114 29 2 0.000000 0.000000 0.000000 0.000000 0.000000 0.000000 1998.949812 0.000000 0.000000 0.000000 0.000000 0.000000
 2123 29 3 0.000000 0.000000 3933.500721 0.000000 0.000000 1443.598672 0.000000 0.000000 0.000000 0.000000 0.000000 0.000000
 2132 29 4 0.000000 0.000000 1147.274256 0.000000 0.000000 0.000000 2544.379754 0.000000 0.000000 0.000000 0.000000 0.000000
 2141 29 5 0.000000 0.000000 0.000000 384.223880 2331.670337 0.000000 0.000000 0.000000 0.000000 0.000000 0.000000 0.000000
 2150 29 6 0.000000 0.000000 3175.070405 2430.237852 0.000000 853.087691 0.000000 6834.602530 0.000000 385.373264 0.000000 1267.001274
 2159 29 7 0.000000 0.000000 0.000000 0.000000 0.000000 0.000000 11382.492913 0.000000 0.000000 0.000000 0.000000 0.000000
 2168 30 0 0.000000 1961.680755 0.000000 0.000000 0.000000 0.000000 0.000000 0.000000 0.000000 0.000000 0.000000 0.000000
 2177 30 1 6217.877853 0.000000 0.000000 0.000000 0.000000 0.000000 0.000000 1049.012998 0.000000 0.000000 0.000000 0.000000
 2186 30 2 0.000000 0.000000 0.000000 517.290279 0.000000 0.000000 0.000000 0.000000 0.000000 0.000000 0.000000 354.840153
 2195 30 3 0.000000 0.000000 0.000000 0.000000 0.000000 0.000000 0.000000 0.000000 0.000000 0.000000 0.000000 0.000000
 2204 30 4 0.000000 0.000000 270.992837 0.000000 0.000000 2295.071178 0.000000 0.000000 0.000000 0.000000 0.000000 0.000000
 2213 30 5 3421.404433 0.000000 0.000000 2944.199582 3267.718629 0.000000 0.000000 0.000000 1287.516288 0.000000 0.000000 710.418178
 2222 30 6 0.000000 0.000000 591.598895 0.000000 0.000000 0.000000 0.000000 0.000000 0.000000 0.000000 0.000000 0.000000
 2231 30 7 0.000000 0.000000 0.000000 0.000000 0.000000 964.654091 730.529620 0.000000 0.000000 0.000000 0.000000 383.920794
 2240 31 0 0.000000 1067.098300 0.000000 0.000000 0.000000 0.000000 3349.208727 0.000000 0.000000 0.000000 0.000000 0.000000
 2249 31 1 2733.588119 0.000000 0.000000 0.000000 0.000000 0.000000 0.000000 0.000000 0.000000 0.000000 0.000000 0.000000
 2258 31 2 0.000000 0.000000 0.000000 0.000000 0.000000 0.000000 0.000000 0.000000 0.000000 0.000000 0.000000 0.000000
 2267 31 3 0.000000 0.000000 0.000000 0.000000 0.000000 0.000000 0.000000 0.000000 0.000000 0.000000 0.000000 0.000000
 2276 31 4 0.000000 0.000000 0.000000 0.000000 0.000000 0.000000 0.000000 0.000000 0.000000 0.000000 0.000000 0.000000
 2285 31 5 0.000000 0.000000 0.000000 0.000000 0.000000 0.000000 0.000000 0.000000 0.000000 0.000000 0.000000 0.000000
 2294 31 6 0.000000 0.000000 0.000000 0.000000 0.000000 0.000000 0.000000 0.000000 0.000000 0.000000 0.000000 0.000000
 2303 31 7 0.000000 0.000000 0.000000 0.000000 0.000000 0.000000 0.000000 0.000000 0.000000 0.000000 0.000000 0.000000
 2312 32 0 0.000000 0.000000 0.000000 0.000000 0.000000 0.000000 0.000000 0.000000 0.000000 0.000000 0.000000 0.000000
 2321 32 1 0.000000 0.000000 0.000000 0.000000 0.000000 0.000000 0.000000 0.000000 0.000000 0.000000 0.000000 0.000000
 2330 32 2 0.000000 0.000000 0.000000 0.000000 0.000000 0.000000 0.000000 0.000000 0.000000 0.000000 0.000000 0.000000
 2339 32 3 0.000000 0.000000 0.000000 0.000000 0.000000 0.000000 0.000000 0.000000 0.000000 0.000000 0.000000 0.000000
 2348 32 4 0.000000 0.000000 0.000000 0.000000 0.000000 0.000000 0.000000 0.000000 0.000000 0.000000 0.000000 0.000000
 2357 32 5 0.000000 0.000000 0.000000 0.000000 0.000000 0.000000 0.000000 0.000000 0.000000 0.000000 0.000000 0.000000
 2366 32 6 0.000000 0.000000 0.000000 0.000000 0.000000 0.000000 0.000000 0.000000 0.000000 0.000000 0.000000 0.000000
 2375 32 7 0.000000 0.000000 0.000000 0.000000 0.000000 0.000000 0.000000 0.000000 0.000000 0.000000 0.000000 0.000000