# Format <LP id> <Terminal ID> <Rail ID> <Total Data Size> <Avg packet latency> <# Flits/Packets finished> <Avg hops> <Busy Time>
54 0 0 586315656 2052466698.954672 1220431 2.368793 4046667.144858
55 1 0 644182688 3762275481.271764 1342622 2.438768 4115605.493073
56 2 0 553374304 2044903276.705813 1148268 2.151658 3809631.612910
57 3 0 605469088 3428635728.142287 1259536 2.258459 4585442.763438
115 4 0 611278912 2230529209.034423 1262372 2.354786 3365911.635745
116 5 0 655949728 5601427381.856719 1351783 2.404234 4146928.620872
117 6 0 518047104 1260524812.063521 1066488 2.004317 2892258.964901
118 7 0 518388608 1873646253.942647 1067344 2.001315 3665769.737743
176 8 0 593732272 1823765126.678255 1222750 2.057852 4174747.010927
177 9 0 563197528 1429329209.166841 1159039 2.040415 4058849.268587
178 10 0 668917360 7008727934.516270 1373951 2.444439 4322469.032682
179 11 0 627864408 4898502903.883381 1288792 2.353072 3331856.917794
237 12 0 648835800 4824491053.207769 1335545 2.558826 2840900.806414
238 13 0 610689064 2476031162.911357 1259443 2.662354 2865853.389717
239 14 0 551854096 1538876620.065456 1136092 2.281335 2355888.485862
240 15 0 551874696 1577323410.427416 1135900 2.401785 2397672.685474
298 16 0 581900008 2022717213.028513 1199955 2.466180 9512396.508809
299 17 0 699493832 8306399016.594027 1439093 2.738862 9166931.751258
300 18 0 539348432 1755486161.893107 1111837 2.210523 9194526.559709
301 19 0 646603632 6511735307.642640 1330474 2.343984 8479825.149542
359 20 0 515635816 1642827195.091312 1060139 2.039292 7789623.582763
360 21 0 553135408 2294973722.164509 1139952 2.330947 7552438.526645
361 22 0 524265600 1519336488.009155 1081273 2.097368 6718056.963146
362 23 0 593238224 2749910719.958586 1224333 2.262472 6478543.287795
420 24 0 706816416 14427399595.684700 1452492 2.546729 7641158.310968
421 25 0 695559320 14015885435.873602 1430182 2.462277 7859954.665227
422 26 0 656005272 10515575126.694073 1347767 2.320617 6791601.151363
423 27 0 663053128 13601488990.935394 1361742 2.357210 7554051.417297
481 28 0 665542872 7115581050.585329 1369942 2.544378 6276970.231480
482 29 0 595755496 5612391026.257387 1225691 2.670958 8215264.096741
483 30 0 638784160 8929852221.651144 1312889 2.561084 6844678.761701
484 31 0 547769744 2199073900.985116 1126561 2.313624 5871219.859997
542 32 0 693455816 9781515531.805664 1425899 3.007560 5264766.159622
543 33 0 628047296 2812261730.525458 1294275 2.482448 4982075.930800
544 34 0 590784072 3847999464.354882 1214619 2.373255 5502679.771196
545 35 0 538436240 1802626767.138718 1108853 2.088671 5417519.151895
603 36 0 601616832 1999863798.327123 1237590 2.206784 4347200.665101
604 37 0 577998800 2404598450.076945 1188388 2.102554 4769346.154626
605 38 0 630402984 4552538638.550327 1297665 2.400081 3528917.317256
606 39 0 596606744 2945318360.279096 1228016 2.214175 3212941.010906
664 40 0 642080872 4072534967.932873 1322189 2.269121 3908357.864514
665 41 0 593812840 1578816804.070561 1223755 2.339691 4847057.620175
666 42 0 553829848 1451543168.131860 1142412 2.183620 5166266.230863
667 43 0 535063864 1411205664.013641 1102574 2.252417 5108811.329072
725 44 0 550578008 1604448410.152719 1138317 2.477195 4793251.851745
726 45 0 740817480 11884540759.126675 1522858 2.764309 2359913.298502
727 46 0 484210200 1490235163.912027 997424 1.946548 3819416.703842
728 47 0 526946800 1937764707.640793 1089626 2.382439 4120895.429100
786 48 0 507667376 1531628285.098706 1044771 2.036591 9222534.270398
787 49 0 545795552 2036669145.923497 1126122 2.149007 9955516.261999
788 50 0 509997384 1565797329.061062 1052952 2.309974 9064153.663527
789 51 0 578700696 3355285718.383796 1195059 2.323120 8750064.609689
847 52 0 799893584 21798606193.146328 1638520 2.909178 5170560.108915
848 53 0 788645720 15908258930.678921 1616258 2.517440 4897621.701809
849 54 0 516666472 1440593101.597651 1066848 2.121326 5506798.704483
850 55 0 513439616 1417786203.872371 1060524 1.870843 6255231.779178
908 56 0 592959616 2061880079.386959 1224224 2.129284 6622905.252796
909 57 0 558020528 1573481480.550438 1149919 2.045566 7467047.086682
910 58 0 781175112 18181758984.457268 1599514 2.612066 5985637.210207
911 59 0 674611064 12664064785.706711 1384627 2.544657 6145524.113122
969 60 0 797483728 15549639561.042217 1637056 2.722408 7724041.523070
970 61 0 702365344 10677804919.719181 1444813 2.851991 9038906.251689
971 62 0 583459568 1604542788.435239 1204438 2.178942 8376362.076215
972 63 0 563661680 1494119188.823591 1161726 2.276029 8120589.225255
1030 64 0 580624176 1902119808.423548 1194268 2.577726 5153822.349418
1031 65 0 567059400 1498202305.201779 1165584 2.308647 5258702.731064
1032 66 0 630626744 4710834819.265791 1298061 2.679955 4508058.953278
1033 67 0 579234344 1705607645.407974 1194295 2.446284 4962575.085781
1091 68 0 602295136 2234881895.197072 1243540 2.427796 5931379.430660
1092 69 0 613928848 5300502517.997506 1262058 2.568315 6298665.602650
1093 70 0 538804784 1458468917.812338 1109606 2.240408 5241724.113697
1094 71 0 549735112 4782799149.845575 1127497 2.452664 5367838.275587
1152 72 0 572488840 1640193263.598027 1183645 2.204054 5678881.184574
1153 73 0 870786376 35239217316.035942 1779562 2.965003 4729808.600883
1154 74 0 528580272 1312583398.212481 1093502 1.935976 6213819.694601
1155 75 0 828147248 33447930094.850868 1690712 2.707872 5219783.200183
1213 76 0 516648704 1161329775.003556 1064364 2.011832 8299004.740513
1214 77 0 566240896 1941732079.708611 1171292 2.464113 8341454.869158
1215 78 0 517882240 1293645853.121459 1070748 2.028769 6432533.346992
1216 79 0 701065824 13500811894.745106 1440216 2.574757 5379961.457483
1274 80 0 573182216 1753710383.586120 1183435 2.519791 8297627.965210
1275 81 0 690776040 10229973312.759445 1422573 2.862992 8667086.392043
1276 82 0 523486032 1421565356.890774 1079997 2.190148 8278392.658244
1277 83 0 630741232 6189918386.658117 1298634 2.382134 7075293.095568
1335 84 0 563906584 2589435082.051463 1159320 2.083007 8658029.949217
1336 85 0 612498416 4292931171.218120 1262762 2.352543 9263728.534056
1337 86 0 541521272 1821688099.392121 1116213 2.025041 7237028.674824
1338 87 0 628281464 6111827536.634655 1295581 2.305255 7669157.826547
1396 88 0 895854336 49948999539.218872 1822443 3.131305 4453493.142728
1397 89 0 905448240 44809401345.938957 1844183 3.020330 3971983.300207
1398 90 0 766755832 38848203763.957489 1559212 2.874889 3512001.983731
1399 91 0 786298008 35118853453.818344 1600100 2.801972 3527629.173024
1457 92 0 1079815400 84036168890.426437 2191681 3.259447 2688804.918409
1458 93 0 998399128 71809923070.194580 2028987 3.442360 4654137.163040
1459 94 0 1007252824 71577338176.978241 2044474 3.246773 3478220.820911
1460 95 0 923182264 70204485895.392075 1876519 3.322279 4492132.537912
1518 96 0 909289168 40002881865.590836 1855604 3.267667 4896253.678871
1519 97 0 656009824 9924523863.843430 1349618 2.705334 7546361.618240
1520 98 0 805209720 24316338666.048744 1646322 2.832996 6677499.854553
1521 99 0 543564936 1862949247.453292 1123771 2.159946 7725101.243938
1579 100 0 561448224 1734692653.808709 1161016 2.211170 8340470.926331
1580 101 0 559936296 1888394298.104227 1158055 1.968878 8675472.734244
1581 102 0 784387912 24264725686.449554 1604404 2.908400 5928421.266364
1582 103 0 790110744 30110039566.898304 1615726 2.688333 7060094.155162
1640 104 0 767272048 17398156563.898155 1575812 2.469248 6803230.895937
1641 105 0 582840432 1667910165.140430 1205178 2.121409 9634695.461310
1642 106 0 552159824 1805341041.758180 1141394 2.104001 9862593.648641
1643 107 0 512564048 1381217258.540128 1055970 1.993704 9997841.271482
1701 108 0 763057392 29284074992.455761 1562414 3.117309 10346424.915710
1702 109 0 736281048 20612270324.064159 1507773 2.960103 9129013.341961
1703 110 0 750677000 24973182097.884556 1538833 3.164591 8599685.998021
1704 111 0 735793552 26001271221.436295 1507094 3.165589 9286556.442797
1762 112 0 715134872 9858474961.312832 1470678 2.900953 9544538.216898
1763 113 0 611001976 2656995921.028004 1260235 2.537654 9224352.052074
1764 114 0 675608472 9745083265.785053 1388522 2.591416 9116095.645930
1765 115 0 578552872 2282791823.495849 1193279 2.290862 9428342.893064
1823 116 0 626833536 2988703880.228334 1293838 2.267123 10044467.440148
1824 117 0 592072384 2208917144.206315 1219962 2.132130 9814647.143442
1825 118 0 669768640 9527538178.022831 1375716 2.670826 8621901.129196
1826 119 0 642066080 7685709444.883680 1316968 2.436026 8982960.958241
1884 120 0 655928864 6044220772.274359 1351719 2.368662 9505558.153078
1885 121 0 611257024 2879050952.700935 1262292 2.156244 9558899.222148
1886 122 0 518349184 1751726996.770311 1067264 2.219179 8762603.141861
1887 123 0 518007680 1572127130.394328 1066408 2.036665 8740569.856779
1945 124 0 536177984 1344143834.717878 1104534 1.955954 8460519.605444
1946 125 0 481627240 1136727771.107922 989255 1.890312 8545235.306472
1947 126 0 548892864 2053352873.230377 1134792 1.929053 7884404.114911
1948 127 0 500014528 1382455168.799307 1030660 1.851142 8186236.485880
